0 0.768642 0.620103 0.768642 0.629897 0.814532 0.630412 0.814532 0.781443 0.826641 0.781443 0.826641 0.620103
0 0.826641 0.821134 0.814532 0.821134 0.813894 0.861340 0.674315 0.860825 0.674315 0.630412 0.718292 0.629897 0.718292 0.620103 0.662205 0.620103 0.661568 0.865979 0.337157 0.865979 0.337157 0.869072 0.661568 0.869072 0.662205 0.871134 0.826641 0.871134
0 0.507330 0.466495 0.499681 0.466495 0.499044 0.540206 0.308477 0.540206 0.307839 0.517010 0.290631 0.517010 0.290631 0.554124 0.509879 0.554124 0.509879 0.540206 0.507330 0.539691
0 0.559592 0.540206 0.559592 0.554124 0.826641 0.554124 0.826641 0.517526 0.809433 0.517526 0.808795 0.540206 0.610580 0.540206 0.609943 0.457732 0.602294 0.457732 0.602294 0.539691
0 0.290631 0.388144 0.290631 0.445361 0.307839 0.445361 0.308477 0.426289 0.499044 0.426289 0.499681 0.429381 0.507330 0.429381 0.507330 0.420619 0.308477 0.420619 0.307839 0.388144
0 0.826641 0.317010 0.809433 0.317010 0.808795 0.355670 0.610580 0.355670 0.609943 0.317526 0.602294 0.317526 0.602294 0.374227 0.609943 0.374227 0.610580 0.361340 0.704908 0.361856 0.704270 0.412371 0.610580 0.412371 0.609943 0.411340 0.602294 0.411340 0.602294 0.420619 0.609943 0.420619 0.610580 0.418041 0.743149 0.418041 0.743149 0.412371 0.711281 0.411856 0.711281 0.361856 0.808795 0.361340 0.809433 0.411856 0.777565 0.412371 0.777565 0.418041 0.808795 0.418041 0.809433 0.445361 0.826641 0.445361
0 0.290631 0.306186 0.290631 0.350515 0.307839 0.350515 0.307839 0.306186
0 0.826641 0.264433 0.809433 0.264433 0.808795 0.272165 0.761632 0.272165 0.761632 0.277320 0.808795 0.277320 0.809433 0.279897 0.826641 0.279897
0 0.290631 0.212887 0.290631 0.216495 0.307839 0.216495 0.307839 0.212887
0 0.826641 0.154639 0.809433 0.154639 0.808795 0.193814 0.610580 0.193814 0.609943 0.190722 0.602294 0.190722 0.602294 0.280928 0.609943 0.280928 0.610580 0.277320 0.715105 0.277320 0.715105 0.272165 0.694073 0.271649 0.694710 0.270619 0.700446 0.270103 0.610580 0.270619 0.610580 0.200000 0.691523 0.200000 0.692161 0.236598 0.700446 0.236598 0.701083 0.202577 0.754621 0.202577 0.755258 0.198969 0.808795 0.198969 0.809433 0.224227 0.826641 0.224227
0 0.290631 0.102062 0.290631 0.123196 0.307839 0.123196 0.307839 0.102062
0 0.562141 0.034021 0.562141 0.047938 0.602294 0.048454 0.602294 0.153093 0.609943 0.153093 0.610580 0.047938 0.808795 0.047938 0.809433 0.082990 0.826641 0.082990 0.826641 0.034021
0 0.290631 0.034021 0.290631 0.056701 0.307839 0.056701 0.308477 0.047938 0.506692 0.047938 0.506692 0.034021
1 0.718929 0.620103 0.718929 0.629897 0.768005 0.629897 0.768005 0.620103
1 0.510516 0.540206 0.510516 0.554124 0.558955 0.554124 0.558955 0.540206
1 0.499681 0.429897 0.499681 0.465979 0.507330 0.465979 0.507330 0.429897
1 0.602294 0.421134 0.602294 0.457216 0.609943 0.457216 0.609943 0.421134
1 0.743786 0.412371 0.743786 0.418041 0.776928 0.418041 0.776928 0.412371
1 0.602294 0.374742 0.602294 0.410825 0.609943 0.410825 0.609943 0.374742
1 0.290631 0.351031 0.290631 0.387629 0.307839 0.387629 0.307839 0.351031
1 0.602294 0.281443 0.602294 0.317010 0.609943 0.317010 0.609943 0.281443
1 0.809433 0.280412 0.809433 0.316495 0.826641 0.316495 0.826641 0.280412
1 0.715743 0.272165 0.715743 0.277320 0.760994 0.277320 0.760994 0.272165
1 0.692161 0.237113 0.692161 0.269588 0.700446 0.269588 0.700446 0.237113
1 0.602294 0.153608 0.602294 0.190206 0.609943 0.190206 0.609943 0.153608
2 0.814532 0.781959 0.814532 0.820619 0.826641 0.820619 0.826641 0.781959
2 0.809433 0.445876 0.809433 0.517010 0.826641 0.517010 0.826641 0.445876
2 0.290631 0.445876 0.290631 0.516495 0.307839 0.516495 0.307839 0.445876
2 0.809433 0.224742 0.809433 0.263918 0.826641 0.263918 0.826641 0.224742
2 0.290631 0.217010 0.290631 0.305670 0.307839 0.305670 0.307839 0.217010
2 0.290631 0.123711 0.290631 0.212371 0.307839 0.212371 0.307839 0.123711
2 0.809433 0.083505 0.809433 0.154124 0.826641 0.154124 0.826641 0.083505
2 0.290631 0.057216 0.290631 0.101546 0.307839 0.101546 0.307839 0.057216
2 0.507330 0.034021 0.507330 0.047938 0.561504 0.047938 0.561504 0.034021
