0 0.621915 0.556208 0.613031 0.556208 0.613031 0.640101 0.537019 0.640520 0.537019 0.654362 0.624877 0.654362 0.624877 0.640520 0.621915 0.640101
0 0.440276 0.556208 0.431392 0.556208 0.431392 0.640101 0.323791 0.640520 0.323791 0.654362 0.444225 0.654362 0.444225 0.640520 0.440276 0.640101
0 0.061204 0.538591 0.061204 0.654362 0.200395 0.654362 0.200395 0.640520 0.093781 0.640101 0.093781 0.538591
0 0.061204 0.379614 0.061204 0.520554 0.093781 0.520554 0.094768 0.516359 0.142152 0.516359 0.142152 0.512584 0.093781 0.512164 0.094768 0.455117 0.271471 0.455537 0.271471 0.512164 0.226061 0.512584 0.226061 0.516359 0.430405 0.516359 0.431392 0.519715 0.440276 0.519715 0.440276 0.508809 0.431392 0.508809 0.430405 0.512584 0.281343 0.512584 0.280355 0.455537 0.430405 0.455117 0.431392 0.473154 0.440276 0.473154 0.440276 0.455537 0.479763 0.455117 0.479763 0.451342 0.094768 0.451342 0.093781 0.379614
0 0.336624 0.348574 0.336624 0.358221 0.477789 0.358221 0.477789 0.348574
0 0.558736 0.195889 0.558736 0.210151 0.664363 0.210570 0.664363 0.275168 0.673248 0.275168 0.673248 0.210570 0.758144 0.210151 0.758144 0.195889
0 0.459033 0.195889 0.459033 0.210151 0.471866 0.210151 0.471866 0.195889
0 0.306022 0.195889 0.306022 0.210151 0.316881 0.210151 0.316881 0.195889
0 0.067127 0.134648 0.067127 0.195470 0.061204 0.195889 0.061204 0.335570 0.093781 0.335570 0.093781 0.210570 0.162883 0.210151 0.162883 0.195889 0.073050 0.195470 0.073050 0.134648
0 0.961500 0.010906 0.961500 0.195470 0.860809 0.195889 0.860809 0.210151 0.954590 0.210570 0.954590 0.365772 0.674235 0.366191 0.673248 0.328020 0.664363 0.328020 0.664363 0.365772 0.613031 0.366191 0.613031 0.409815 0.621915 0.409815 0.622902 0.369966 0.954590 0.370386 0.954590 0.433725 0.834156 0.434144 0.793682 0.451342 0.823297 0.438758 0.830207 0.441275 0.838105 0.437919 0.953603 0.437919 0.954590 0.512164 0.763080 0.512584 0.762093 0.470218 0.769003 0.467282 0.763080 0.464765 0.753208 0.468960 0.752221 0.512584 0.622902 0.512584 0.621915 0.445889 0.613031 0.445889 0.613031 0.519715 0.621915 0.519715 0.622902 0.516359 0.954590 0.516779 0.954590 0.640101 0.708786 0.640520 0.708786 0.654362 0.716683 0.654782 0.716683 0.681208 0.749260 0.681208 0.750247 0.651846 0.953603 0.651846 0.954590 0.725671 0.750247 0.726091 0.749260 0.718121 0.716683 0.718121 0.715696 0.726091 0.639684 0.726091 0.639684 0.782718 0.665350 0.782718 0.666338 0.739933 0.965449 0.740352 0.965449 0.985319 0.971372 0.985319 0.971372 0.740352 0.983218 0.739933 0.983218 0.195889 0.973346 0.195470 0.973346 0.010906
1 0.716683 0.681628 0.716683 0.717701 0.749260 0.717701 0.749260 0.681628
1 0.445212 0.640520 0.445212 0.654362 0.536032 0.654362 0.536032 0.640520
1 0.613031 0.520134 0.613031 0.555789 0.621915 0.555789 0.621915 0.520134
1 0.431392 0.520134 0.431392 0.555789 0.440276 0.555789 0.440276 0.520134
1 0.143139 0.512584 0.143139 0.516359 0.225074 0.516359 0.225074 0.512584
1 0.431392 0.473574 0.431392 0.508389 0.440276 0.508389 0.440276 0.473574
1 0.823297 0.439178 0.764067 0.464346 0.769990 0.466862 0.829220 0.441695
1 0.613031 0.410235 0.613031 0.445470 0.621915 0.445470 0.621915 0.410235
1 0.664363 0.275587 0.664363 0.327601 0.673248 0.327601 0.673248 0.275587
1 0.472853 0.195889 0.472853 0.210151 0.557749 0.210151 0.557749 0.195889
2 0.625864 0.640520 0.625864 0.654362 0.707799 0.654362 0.707799 0.640520
2 0.201382 0.640520 0.201382 0.654362 0.322804 0.654362 0.322804 0.640520
2 0.061204 0.520973 0.061204 0.538171 0.093781 0.538171 0.093781 0.520973
2 0.061204 0.335990 0.061204 0.379195 0.093781 0.379195 0.093781 0.335990
2 0.759131 0.195889 0.759131 0.210151 0.859822 0.210151 0.859822 0.195889
2 0.317868 0.195889 0.317868 0.210151 0.458045 0.210151 0.458045 0.195889
2 0.163870 0.195889 0.163870 0.210151 0.305035 0.210151 0.305035 0.195889
