0 0.535439 0.775000 0.449871 0.775000 0.449871 0.794565 0.462725 0.795109 0.462358 0.869565 0.378259 0.869565 0.378259 0.874457 0.466030 0.874457 0.466397 0.794565 0.535439 0.794565
0 0.310320 0.775000 0.310320 0.794565 0.314359 0.794565 0.314359 0.775000
0 0.098054 0.678804 0.098054 0.794565 0.158281 0.794565 0.158281 0.775000 0.111274 0.774457 0.111274 0.678804
0 0.310320 0.670109 0.310320 0.675000 0.315828 0.675000 0.315828 0.670109
0 0.604113 0.633696 0.604113 0.774457 0.582079 0.775000 0.582079 0.794565 0.654058 0.794565 0.654058 0.775000 0.607418 0.774457 0.607418 0.633696
0 0.860081 0.755978 0.813074 0.755978 0.812707 0.738043 0.799486 0.738043 0.799119 0.775000 0.735953 0.775000 0.735586 0.680978 0.799119 0.680435 0.799486 0.688587 0.812707 0.688587 0.812707 0.632065 0.799486 0.632065 0.799119 0.675000 0.735953 0.675000 0.735586 0.641304 0.731913 0.641304 0.731913 0.774457 0.700331 0.775000 0.700331 0.794565 0.812707 0.794565 0.813074 0.760870 0.860081 0.760870
0 0.355858 0.617935 0.355858 0.669565 0.352185 0.670109 0.352185 0.675000 0.355858 0.675543 0.355858 0.774457 0.351451 0.775000 0.351451 0.794565 0.380830 0.794565 0.380830 0.775000 0.359163 0.774457 0.359163 0.617935
0 0.252663 0.577717 0.252663 0.582609 0.258171 0.583152 0.258171 0.774457 0.203819 0.775000 0.203819 0.794565 0.282042 0.794565 0.282409 0.874457 0.285714 0.874457 0.285714 0.795109 0.294895 0.794565 0.294895 0.775000 0.261476 0.774457 0.261476 0.675543 0.294161 0.675000 0.294161 0.670109 0.261476 0.669565 0.261476 0.577717
0 0.098054 0.642935 0.111274 0.642935 0.111642 0.582609 0.217407 0.582609 0.217407 0.577717 0.184355 0.577717 0.183988 0.572283 0.180683 0.572283 0.180316 0.577717 0.111642 0.577717 0.111274 0.542391 0.098054 0.542391
0 0.859714 0.555978 0.812707 0.555435 0.812707 0.477174 0.799486 0.477174 0.799119 0.511957 0.740360 0.511957 0.740360 0.516848 0.799486 0.517391 0.799119 0.568478 0.742196 0.568478 0.742196 0.573913 0.799119 0.573913 0.799486 0.581522 0.812707 0.581522 0.813074 0.560870 0.859714 0.560870
0 0.098054 0.405435 0.098054 0.506522 0.111274 0.506522 0.111642 0.489674 0.180316 0.489674 0.180683 0.520652 0.183988 0.520652 0.183988 0.490217 0.191333 0.489674 0.191333 0.484783 0.111642 0.484783 0.111274 0.405435
0 0.481822 0.522283 0.481822 0.527717 0.603746 0.527717 0.604113 0.582065 0.607418 0.582065 0.607786 0.573913 0.625780 0.573913 0.625780 0.568478 0.607418 0.567935 0.607418 0.522283 0.553066 0.521739 0.553434 0.459783 0.625413 0.459783 0.625413 0.454891 0.553434 0.454891 0.553066 0.398370 0.549394 0.398370 0.549394 0.521739
0 0.762027 0.254348 0.762027 0.273913 0.799486 0.274457 0.799486 0.367935 0.765700 0.368478 0.765700 0.378804 0.799119 0.378804 0.799486 0.441848 0.812707 0.441848 0.812707 0.254348
0 0.739258 0.254348 0.687477 0.254348 0.687477 0.273913 0.696291 0.274457 0.696291 0.454348 0.653324 0.454891 0.653324 0.459783 0.696291 0.460326 0.696291 0.567935 0.658832 0.568478 0.658832 0.573913 0.706574 0.573913 0.706574 0.568478 0.699596 0.567935 0.699596 0.379348 0.734851 0.378804 0.734851 0.368478 0.703636 0.367935 0.703636 0.274457 0.739258 0.273913
0 0.621741 0.254348 0.621741 0.273913 0.640103 0.273913 0.640103 0.254348
0 0.592729 0.254348 0.592729 0.273913 0.598237 0.273913 0.598237 0.254348
0 0.528094 0.254348 0.528094 0.273913 0.549394 0.274457 0.549394 0.328261 0.553066 0.328261 0.553066 0.274457 0.557473 0.273913 0.557473 0.254348
0 0.477782 0.254348 0.477782 0.273913 0.481454 0.273913 0.481454 0.254348
0 0.429306 0.254348 0.429306 0.273913 0.432244 0.273913 0.432244 0.254348
0 0.383401 0.254348 0.350349 0.254348 0.350349 0.273913 0.355858 0.274457 0.355858 0.484239 0.275799 0.484783 0.275799 0.489674 0.355490 0.489674 0.355858 0.529891 0.359163 0.529891 0.359163 0.274457 0.383401 0.273913
0 0.311421 0.254348 0.311421 0.273913 0.314726 0.273913 0.314726 0.254348
0 0.286816 0.254348 0.204554 0.254348 0.204554 0.273913 0.231730 0.274457 0.231730 0.484239 0.226221 0.484783 0.226221 0.489674 0.240176 0.489674 0.240176 0.484783 0.235035 0.484239 0.235035 0.274457 0.286816 0.273913
0 0.159750 0.254348 0.098054 0.254348 0.098054 0.369022 0.111274 0.369022 0.111274 0.274457 0.159750 0.273913
1 0.314726 0.775000 0.314726 0.794565 0.351083 0.794565 0.351083 0.775000
1 0.799486 0.689130 0.799486 0.737500 0.812707 0.737500 0.812707 0.689130
1 0.316195 0.670109 0.316195 0.675000 0.351818 0.675000 0.351818 0.670109
1 0.604113 0.582609 0.604113 0.633152 0.607418 0.633152 0.607418 0.582609
1 0.799486 0.582065 0.799486 0.631522 0.812707 0.631522 0.812707 0.582065
1 0.217775 0.577717 0.217775 0.582609 0.252295 0.582609 0.252295 0.577717
1 0.706941 0.568478 0.706941 0.573913 0.741829 0.573913 0.741829 0.568478
1 0.626148 0.568478 0.626148 0.573913 0.658465 0.573913 0.658465 0.568478
1 0.180683 0.521196 0.180683 0.571739 0.183988 0.571739 0.183988 0.521196
1 0.240544 0.484783 0.240544 0.489674 0.275432 0.489674 0.275432 0.484783
1 0.191700 0.484783 0.191700 0.489674 0.225854 0.489674 0.225854 0.484783
1 0.625780 0.454891 0.625780 0.459783 0.652956 0.459783 0.652956 0.454891
1 0.735219 0.368478 0.735219 0.378804 0.765332 0.378804 0.765332 0.368478
1 0.549394 0.328804 0.549394 0.397826 0.553066 0.397826 0.553066 0.328804
1 0.557841 0.254348 0.557841 0.273913 0.592361 0.273913 0.592361 0.254348
1 0.315094 0.254348 0.315094 0.273913 0.349982 0.273913 0.349982 0.254348
2 0.654425 0.775000 0.654425 0.794565 0.699963 0.794565 0.699963 0.775000
2 0.535806 0.775000 0.535806 0.794565 0.581711 0.794565 0.581711 0.775000
2 0.381197 0.775000 0.381197 0.794565 0.449504 0.794565 0.449504 0.775000
2 0.295263 0.775000 0.295263 0.794565 0.309952 0.794565 0.309952 0.775000
2 0.158649 0.775000 0.158649 0.794565 0.203452 0.794565 0.203452 0.775000
2 0.294528 0.670109 0.294528 0.675000 0.309952 0.675000 0.309952 0.670109
2 0.098054 0.643478 0.098054 0.678261 0.111274 0.678261 0.111274 0.643478
2 0.098054 0.507065 0.098054 0.541848 0.111274 0.541848 0.111274 0.507065
2 0.799486 0.442391 0.799486 0.476630 0.812707 0.476630 0.812707 0.442391
2 0.098054 0.369565 0.098054 0.404891 0.111274 0.404891 0.111274 0.369565
2 0.739625 0.254348 0.739625 0.273913 0.761660 0.273913 0.761660 0.254348
2 0.640470 0.254348 0.640470 0.273913 0.687110 0.273913 0.687110 0.254348
2 0.598604 0.254348 0.598604 0.273913 0.621373 0.273913 0.621373 0.254348
2 0.481822 0.254348 0.481822 0.273913 0.527727 0.273913 0.527727 0.254348
2 0.432611 0.254348 0.432611 0.273913 0.477415 0.273913 0.477415 0.254348
2 0.383768 0.254348 0.383768 0.273913 0.428939 0.273913 0.428939 0.254348
2 0.287183 0.254348 0.287183 0.273913 0.311054 0.273913 0.311054 0.254348
2 0.160118 0.254348 0.160118 0.273913 0.204187 0.273913 0.204187 0.254348
