0 0.515593 0.524638 0.515593 0.603313 0.511435 0.603727 0.511435 0.616977 0.598753 0.616977 0.598753 0.603727 0.523909 0.603313 0.523909 0.524638
0 0.390852 0.524638 0.390852 0.603313 0.389466 0.603727 0.389466 0.616977 0.449757 0.616977 0.449757 0.603727 0.400554 0.603313 0.400554 0.524638
0 0.776161 0.507660 0.753985 0.507660 0.753985 0.603313 0.681913 0.603727 0.681913 0.616977 0.776161 0.616977
0 0.776161 0.354037 0.753985 0.354037 0.753292 0.422774 0.488565 0.422774 0.488565 0.427743 0.515593 0.428157 0.515593 0.445549 0.523909 0.445549 0.524602 0.427743 0.626473 0.428157 0.625780 0.481573 0.524602 0.481573 0.523909 0.479089 0.515593 0.479089 0.515593 0.490683 0.523909 0.490683 0.524602 0.486542 0.663895 0.486542 0.663895 0.481573 0.634789 0.481159 0.635482 0.427743 0.753292 0.427743 0.753985 0.481159 0.719335 0.481573 0.719335 0.486542 0.776161 0.486542
0 0.602218 0.178882 0.602218 0.192133 0.607762 0.192133 0.607762 0.178882
0 0.494109 0.178882 0.494109 0.192133 0.502426 0.192133 0.502426 0.178882
0 0.437283 0.178882 0.299376 0.178882 0.299376 0.192133 0.355509 0.192547 0.355509 0.255072 0.365211 0.255072 0.365211 0.192547 0.437283 0.192133
0 0.776161 0.119669 0.766459 0.119669 0.766459 0.178468 0.706168 0.178882 0.706168 0.192133 0.753985 0.192547 0.753985 0.312629 0.776161 0.312629
0 0.150381 0.002899 0.150381 0.178468 0.145530 0.178882 0.145530 0.699379 0.153846 0.699793 0.153846 0.935818 0.160083 0.935818 0.160083 0.699793 0.363825 0.699379 0.364518 0.740787 0.379764 0.740787 0.379764 0.687371 0.328482 0.687371 0.327789 0.677847 0.307692 0.677847 0.306999 0.687371 0.165627 0.686957 0.166320 0.616977 0.306999 0.616977 0.307692 0.643478 0.327789 0.643478 0.329175 0.603727 0.164934 0.603313 0.164934 0.488613 0.390159 0.488199 0.390852 0.490683 0.400554 0.490683 0.400554 0.419048 0.390852 0.419048 0.390159 0.482402 0.306306 0.482402 0.305613 0.441822 0.291753 0.433126 0.296604 0.436025 0.287595 0.440580 0.293832 0.444720 0.293139 0.482402 0.164934 0.481988 0.164934 0.413665 0.243936 0.413251 0.248094 0.415735 0.256410 0.411180 0.248787 0.406211 0.164934 0.405797 0.164934 0.346584 0.390159 0.346170 0.390852 0.384265 0.400554 0.384265 0.400554 0.340373 0.365211 0.339959 0.365211 0.304762 0.355509 0.304762 0.354816 0.340373 0.164934 0.339959 0.164934 0.192547 0.228690 0.192133 0.228690 0.178882 0.160083 0.178468 0.160083 0.002899
1 0.307692 0.643892 0.307692 0.677433 0.327789 0.677433 0.327789 0.643892
1 0.450450 0.603727 0.450450 0.616977 0.510742 0.616977 0.510742 0.603727
1 0.515593 0.491097 0.515593 0.524224 0.523909 0.524224 0.523909 0.491097
1 0.390852 0.491097 0.390852 0.524224 0.400554 0.524224 0.400554 0.491097
1 0.664588 0.481573 0.664588 0.486542 0.718642 0.486542 0.718642 0.481573
1 0.515593 0.445963 0.515593 0.478675 0.523909 0.478675 0.523909 0.445963
1 0.257103 0.411180 0.248094 0.416149 0.286902 0.440580 0.295911 0.436025
1 0.390852 0.384679 0.390852 0.418634 0.400554 0.418634 0.400554 0.384679
1 0.355509 0.255487 0.355509 0.304348 0.365211 0.304348 0.365211 0.255487
1 0.437976 0.178882 0.437976 0.192133 0.493416 0.192133 0.493416 0.178882
2 0.599446 0.603727 0.599446 0.616977 0.681220 0.616977 0.681220 0.603727
2 0.329868 0.603727 0.329868 0.616977 0.388773 0.616977 0.388773 0.603727
2 0.753985 0.486957 0.753985 0.507246 0.776161 0.507246 0.776161 0.486957
2 0.753985 0.313043 0.753985 0.353623 0.776161 0.353623 0.776161 0.313043
2 0.608455 0.178882 0.608455 0.192133 0.705475 0.192133 0.705475 0.178882
2 0.503119 0.178882 0.503119 0.192133 0.601525 0.192133 0.601525 0.178882
2 0.229383 0.178882 0.229383 0.192133 0.298683 0.192133 0.298683 0.178882
