0 0.676428 0.643514 0.676428 0.674157 0.961933 0.674157 0.961933 0.554648 0.929722 0.554648 0.929722 0.606742 0.945095 0.607763 0.944363 0.643514 0.896047 0.643514 0.895315 0.597549 0.897511 0.596527 0.897511 0.585291 0.890190 0.585291 0.889458 0.643514 0.816984 0.643514 0.816252 0.570991 0.808931 0.570991 0.808931 0.581205 0.811127 0.582227 0.810395 0.643514 0.760615 0.643514 0.760615 0.570991 0.711567 0.570991 0.710835 0.551583 0.704246 0.551583 0.704246 0.642492
0 0.961933 0.319714 0.929722 0.319714 0.928990 0.404494 0.699854 0.404494 0.699854 0.413687 0.704246 0.414709 0.704246 0.481103 0.710835 0.481103 0.710835 0.475996 0.714495 0.474974 0.714495 0.463739 0.710835 0.462717 0.711567 0.413687 0.748170 0.414709 0.748170 0.462717 0.745974 0.463739 0.745974 0.474974 0.754758 0.474974 0.755490 0.413687 0.928990 0.413687 0.929722 0.430031 0.961933 0.430031
0 0.587116 0.287028 0.587116 0.422880 0.593704 0.422880 0.594436 0.413687 0.642020 0.413687 0.642020 0.404494 0.638360 0.403473 0.638360 0.295199 0.626647 0.295199 0.626647 0.306435 0.632504 0.307457 0.632504 0.355465 0.594436 0.356486 0.593704 0.287028
0 0.166179 0.236977 0.166179 0.478039 0.240117 0.478039 0.240849 0.535240 0.495608 0.535240 0.496340 0.686415 0.597365 0.686415 0.598097 0.674157 0.614202 0.674157 0.614202 0.643514 0.593704 0.642492 0.593704 0.573034 0.587116 0.573034 0.586384 0.668029 0.512445 0.667007 0.512445 0.578141 0.546852 0.577120 0.547584 0.525026 0.593704 0.526047 0.593704 0.513790 0.587116 0.513790 0.586384 0.516854 0.272328 0.516854 0.271596 0.334014 0.240849 0.334014 0.240117 0.464760 0.175695 0.464760 0.174963 0.250255 0.271596 0.247191 0.271596 0.242084 0.241581 0.242084 0.240849 0.236977
0 0.333821 0.050051 0.333821 0.094995 0.586384 0.094995 0.587116 0.175689 0.593704 0.175689 0.593704 0.164454 0.595900 0.163432 0.595900 0.152196 0.593704 0.151175 0.593704 0.111338 0.602489 0.110317 0.603221 0.094995 0.626647 0.096016 0.626647 0.151175 0.625183 0.152196 0.625183 0.163432 0.633968 0.163432 0.634700 0.094995 0.928990 0.094995 0.929722 0.164454 0.961933 0.164454 0.961933 0.050051
0 0.240849 0.050051 0.240849 0.097038 0.271596 0.097038 0.272328 0.050051
1 0.614934 0.643514 0.614934 0.674157 0.675695 0.674157 0.675695 0.643514
1 0.898243 0.585291 0.898243 0.596527 0.928258 0.596527 0.928258 0.585291
1 0.761347 0.570991 0.761347 0.581205 0.808199 0.581205 0.808199 0.570991
1 0.587116 0.527068 0.587116 0.572012 0.593704 0.572012 0.593704 0.527068
1 0.704246 0.482125 0.704246 0.550562 0.710835 0.550562 0.710835 0.482125
1 0.715227 0.463739 0.715227 0.474974 0.745242 0.474974 0.745242 0.463739
1 0.587116 0.423902 0.587116 0.512768 0.593704 0.512768 0.593704 0.423902
1 0.642753 0.404494 0.642753 0.413687 0.699122 0.413687 0.699122 0.404494
1 0.595168 0.295199 0.595168 0.306435 0.625915 0.306435 0.625915 0.295199
1 0.241581 0.248212 0.240849 0.332993 0.271596 0.332993 0.271596 0.248212
1 0.587116 0.176711 0.587116 0.286006 0.593704 0.286006 0.593704 0.176711
1 0.596633 0.152196 0.596633 0.163432 0.624451 0.163432 0.624451 0.152196
2 0.929722 0.431052 0.929722 0.553626 0.961933 0.553626 0.961933 0.431052
2 0.929722 0.165475 0.929722 0.318693 0.961933 0.318693 0.961933 0.165475
2 0.240849 0.098059 0.241581 0.241062 0.271596 0.241062 0.271596 0.098059
2 0.273060 0.050051 0.273060 0.094995 0.333089 0.094995 0.333089 0.050051
