0 0.463683 0.828246 0.463683 0.846870 0.461482 0.847387 0.461482 0.852561 0.471020 0.852561 0.471020 0.828246
0 0.552458 0.682876 0.552458 0.688050 0.555393 0.688567 0.555393 0.741335 0.552458 0.741852 0.552458 0.754785 0.591343 0.754785 0.591343 0.741852 0.562729 0.741335 0.562729 0.682876
0 0.472487 0.598034 0.472487 0.647181 0.466618 0.647698 0.466618 0.654941 0.469552 0.655458 0.469552 0.736161 0.468085 0.736679 0.468085 0.754785 0.490095 0.754785 0.490095 0.741852 0.479824 0.741335 0.479824 0.688567 0.487894 0.688050 0.487894 0.682876 0.479824 0.682359 0.479824 0.598034
0 0.555393 0.559234 0.555393 0.564408 0.595011 0.564925 0.595011 0.632178 0.555393 0.632695 0.555393 0.637869 0.602348 0.637869 0.602348 0.559234
0 0.539252 0.225556 0.539252 0.239524 0.548789 0.239524 0.548789 0.225556
0 0.461482 0.225556 0.461482 0.239524 0.484960 0.239524 0.484960 0.225556
0 0.270726 0.134506 0.270726 0.463011 0.352164 0.463528 0.352164 0.852561 0.376376 0.852561 0.376376 0.847387 0.359501 0.846870 0.359501 0.755303 0.422597 0.754785 0.463683 0.780652 0.463683 0.785308 0.471020 0.785308 0.471020 0.778065 0.434336 0.755303 0.438738 0.754785 0.438738 0.736679 0.367572 0.736161 0.367572 0.655458 0.424798 0.654941 0.424798 0.647698 0.367572 0.647181 0.367572 0.457838 0.472487 0.457838 0.472487 0.558200 0.479824 0.558200 0.479824 0.311950 0.472487 0.311950 0.472487 0.451630 0.286867 0.452147 0.286134 0.240041 0.337491 0.239524 0.337491 0.225556 0.278063 0.225039 0.278063 0.140197 0.457814 0.139679 0.457814 0.134506
0 0.709464 0.087429 0.694057 0.091050 0.549523 0.134506 0.539985 0.134506 0.539985 0.139679 0.550990 0.139679 0.707997 0.093120 0.721203 0.092602 0.725605 0.096223 0.725605 0.225039 0.713133 0.225556 0.713133 0.239524 0.721937 0.240041 0.721937 0.453699 0.564197 0.454216 0.563463 0.423694 0.559061 0.423694 0.559061 0.457838 0.721937 0.458355 0.721937 0.558717 0.677916 0.559234 0.677916 0.564408 0.721937 0.564925 0.721937 0.741335 0.697726 0.741852 0.697726 0.754785 0.737344 0.754785 0.737344 0.225556 0.732942 0.225039 0.732942 0.094154 0.724138 0.087429
1 0.463683 0.785825 0.463683 0.827729 0.471020 0.827729 0.471020 0.785825
1 0.490829 0.741852 0.490829 0.754785 0.551724 0.754785 0.551724 0.741852
1 0.488628 0.682876 0.488628 0.688050 0.551724 0.688050 0.551724 0.682876
1 0.425532 0.647698 0.425532 0.654941 0.465884 0.654941 0.465884 0.647698
1 0.472487 0.558717 0.472487 0.597517 0.479824 0.597517 0.479824 0.558717
1 0.472487 0.240041 0.472487 0.311433 0.479824 0.311433 0.479824 0.240041
1 0.485693 0.225556 0.485693 0.239524 0.538518 0.239524 0.538518 0.225556
2 0.377109 0.847387 0.377109 0.852561 0.460748 0.852561 0.460748 0.847387
2 0.592076 0.741852 0.592076 0.754785 0.696992 0.754785 0.696992 0.741852
2 0.439472 0.736679 0.439472 0.754785 0.467351 0.754785 0.467351 0.736679
2 0.549523 0.225556 0.549523 0.239524 0.712399 0.239524 0.712399 0.225556
2 0.338225 0.225556 0.338225 0.239524 0.460748 0.239524 0.460748 0.225556
