0 0.583893 0.636411 0.576149 0.636411 0.575632 0.781331 0.274135 0.781331 0.273619 0.759154 0.265875 0.759154 0.265875 0.789067 0.583893 0.789067 0.583893 0.709644 0.592153 0.709128 0.592153 0.701392 0.583893 0.700877
0 0.559112 0.449201 0.551368 0.449201 0.550852 0.577617 0.357770 0.577617 0.357253 0.515214 0.349510 0.515214 0.348993 0.577617 0.265875 0.577617 0.265875 0.646725 0.273619 0.646725 0.274135 0.585353 0.575632 0.585353 0.576149 0.590511 0.583893 0.590511 0.583893 0.577617 0.559112 0.577102
0 0.349510 0.299123 0.349510 0.303249 0.357253 0.303249 0.357253 0.299123
0 0.796076 0.133574 0.755292 0.133574 0.755292 0.141310 0.788332 0.141826 0.788332 0.351212 0.770263 0.351728 0.769747 0.380609 0.664946 0.380609 0.664946 0.388345 0.680950 0.388860 0.680950 0.448169 0.688694 0.448169 0.689210 0.406395 0.788332 0.406911 0.787816 0.558020 0.689210 0.558020 0.688694 0.487880 0.680950 0.487880 0.680950 0.604951 0.688694 0.604951 0.689210 0.565756 0.767682 0.565756 0.768198 0.586900 0.788332 0.587932 0.788332 0.700877 0.689210 0.701392 0.688694 0.643115 0.680950 0.643115 0.680950 0.700877 0.638616 0.701392 0.638616 0.709128 0.796076 0.709128
0 0.248838 0.133574 0.248838 0.388345 0.348993 0.388345 0.349510 0.411037 0.357253 0.411037 0.357770 0.388345 0.550852 0.388345 0.551368 0.406911 0.559112 0.406911 0.559112 0.380609 0.357770 0.380609 0.357253 0.344507 0.349510 0.344507 0.348993 0.380609 0.257099 0.380609 0.257099 0.141310 0.348993 0.141310 0.349510 0.171738 0.357253 0.171738 0.357770 0.141310 0.612287 0.141310 0.612803 0.370810 0.620547 0.370810 0.620547 0.141826 0.644295 0.141310 0.644295 0.133574
1 0.592669 0.701392 0.592669 0.709128 0.638100 0.709128 0.638100 0.701392
1 0.680950 0.605467 0.680950 0.642599 0.688694 0.642599 0.688694 0.605467
1 0.576149 0.591026 0.576149 0.635895 0.583893 0.635895 0.583893 0.591026
1 0.680950 0.448685 0.680950 0.487365 0.688694 0.487365 0.688694 0.448685
1 0.551368 0.407427 0.551368 0.448685 0.559112 0.448685 0.559112 0.407427
1 0.349510 0.303765 0.349510 0.343992 0.357253 0.343992 0.357253 0.303765
2 0.265875 0.647241 0.265875 0.758638 0.273619 0.758638 0.273619 0.647241
2 0.349510 0.411552 0.349510 0.514698 0.357253 0.514698 0.357253 0.411552
2 0.349510 0.172254 0.349510 0.298608 0.357253 0.298608 0.357253 0.172254
2 0.644812 0.133574 0.644812 0.141310 0.754775 0.141310 0.754775 0.133574
