0 0.437830 0.857500 0.376036 0.856250 0.376036 0.568750 0.350414 0.568750 0.350414 0.578750 0.369254 0.580000 0.368500 0.857500 0.266014 0.856250 0.266014 0.580000 0.302939 0.578750 0.302939 0.568750 0.266767 0.568750 0.266014 0.557500 0.258478 0.557500 0.258478 0.780000 0.214770 0.781250 0.214017 0.857500 0.051243 0.857500 0.050490 0.726250 0.035418 0.726250 0.035418 0.881250 0.437830 0.881250
0 0.035418 0.381250 0.035418 0.503750 0.050490 0.503750 0.051243 0.456250 0.257724 0.456250 0.258478 0.475000 0.266014 0.475000 0.266767 0.456250 0.290128 0.456250 0.290128 0.446250 0.051243 0.446250 0.050490 0.381250
0 0.819141 0.355000 0.819141 0.360000 0.834213 0.360000 0.834213 0.355000
0 0.035418 0.022500 0.035418 0.112500 0.050490 0.112500 0.051243 0.043750 0.414469 0.043750 0.415222 0.445000 0.340618 0.446250 0.340618 0.456250 0.462698 0.456250 0.462698 0.446250 0.422758 0.445000 0.423512 0.043750 0.818387 0.043750 0.819141 0.050000 0.834213 0.050000 0.834966 0.033750 0.943482 0.035000 0.943482 0.457500 0.834966 0.458750 0.834213 0.447500 0.819141 0.447500 0.818387 0.475000 0.527506 0.475000 0.526752 0.446250 0.511680 0.446250 0.511680 0.456250 0.520723 0.457500 0.520723 0.856250 0.489827 0.857500 0.489827 0.881250 0.533534 0.881250 0.534288 0.496250 0.834213 0.496250 0.834966 0.470000 0.950264 0.470000 0.950264 0.022500
1 0.438583 0.857500 0.438583 0.881250 0.489073 0.881250 0.489073 0.857500
1 0.303693 0.568750 0.303693 0.578750 0.349661 0.578750 0.349661 0.568750
1 0.258478 0.476250 0.258478 0.556250 0.266014 0.556250 0.266014 0.476250
1 0.463451 0.446250 0.463451 0.456250 0.510927 0.456250 0.510927 0.446250
1 0.290882 0.446250 0.290882 0.456250 0.339864 0.456250 0.339864 0.446250
1 0.819141 0.361250 0.819141 0.446250 0.834213 0.446250 0.834213 0.361250
2 0.035418 0.505000 0.035418 0.725000 0.050490 0.725000 0.050490 0.505000
2 0.035418 0.113750 0.035418 0.380000 0.050490 0.380000 0.050490 0.113750
2 0.819141 0.051250 0.819141 0.353750 0.834213 0.353750 0.834213 0.051250
