0 0.504125 0.627997 0.494042 0.627997 0.494042 0.815943 0.462878 0.816591 0.462878 0.832145 0.520623 0.832145 0.520623 0.816591 0.504125 0.815943 0.504125 0.736228 0.517874 0.735580 0.517874 0.727803 0.504125 0.727155
0 0.825848 0.233312 0.771769 0.233312 0.771769 0.257291 0.802933 0.257939 0.802933 0.502268 0.588451 0.502916 0.588451 0.510693 0.666361 0.510693 0.667278 0.513286 0.676444 0.513286 0.677360 0.510693 0.802933 0.511342 0.802933 0.633830 0.677360 0.634478 0.676444 0.558004 0.667278 0.558004 0.667278 0.667531 0.636114 0.668179 0.636114 0.675956 0.676444 0.674660 0.677360 0.642255 0.802933 0.642903 0.802933 0.727155 0.722273 0.727803 0.722273 0.735580 0.802933 0.736228 0.802933 0.815943 0.649863 0.816591 0.648946 0.736228 0.655362 0.735580 0.655362 0.727803 0.649863 0.727803 0.648946 0.723914 0.636114 0.723914 0.635197 0.727803 0.601283 0.727803 0.601283 0.735580 0.636114 0.736228 0.636114 0.815943 0.603116 0.816591 0.603116 0.832145 0.615949 0.832793 0.615949 0.902787 0.625115 0.902787 0.626031 0.832145 0.780935 0.832145 0.781852 0.955930 0.626031 0.956578 0.625115 0.951393 0.615949 0.951393 0.615949 0.963059 0.792851 0.963059 0.792851 0.832793 0.825848 0.832145
0 0.583868 0.233312 0.583868 0.257291 0.587534 0.257291 0.587534 0.233312
0 0.508708 0.233312 0.505041 0.232664 0.483043 0.251458 0.492209 0.257291 0.508708 0.257291
0 0.428964 0.187297 0.408799 0.187297 0.408799 0.211277 0.414299 0.211277 0.417049 0.213221 0.418882 0.209981 0.439047 0.193778
0 0.211732 0.187297 0.211732 0.832145 0.297892 0.832145 0.297892 0.816591 0.234647 0.815943 0.234647 0.533377 0.493126 0.532728 0.494042 0.577447 0.504125 0.577447 0.504125 0.524951 0.428048 0.524951 0.427131 0.492547 0.416132 0.492547 0.415215 0.524951 0.234647 0.524303 0.234647 0.436811 0.415215 0.436163 0.416132 0.447181 0.427131 0.447181 0.427131 0.384964 0.416132 0.384964 0.415215 0.427738 0.234647 0.427090 0.234647 0.211925 0.297892 0.211277 0.297892 0.187297
1 0.615949 0.903435 0.615949 0.950745 0.625115 0.950745 0.625115 0.903435
1 0.521540 0.816591 0.521540 0.832145 0.602200 0.832145 0.602200 0.816591
1 0.656279 0.727803 0.656279 0.735580 0.721357 0.735580 0.721357 0.727803
1 0.518790 0.727803 0.518790 0.735580 0.600367 0.735580 0.600367 0.727803
1 0.636114 0.676604 0.636114 0.723266 0.648946 0.723266 0.648946 0.676604
1 0.494042 0.578095 0.494042 0.627349 0.504125 0.627349 0.504125 0.578095
1 0.667278 0.513934 0.667278 0.557356 0.676444 0.557356 0.676444 0.513934
1 0.416132 0.447829 0.416132 0.491899 0.427131 0.491899 0.427131 0.447829
1 0.509624 0.233312 0.509624 0.257291 0.582951 0.257291 0.582951 0.233312
2 0.298808 0.816591 0.298808 0.832145 0.461962 0.832145 0.461962 0.816591
2 0.588451 0.233312 0.588451 0.257291 0.770852 0.257291 0.770852 0.233312
2 0.439963 0.193778 0.417049 0.212573 0.482126 0.251458 0.505041 0.232016
2 0.298808 0.187297 0.298808 0.211277 0.407883 0.211277 0.407883 0.187297
