0 0.267897 0.890411 0.239114 0.889432 0.239114 0.825832 0.232472 0.825832 0.231734 0.890411 0.096679 0.890411 0.095941 0.864971 0.070849 0.864971 0.070849 0.925636 0.095941 0.925636 0.096679 0.910959 0.267897 0.910959
0 0.564576 0.762231 0.525461 0.762231 0.525461 0.772994 0.534317 0.773973 0.534317 0.889432 0.470849 0.890411 0.470849 0.910959 0.548339 0.910959 0.548339 0.849315 0.566790 0.848337 0.566790 0.829746 0.545387 0.828767 0.545387 0.773973 0.564576 0.772994
0 0.473063 0.762231 0.420664 0.762231 0.419926 0.752446 0.411808 0.752446 0.411808 0.889432 0.382288 0.890411 0.382288 0.910959 0.423616 0.910959 0.423616 0.890411 0.419926 0.889432 0.419926 0.773973 0.473063 0.772994
0 0.715867 0.727984 0.707749 0.727984 0.707011 0.762231 0.639852 0.762231 0.639852 0.772994 0.660517 0.773973 0.660517 0.828767 0.639852 0.829746 0.639852 0.848337 0.654613 0.849315 0.654613 0.910959 0.735055 0.910959 0.735055 0.890411 0.670849 0.889432 0.670849 0.773973 0.715867 0.772994
0 0.411808 0.309198 0.411808 0.674168 0.419926 0.674168 0.419926 0.309198
0 0.673063 0.127202 0.673063 0.152642 0.707749 0.153620 0.707749 0.467710 0.715867 0.467710 0.715867 0.153620 0.735793 0.152642 0.735793 0.127202
0 0.499631 0.127202 0.499631 0.152642 0.515129 0.152642 0.515129 0.127202
0 0.385978 0.127202 0.385978 0.152642 0.442804 0.152642 0.442804 0.127202
0 0.228782 0.127202 0.228782 0.152642 0.231734 0.153620 0.231734 0.309198 0.239114 0.309198 0.239114 0.153620 0.247970 0.152642 0.247970 0.127202
0 0.938007 0.115460 0.937269 0.127202 0.876015 0.127202 0.876015 0.152642 0.938007 0.153620 0.938007 0.551859 0.716605 0.552838 0.715867 0.548924 0.707749 0.548924 0.707749 0.645793 0.715867 0.645793 0.716605 0.563601 0.937269 0.563601 0.938007 0.889432 0.873063 0.890411 0.873063 0.910959 0.937269 0.910959 0.938007 0.921722 0.960886 0.921722 0.960886 0.115460
0 0.070849 0.115460 0.070849 0.642857 0.095941 0.642857 0.096679 0.618395 0.202952 0.618395 0.203690 0.681996 0.232472 0.682975 0.231734 0.741683 0.096679 0.741683 0.095941 0.731898 0.070849 0.731898 0.070849 0.773973 0.095941 0.773973 0.096679 0.753425 0.231734 0.753425 0.232472 0.756360 0.239114 0.756360 0.239114 0.380626 0.231734 0.380626 0.231734 0.403131 0.227306 0.404110 0.227306 0.415851 0.230996 0.416830 0.230996 0.601761 0.095941 0.601761 0.095941 0.416830 0.186716 0.415851 0.186716 0.404110 0.095941 0.403131 0.095941 0.153620 0.185240 0.152642 0.185240 0.127202 0.097417 0.127202 0.096679 0.115460
1 0.567528 0.829746 0.567528 0.848337 0.639114 0.848337 0.639114 0.829746
1 0.565314 0.762231 0.565314 0.772994 0.639114 0.772994 0.639114 0.762231
1 0.473801 0.762231 0.473801 0.772994 0.524723 0.772994 0.524723 0.762231
1 0.232472 0.757339 0.232472 0.824853 0.239114 0.824853 0.239114 0.757339
1 0.411808 0.675147 0.411808 0.751468 0.419926 0.751468 0.419926 0.675147
1 0.707749 0.646771 0.707749 0.727006 0.715867 0.727006 0.715867 0.646771
1 0.070849 0.643836 0.070849 0.730920 0.095941 0.730920 0.095941 0.643836
1 0.707749 0.468689 0.707749 0.547945 0.715867 0.547945 0.715867 0.468689
1 0.187454 0.404110 0.187454 0.415851 0.226568 0.415851 0.226568 0.404110
1 0.231734 0.310176 0.231734 0.379648 0.239114 0.379648 0.239114 0.310176
1 0.443542 0.127202 0.443542 0.152642 0.498893 0.152642 0.498893 0.127202
2 0.735793 0.890411 0.735793 0.910959 0.872325 0.910959 0.872325 0.890411
2 0.424354 0.890411 0.424354 0.910959 0.470111 0.910959 0.470111 0.890411
2 0.268635 0.890411 0.268635 0.910959 0.381550 0.910959 0.381550 0.890411
2 0.070849 0.774951 0.070849 0.863992 0.095941 0.863992 0.095941 0.774951
2 0.736531 0.127202 0.736531 0.152642 0.875277 0.152642 0.875277 0.127202
2 0.515867 0.127202 0.515867 0.152642 0.672325 0.152642 0.672325 0.127202
2 0.248708 0.127202 0.248708 0.152642 0.385240 0.152642 0.385240 0.127202
2 0.185978 0.127202 0.185978 0.152642 0.228044 0.152642 0.228044 0.127202
