0 0.146678 0.653226 0.146678 0.663082 0.153364 0.663978 0.153364 0.705197 0.145842 0.706093 0.145842 0.727599 0.147096 0.728495 0.147096 0.783154 0.180109 0.783154 0.180109 0.761649 0.158796 0.760753 0.159214 0.653226
0 0.104889 0.653226 0.104889 0.663082 0.109486 0.663082 0.109486 0.653226
0 0.641454 0.646057 0.641454 0.659498 0.646051 0.660394 0.646051 0.764337 0.642290 0.765233 0.642290 0.783154 0.646051 0.784050 0.646051 0.879032 0.654409 0.879032 0.654827 0.860215 0.777267 0.860215 0.777267 0.844982 0.774342 0.844086 0.774342 0.696237 0.768074 0.696237 0.767656 0.698925 0.707062 0.698925 0.706644 0.696237 0.700376 0.696237 0.700376 0.716846 0.706644 0.716846 0.707062 0.712366 0.768074 0.713262 0.767656 0.844982 0.707062 0.844982 0.706644 0.771505 0.700376 0.771505 0.700376 0.775986 0.699540 0.776882 0.699540 0.786738 0.700376 0.787634 0.699958 0.844982 0.677392 0.844086 0.677392 0.787634 0.678646 0.786738 0.678646 0.776882 0.674049 0.776882 0.674049 0.786738 0.674885 0.787634 0.674885 0.844086 0.655244 0.844982 0.654827 0.646057
0 0.510656 0.765233 0.510656 0.783154 0.597158 0.783154 0.597158 0.765233 0.594651 0.764337 0.594651 0.660394 0.596740 0.659498 0.596740 0.646057 0.589219 0.646057 0.589219 0.765233 0.547012 0.764337 0.547012 0.660394 0.567071 0.659498 0.567071 0.646057 0.539072 0.646057 0.539072 0.764337
0 0.048475 0.559140 0.048475 0.784946 0.058086 0.784946 0.058504 0.727599 0.109904 0.727599 0.109904 0.706093 0.058504 0.705197 0.058504 0.559140
0 0.341412 0.498208 0.341412 0.513441 0.342666 0.514337 0.342666 0.764337 0.340159 0.765233 0.340159 0.783154 0.426243 0.783154 0.426243 0.765233 0.349770 0.764337 0.349770 0.514337 0.400752 0.513441 0.400752 0.498208
0 0.547012 0.573477 0.547012 0.498208 0.528207 0.498208 0.527789 0.491935 0.520267 0.491935 0.519850 0.498208 0.435855 0.498208 0.435855 0.513441 0.509820 0.513441 0.510238 0.567204 0.519432 0.567204 0.519432 0.557348 0.513999 0.556452 0.514417 0.513441 0.538654 0.513441 0.539072 0.556452 0.538237 0.557348 0.538237 0.567204 0.539072 0.568100 0.539072 0.573477
0 0.215629 0.468638 0.215629 0.652330 0.185541 0.653226 0.185541 0.663082 0.215629 0.663978 0.215629 0.783154 0.277894 0.783154 0.277894 0.765233 0.224405 0.764337 0.224405 0.514337 0.306728 0.513441 0.306728 0.498208 0.224822 0.498208 0.224405 0.468638
0 0.781028 0.318996 0.781028 0.334229 0.834099 0.335125 0.834099 0.497312 0.741747 0.498208 0.741329 0.439068 0.735061 0.439068 0.735061 0.538530 0.697451 0.539427 0.697451 0.558244 0.700376 0.559140 0.700376 0.631720 0.706644 0.631720 0.707062 0.558244 0.767656 0.558244 0.768074 0.628136 0.774342 0.628136 0.774760 0.517025 0.833682 0.517025 0.834099 0.860215 0.844547 0.860215 0.844547 0.844982 0.842039 0.844086 0.842039 0.335125 0.948182 0.334229 0.948600 0.844086 0.946511 0.844982 0.946511 0.860215 0.955704 0.860215 0.955704 0.318996
0 0.734643 0.318996 0.735061 0.378136 0.741329 0.378136 0.741747 0.318996
0 0.686168 0.318996 0.686168 0.334229 0.694108 0.334229 0.694108 0.318996
0 0.610113 0.105735 0.610113 0.125448 0.646051 0.126344 0.646469 0.343190 0.615127 0.344086 0.615127 0.354839 0.618471 0.354839 0.618888 0.351254 0.646051 0.351254 0.646469 0.395161 0.618888 0.396057 0.618471 0.394265 0.615127 0.394265 0.614710 0.396057 0.612202 0.396057 0.612202 0.412186 0.646469 0.413082 0.646051 0.579749 0.654827 0.579749 0.655244 0.558244 0.666945 0.558244 0.666945 0.539427 0.655244 0.538530 0.655244 0.105735
0 0.507731 0.105735 0.507731 0.125448 0.520267 0.126344 0.520267 0.419355 0.527789 0.419355 0.527789 0.413082 0.530297 0.412186 0.530297 0.396057 0.527789 0.395161 0.528207 0.352151 0.552445 0.353047 0.552445 0.395161 0.551191 0.396057 0.551191 0.412186 0.578771 0.412186 0.578771 0.396057 0.576682 0.396057 0.576264 0.394265 0.572921 0.394265 0.572503 0.396057 0.555788 0.395161 0.555788 0.353047 0.572503 0.352151 0.572921 0.353943 0.576264 0.353943 0.576264 0.344982 0.527789 0.344086 0.527789 0.126344 0.548684 0.125448 0.548684 0.105735
0 0.398245 0.105735 0.398245 0.125448 0.400752 0.125448 0.400752 0.105735
0 0.326786 0.105735 0.326786 0.125448 0.344756 0.126344 0.344756 0.387993 0.342666 0.388889 0.342666 0.403226 0.351442 0.403226 0.351442 0.126344 0.366486 0.125448 0.366486 0.105735
0 0.188048 0.105735 0.188048 0.125448 0.215629 0.126344 0.215629 0.383513 0.179691 0.384409 0.179691 0.398746 0.215211 0.398746 0.215629 0.406810 0.224405 0.406810 0.224822 0.403226 0.307564 0.403226 0.307564 0.388889 0.224405 0.387993 0.224405 0.126344 0.263686 0.125448 0.263686 0.105735
0 0.048475 0.105735 0.048475 0.399642 0.128291 0.398746 0.128291 0.384409 0.058504 0.383513 0.058504 0.126344 0.117426 0.125448 0.117426 0.105735
1 0.844964 0.844982 0.844964 0.860215 0.946093 0.860215 0.946093 0.844982
1 0.777685 0.844982 0.777685 0.860215 0.833682 0.860215 0.833682 0.844982
1 0.679064 0.776882 0.679064 0.786738 0.699122 0.786738 0.699122 0.776882
1 0.655662 0.776882 0.655662 0.786738 0.673631 0.786738 0.673631 0.776882
1 0.615127 0.765233 0.615127 0.783154 0.641872 0.783154 0.641872 0.765233
1 0.597576 0.765233 0.597576 0.783154 0.614292 0.783154 0.614292 0.765233
1 0.700376 0.717742 0.700376 0.770609 0.706644 0.770609 0.706644 0.717742
1 0.110322 0.706093 0.110322 0.727599 0.145424 0.727599 0.145424 0.706093
1 0.159632 0.653226 0.159632 0.663082 0.185123 0.663082 0.185123 0.653226
1 0.109904 0.653226 0.109904 0.663082 0.146260 0.663082 0.146260 0.653226
1 0.615963 0.646057 0.615963 0.659498 0.641036 0.659498 0.641036 0.646057
1 0.597158 0.646057 0.597158 0.659498 0.614710 0.659498 0.614710 0.646057
1 0.567489 0.646057 0.567489 0.659498 0.588801 0.659498 0.588801 0.646057
1 0.700376 0.632616 0.700376 0.695341 0.706644 0.695341 0.706644 0.632616
1 0.768074 0.629032 0.768074 0.695341 0.774342 0.695341 0.774342 0.629032
1 0.646051 0.580645 0.646051 0.645161 0.654827 0.645161 0.654827 0.580645
1 0.539072 0.574373 0.539072 0.645161 0.547012 0.645161 0.547012 0.574373
1 0.519850 0.557348 0.519850 0.567204 0.537819 0.567204 0.537819 0.557348
1 0.667363 0.539427 0.667363 0.558244 0.697033 0.558244 0.697033 0.539427
1 0.401170 0.498208 0.401170 0.513441 0.435437 0.513441 0.435437 0.498208
1 0.307146 0.498208 0.307146 0.513441 0.340995 0.513441 0.340995 0.498208
1 0.520267 0.420251 0.520267 0.491039 0.527789 0.491039 0.527789 0.420251
1 0.215629 0.407706 0.215629 0.467742 0.224405 0.467742 0.224405 0.407706
1 0.579189 0.396057 0.579189 0.412186 0.611784 0.412186 0.611784 0.396057
1 0.530715 0.396057 0.530715 0.412186 0.550773 0.412186 0.550773 0.396057
1 0.307982 0.388889 0.307982 0.403226 0.342248 0.403226 0.342248 0.388889
1 0.128709 0.384409 0.128709 0.398746 0.179273 0.398746 0.179273 0.384409
1 0.735061 0.379032 0.735061 0.438172 0.741329 0.438172 0.741329 0.379032
1 0.615127 0.355735 0.615127 0.393369 0.618471 0.393369 0.618471 0.355735
1 0.572921 0.354839 0.572921 0.393369 0.576264 0.393369 0.576264 0.354839
1 0.656080 0.318996 0.656080 0.334229 0.685750 0.334229 0.685750 0.318996
1 0.366903 0.105735 0.366903 0.125448 0.397827 0.125448 0.397827 0.105735
2 0.426661 0.765233 0.426661 0.783154 0.510238 0.783154 0.510238 0.765233
2 0.278312 0.765233 0.278312 0.783154 0.339741 0.783154 0.339741 0.765233
2 0.180527 0.761649 0.180527 0.783154 0.215211 0.783154 0.215211 0.761649
2 0.048475 0.400538 0.048475 0.558244 0.058504 0.558244 0.058504 0.400538
2 0.742165 0.318996 0.742165 0.334229 0.780610 0.334229 0.780610 0.318996
2 0.694526 0.318996 0.694526 0.334229 0.734225 0.334229 0.734225 0.318996
2 0.549102 0.105735 0.549102 0.125448 0.609695 0.125448 0.609695 0.105735
2 0.401170 0.105735 0.401170 0.125448 0.507313 0.125448 0.507313 0.105735
2 0.264104 0.105735 0.264104 0.125448 0.326369 0.125448 0.326369 0.105735
2 0.117844 0.105735 0.117844 0.125448 0.187631 0.125448 0.187631 0.105735
