0 0.936543 0.691152 0.917396 0.691152 0.916849 0.749583 0.835339 0.749583 0.835339 0.779633 0.936543 0.779633
0 0.722648 0.630217 0.722648 0.748748 0.676149 0.749583 0.676149 0.779633 0.771335 0.779633 0.771335 0.749583 0.728665 0.748748 0.728665 0.630217
0 0.446389 0.541736 0.440372 0.541736 0.440372 0.748748 0.410832 0.749583 0.410832 0.779633 0.434902 0.780467 0.434902 0.903172 0.440372 0.903172 0.440372 0.780467 0.486324 0.779633 0.486324 0.749583 0.446389 0.748748
0 0.547046 0.483306 0.547046 0.748748 0.538293 0.749583 0.538293 0.779633 0.571663 0.780467 0.571663 0.903172 0.577133 0.903172 0.577133 0.780467 0.596280 0.779633 0.596280 0.749583 0.553063 0.748748 0.553063 0.483306
0 0.936543 0.414858 0.914661 0.414858 0.914114 0.470785 0.822757 0.470785 0.822210 0.463272 0.814004 0.463272 0.814004 0.539232 0.811269 0.540067 0.811269 0.548414 0.814004 0.549249 0.814004 0.601002 0.827681 0.601002 0.827681 0.592654 0.823851 0.591820 0.823851 0.532554 0.820569 0.531720 0.821116 0.483306 0.916849 0.483306 0.917396 0.591820 0.867615 0.592654 0.867615 0.601002 0.916849 0.601002 0.917396 0.616861 0.936543 0.616861
0 0.547046 0.365609 0.547046 0.373957 0.592451 0.373957 0.592451 0.365609
0 0.446389 0.334725 0.440372 0.334725 0.439825 0.339733 0.346280 0.339733 0.346280 0.348915 0.350109 0.349750 0.350109 0.457429 0.346280 0.458264 0.346280 0.467446 0.439825 0.467446 0.440372 0.471619 0.446389 0.471619 0.446389 0.453255 0.440372 0.453255 0.439825 0.458264 0.356127 0.457429 0.356674 0.348915 0.439825 0.348915 0.440372 0.381469 0.446389 0.381469
0 0.936543 0.008347 0.852845 0.008347 0.852845 0.038397 0.916849 0.039232 0.916302 0.300501 0.814004 0.300501 0.813457 0.352254 0.729212 0.352254 0.728665 0.286311 0.722648 0.286311 0.722648 0.560100 0.728665 0.560100 0.729212 0.548414 0.766411 0.548414 0.766411 0.540067 0.728665 0.539232 0.728665 0.474958 0.759847 0.474124 0.759847 0.465776 0.728665 0.464942 0.729212 0.360601 0.813457 0.360601 0.814004 0.393990 0.822210 0.393990 0.822757 0.313856 0.914114 0.313856 0.914661 0.320534 0.936543 0.320534
0 0.670131 0.008347 0.670131 0.038397 0.722648 0.039232 0.722648 0.217028 0.728665 0.217028 0.728665 0.039232 0.774070 0.038397 0.774070 0.008347
0 0.579869 0.008347 0.579869 0.038397 0.586980 0.038397 0.586980 0.008347
0 0.502735 0.008347 0.424508 0.008347 0.424508 0.038397 0.440372 0.039232 0.440372 0.265442 0.446389 0.265442 0.446389 0.039232 0.502735 0.038397
0 0.193107 0.008347 0.193107 0.038397 0.266411 0.039232 0.266411 0.214524 0.236871 0.215359 0.236871 0.243740 0.263129 0.244574 0.263129 0.779633 0.328228 0.779633 0.328228 0.749583 0.281729 0.748748 0.281729 0.468280 0.311269 0.467446 0.311269 0.458264 0.281729 0.457429 0.281729 0.349750 0.312910 0.348915 0.312910 0.339733 0.281729 0.338898 0.281729 0.039232 0.344639 0.038397 0.344639 0.008347
0 0.125821 0.008347 0.034464 0.008347 0.034464 0.779633 0.041575 0.779633 0.041575 0.244574 0.184354 0.243740 0.184354 0.215359 0.053063 0.214524 0.053063 0.039232 0.125821 0.038397
1 0.486871 0.749583 0.486871 0.779633 0.537746 0.779633 0.537746 0.749583
1 0.917396 0.617696 0.917396 0.690317 0.936543 0.690317 0.936543 0.617696
1 0.828228 0.592654 0.828228 0.601002 0.867068 0.601002 0.867068 0.592654
1 0.722648 0.560935 0.722648 0.629382 0.728665 0.629382 0.728665 0.560935
1 0.766958 0.540067 0.766958 0.548414 0.810722 0.548414 0.810722 0.540067
1 0.440372 0.472454 0.440372 0.540902 0.446389 0.540902 0.446389 0.472454
1 0.311816 0.458264 0.311816 0.467446 0.345733 0.467446 0.345733 0.458264
1 0.814004 0.394825 0.814004 0.462437 0.822210 0.462437 0.822210 0.394825
1 0.440372 0.382304 0.440372 0.452421 0.446389 0.452421 0.446389 0.382304
1 0.313457 0.339733 0.313457 0.348915 0.345733 0.348915 0.345733 0.339733
1 0.440372 0.266277 0.440372 0.333890 0.446389 0.333890 0.446389 0.266277
1 0.722648 0.217863 0.722648 0.285476 0.728665 0.285476 0.728665 0.217863
1 0.184902 0.215359 0.184902 0.243740 0.236324 0.243740 0.236324 0.215359
2 0.771882 0.749583 0.771882 0.779633 0.834792 0.779633 0.834792 0.749583
2 0.596827 0.749583 0.596827 0.779633 0.675602 0.779633 0.675602 0.749583
2 0.328775 0.749583 0.328775 0.779633 0.410284 0.779633 0.410284 0.749583
2 0.914661 0.321369 0.914661 0.414023 0.936543 0.414023 0.936543 0.321369
2 0.774617 0.008347 0.774617 0.038397 0.852298 0.038397 0.852298 0.008347
2 0.587527 0.008347 0.587527 0.038397 0.669584 0.038397 0.669584 0.008347
2 0.503282 0.008347 0.503282 0.038397 0.579322 0.038397 0.579322 0.008347
2 0.345186 0.008347 0.345186 0.038397 0.423961 0.038397 0.423961 0.008347
2 0.126368 0.008347 0.126368 0.038397 0.192560 0.038397 0.192560 0.008347
