0 0.457639 0.907895 0.418750 0.906798 0.418750 0.657895 0.394444 0.657895 0.394444 0.668860 0.411806 0.669956 0.411111 0.907895 0.307639 0.906798 0.307639 0.669956 0.348611 0.668860 0.348611 0.657895 0.308333 0.657895 0.307639 0.640351 0.300694 0.640351 0.300694 0.839912 0.257639 0.841009 0.256944 0.907895 0.082639 0.907895 0.081944 0.839912 0.065972 0.839912 0.065972 0.924342 0.457639 0.924342
0 0.065972 0.470395 0.065972 0.585526 0.081944 0.585526 0.082639 0.539474 0.300000 0.539474 0.300694 0.546053 0.307639 0.546053 0.307639 0.517544 0.300694 0.517544 0.300000 0.520833 0.082639 0.520833 0.081944 0.470395
0 0.812500 0.383772 0.812500 0.396930 0.828472 0.396930 0.828472 0.383772
0 0.065972 0.071272 0.065972 0.209430 0.081944 0.209430 0.082639 0.107456 0.300000 0.107456 0.300694 0.423246 0.307639 0.423246 0.308333 0.396930 0.332639 0.396930 0.332639 0.385965 0.307639 0.384868 0.307639 0.108553 0.401389 0.107456 0.402083 0.358553 0.388194 0.359649 0.388194 0.384868 0.378472 0.385965 0.378472 0.396930 0.402083 0.398026 0.402083 0.519737 0.372222 0.520833 0.372222 0.539474 0.422917 0.539474 0.422917 0.520833 0.408333 0.519737 0.409028 0.107456 0.922222 0.108553 0.922222 0.497807 0.829167 0.498904 0.828472 0.491228 0.812500 0.491228 0.811806 0.521930 0.529167 0.521930 0.529167 0.906798 0.518056 0.907895 0.518056 0.924342 0.540972 0.924342 0.541667 0.539474 0.927778 0.539474 0.927778 0.071272
1 0.458333 0.907895 0.458333 0.924342 0.517361 0.924342 0.517361 0.907895
1 0.349306 0.657895 0.349306 0.668860 0.393750 0.668860 0.393750 0.657895
1 0.300694 0.547149 0.300694 0.639254 0.307639 0.639254 0.307639 0.547149
1 0.300694 0.424342 0.300694 0.516447 0.307639 0.516447 0.307639 0.424342
1 0.812500 0.398026 0.812500 0.490132 0.828472 0.490132 0.828472 0.398026
1 0.333333 0.385965 0.333333 0.396930 0.377778 0.396930 0.377778 0.385965
2 0.065972 0.586623 0.065972 0.838816 0.081944 0.838816 0.081944 0.586623
2 0.065972 0.210526 0.065972 0.469298 0.081944 0.469298 0.081944 0.210526
2 0.812500 0.110746 0.812500 0.382675 0.828472 0.382675 0.828472 0.110746
