0 0.768232 0.727947 0.742892 0.727947 0.742274 0.793075 0.514215 0.793075 0.513597 0.733718 0.506180 0.733718 0.505562 0.793075 0.324475 0.793075 0.324475 0.812036 0.768232 0.812036
0 0.742892 0.588623 0.742892 0.623248 0.768232 0.623248 0.768232 0.588623
0 0.742892 0.403133 0.742892 0.501237 0.768232 0.501237 0.768232 0.403133
0 0.375773 0.228359 0.375773 0.258862 0.381335 0.259687 0.381335 0.285243 0.414091 0.286068 0.414091 0.635614 0.411619 0.636439 0.411619 0.651278 0.420272 0.651278 0.420272 0.636439 0.419036 0.635614 0.419036 0.376752 0.423362 0.375927 0.423362 0.366035 0.419036 0.365210 0.419036 0.259687 0.436959 0.258862 0.436959 0.228359
0 0.225587 0.228359 0.225587 0.812036 0.277503 0.812036 0.277503 0.793075 0.241038 0.792251 0.241038 0.652102 0.361557 0.651278 0.361557 0.636439 0.241038 0.635614 0.241038 0.259687 0.309023 0.258862 0.309023 0.228359
0 0.631644 0.228359 0.581582 0.228359 0.580964 0.226711 0.574166 0.226711 0.573548 0.228359 0.472188 0.228359 0.472188 0.258862 0.506180 0.259687 0.506180 0.365210 0.458591 0.366035 0.458591 0.375927 0.506180 0.376752 0.506180 0.447650 0.492583 0.448475 0.492583 0.541632 0.506180 0.542457 0.506180 0.635614 0.462299 0.636439 0.462299 0.651278 0.513597 0.651278 0.514215 0.465787 0.613721 0.465787 0.613721 0.457543 0.513597 0.456719 0.513597 0.259687 0.631644 0.258862
0 0.669963 0.228359 0.669963 0.258862 0.742274 0.258862 0.742892 0.319044 0.768232 0.319044 0.768232 0.228359 0.734858 0.228359 0.734240 0.224237 0.728059 0.224237 0.727441 0.228359
0 0.723115 0.025556 0.723115 0.034625 0.727441 0.034625 0.728059 0.037923 0.734240 0.037923 0.734240 0.025556
0 0.574166 0.025556 0.574166 0.038747 0.580964 0.038747 0.581582 0.034625 0.585909 0.034625 0.585909 0.025556
1 0.278121 0.793075 0.278121 0.812036 0.323857 0.812036 0.323857 0.793075
1 0.420890 0.636439 0.420890 0.651278 0.461681 0.651278 0.461681 0.636439
1 0.362176 0.636439 0.362176 0.651278 0.411001 0.651278 0.411001 0.636439
1 0.423980 0.366035 0.423980 0.375927 0.457973 0.375927 0.457973 0.366035
1 0.632262 0.228359 0.632262 0.258862 0.669345 0.258862 0.669345 0.228359
2 0.742892 0.624073 0.742892 0.727123 0.768232 0.727123 0.768232 0.624073
2 0.742892 0.502061 0.742892 0.587799 0.768232 0.587799 0.768232 0.502061
2 0.742892 0.319868 0.742892 0.402308 0.768232 0.402308 0.768232 0.319868
2 0.437577 0.228359 0.437577 0.258862 0.471570 0.258862 0.471570 0.228359
2 0.309642 0.228359 0.309642 0.258862 0.375155 0.258862 0.375155 0.228359
2 0.574166 0.039571 0.574166 0.225886 0.580964 0.225886 0.580964 0.039571
2 0.728059 0.038747 0.728059 0.223413 0.734240 0.223413 0.734240 0.038747
2 0.586527 0.025556 0.586527 0.034625 0.722497 0.034625 0.722497 0.025556
