0 0.233208 0.822208 0.233208 0.843419 0.250940 0.843419 0.250940 0.822208
0 0.517464 0.691828 0.517464 0.698690 0.519076 0.699314 0.519076 0.821585 0.517464 0.822208 0.517464 0.843419 0.535733 0.843419 0.535733 0.822208 0.524987 0.821585 0.524987 0.699314 0.527136 0.698690 0.527136 0.691828
0 0.468028 0.691828 0.428264 0.691828 0.427727 0.688709 0.421816 0.688709 0.421279 0.822208 0.316497 0.822208 0.316497 0.843419 0.468028 0.843419 0.468028 0.822208 0.427727 0.821585 0.427727 0.699314 0.468028 0.698690
0 0.601290 0.657517 0.595379 0.657517 0.595379 0.691204 0.571736 0.691828 0.571736 0.698690 0.595379 0.699314 0.595379 0.821585 0.568512 0.822208 0.568512 0.843419 0.617410 0.843419 0.617410 0.822208 0.601290 0.821585
0 0.595379 0.597629 0.595379 0.606987 0.601290 0.606987 0.601827 0.604492 0.755508 0.605115 0.755508 0.821585 0.713595 0.822208 0.713595 0.843419 0.777539 0.843419 0.777539 0.822208 0.761419 0.821585 0.761419 0.605115 0.763568 0.604492 0.763568 0.597629
0 0.161204 0.584529 0.161204 0.663132 0.233208 0.663755 0.233208 0.785402 0.249866 0.785402 0.250403 0.636931 0.421279 0.636931 0.421816 0.638802 0.427727 0.638802 0.427727 0.590143 0.421816 0.590143 0.421279 0.630069 0.250403 0.630069 0.249866 0.592639 0.231059 0.592639 0.231059 0.599501 0.243955 0.600125 0.243418 0.643169 0.178936 0.643169 0.178399 0.600125 0.198280 0.599501 0.198280 0.592639 0.178936 0.592639 0.178399 0.584529
0 0.161204 0.525889 0.161204 0.534623 0.178399 0.534623 0.178399 0.525889
0 0.934444 0.491578 0.917249 0.491578 0.916711 0.597629 0.807630 0.597629 0.807630 0.604492 0.917249 0.605115 0.917249 0.821585 0.875336 0.822208 0.875336 0.843419 0.934444 0.843419
0 0.584095 0.447286 0.578184 0.447286 0.577646 0.485964 0.476088 0.485964 0.476088 0.492826 0.556153 0.492826 0.556690 0.530880 0.584095 0.530880
0 0.917249 0.410480 0.917249 0.414847 0.934444 0.414847 0.934444 0.410480
0 0.161204 0.399875 0.161204 0.505303 0.178399 0.505303 0.178936 0.492202 0.238044 0.492202 0.238581 0.531503 0.244492 0.531503 0.244492 0.492826 0.245567 0.492202 0.245567 0.485340 0.185384 0.485340 0.184847 0.399875
0 0.916174 0.316282 0.916174 0.336245 0.934444 0.336245 0.934444 0.316282
0 0.846857 0.316282 0.846857 0.336245 0.851693 0.336245 0.851693 0.316282
0 0.645352 0.316282 0.645352 0.336245 0.751209 0.336245 0.751209 0.316282
0 0.578184 0.311915 0.578184 0.336245 0.602364 0.336245 0.602364 0.316282 0.595916 0.316282 0.595379 0.311915
0 0.161204 0.307548 0.161204 0.361198 0.184847 0.361198 0.185384 0.343107 0.213864 0.343107 0.213864 0.336245 0.178936 0.336245 0.178399 0.307548
0 0.577646 0.217717 0.577646 0.237679 0.595379 0.238303 0.595379 0.217717
0 0.511553 0.145352 0.494358 0.145352 0.493821 0.229570 0.385814 0.229570 0.385814 0.237679 0.528211 0.237679 0.528211 0.217717 0.511553 0.217093
0 0.204191 0.119775 0.204191 0.217093 0.161204 0.217717 0.161204 0.266999 0.178399 0.266999 0.178936 0.237679 0.303063 0.237679 0.303600 0.335621 0.247179 0.336245 0.247179 0.343107 0.303600 0.343731 0.303600 0.484716 0.289629 0.485340 0.289629 0.492202 0.421279 0.492202 0.421816 0.538989 0.427727 0.538989 0.427727 0.485340 0.309511 0.484716 0.309511 0.238303 0.341752 0.237679 0.341752 0.229570 0.286943 0.228946 0.286943 0.109170 0.281032 0.109170 0.281032 0.228946 0.221924 0.229570 0.221386 0.119775
0 0.494358 0.011853 0.494358 0.031815 0.511553 0.031815 0.511553 0.011853
0 0.340677 0.011853 0.340677 0.031815 0.463192 0.031815 0.463192 0.011853
0 0.204191 0.093575 0.221386 0.093575 0.221924 0.031815 0.280494 0.031815 0.281032 0.071740 0.286943 0.071740 0.286943 0.032439 0.306824 0.031815 0.306824 0.011853 0.204191 0.011853
1 0.468565 0.822208 0.468565 0.843419 0.516926 0.843419 0.516926 0.822208
1 0.527673 0.691828 0.527673 0.698690 0.571198 0.698690 0.571198 0.691828
1 0.468565 0.691828 0.468565 0.698690 0.516926 0.698690 0.516926 0.691828
1 0.421816 0.639426 0.421816 0.688085 0.427727 0.688085 0.427727 0.639426
1 0.595379 0.607611 0.595379 0.656893 0.601290 0.656893 0.601290 0.607611
1 0.764105 0.597629 0.764105 0.604492 0.807093 0.604492 0.807093 0.597629
1 0.198818 0.592639 0.198818 0.599501 0.230521 0.599501 0.230521 0.592639
1 0.421816 0.539613 0.421816 0.589520 0.427727 0.589520 0.427727 0.539613
1 0.161204 0.535246 0.161204 0.583905 0.178399 0.583905 0.178399 0.535246
1 0.246104 0.485340 0.246104 0.492202 0.289092 0.492202 0.289092 0.485340
1 0.214401 0.336245 0.214401 0.343107 0.246642 0.343107 0.246642 0.336245
1 0.602902 0.316282 0.602902 0.336245 0.644815 0.336245 0.644815 0.316282
1 0.342289 0.229570 0.342289 0.237679 0.385277 0.237679 0.385277 0.229570
1 0.281032 0.072364 0.281032 0.108546 0.286943 0.108546 0.286943 0.072364
2 0.778076 0.822208 0.778076 0.843419 0.874798 0.843419 0.874798 0.822208
2 0.617947 0.822208 0.617947 0.843419 0.713057 0.843419 0.713057 0.822208
2 0.536271 0.822208 0.536271 0.843419 0.567974 0.843419 0.567974 0.822208
2 0.251478 0.822208 0.251478 0.843419 0.315959 0.843419 0.315959 0.822208
2 0.233208 0.786026 0.233208 0.821585 0.249866 0.821585 0.249866 0.786026
2 0.161204 0.505926 0.161204 0.525265 0.178399 0.525265 0.178399 0.505926
2 0.917249 0.415471 0.917249 0.490954 0.934444 0.490954 0.934444 0.415471
2 0.161204 0.361822 0.161204 0.399251 0.184847 0.399251 0.184847 0.361822
2 0.917249 0.336868 0.917249 0.409857 0.934444 0.409857 0.934444 0.336868
2 0.852230 0.316282 0.852230 0.336245 0.915637 0.336245 0.915637 0.316282
2 0.751746 0.316282 0.751746 0.336245 0.846319 0.336245 0.846319 0.316282
2 0.161204 0.267623 0.161204 0.306925 0.178399 0.306925 0.178399 0.267623
2 0.578184 0.238927 0.578184 0.311291 0.595379 0.311291 0.595379 0.238927
2 0.528748 0.217717 0.528748 0.237679 0.577109 0.237679 0.577109 0.217717
2 0.204191 0.094198 0.204191 0.119152 0.221386 0.119152 0.221386 0.094198
2 0.463729 0.011853 0.463729 0.031815 0.494358 0.032439 0.494358 0.144729 0.511553 0.144729 0.511553 0.032439 0.494358 0.032439 0.493821 0.011853
2 0.307362 0.011853 0.307362 0.031815 0.340140 0.031815 0.340140 0.011853
