0 0.224490 0.759969 0.224490 0.788231 0.254215 0.788231 0.254215 0.777003 0.238687 0.776616 0.238687 0.759969
0 0.505768 0.738676 0.505768 0.776616 0.499556 0.777003 0.499556 0.788231 0.540816 0.788618 0.540816 0.846690 0.544809 0.846690 0.545253 0.788231 0.630878 0.788231 0.630878 0.751065 0.616681 0.751065 0.616238 0.777003 0.512422 0.777003 0.511979 0.738676
0 0.447649 0.695316 0.415705 0.695316 0.415705 0.698800 0.443656 0.699187 0.443212 0.777003 0.281278 0.777003 0.281278 0.788231 0.311446 0.788618 0.311446 0.846690 0.430346 0.846690 0.430346 0.843206 0.315883 0.843206 0.315439 0.788618 0.457853 0.788231 0.457853 0.777003 0.447649 0.776616
0 0.224490 0.684475 0.224490 0.710414 0.238687 0.710414 0.238687 0.684475
0 0.575865 0.677894 0.575865 0.682153 0.616238 0.682153 0.616681 0.702284 0.630878 0.702284 0.630878 0.669764 0.610914 0.669764 0.610470 0.677894
0 0.224490 0.635308 0.224490 0.651568 0.238687 0.651568 0.238687 0.635308
0 0.567879 0.602013 0.567879 0.609756 0.610470 0.609756 0.610914 0.644986 0.630878 0.644986 0.630878 0.601626
0 0.462733 0.572203 0.462733 0.609369 0.467613 0.609369 0.467613 0.572203
0 0.224490 0.527681 0.224490 0.562524 0.238687 0.562524 0.239130 0.538908 0.415705 0.538908 0.416149 0.651568 0.421917 0.651568 0.421917 0.539295 0.505324 0.538908 0.505768 0.609756 0.532831 0.610143 0.532831 0.677507 0.505768 0.677894 0.505768 0.706930 0.511979 0.706930 0.512422 0.682153 0.539485 0.682153 0.539485 0.677894 0.538154 0.677507 0.538154 0.610143 0.539485 0.609756 0.539485 0.602013 0.516415 0.601626 0.516859 0.538908 0.616238 0.538908 0.616681 0.578010 0.630878 0.578010 0.631322 0.535037 0.688110 0.535037 0.688554 0.598142 0.772405 0.598142 0.772405 0.590786 0.695652 0.590786 0.695652 0.538908 0.813665 0.538908 0.814108 0.590399 0.811446 0.590786 0.811446 0.598142 0.820763 0.598142 0.820763 0.533488 0.631322 0.533488 0.630878 0.527681
0 0.608252 0.353852 0.608252 0.394503 0.601597 0.394890 0.601597 0.407278 0.622449 0.407278 0.622449 0.353852
0 0.216948 0.344561 0.216948 0.407278 0.238687 0.407278 0.238687 0.394890 0.231145 0.394503 0.231145 0.344561
0 0.432121 0.322493 0.414818 0.322493 0.414374 0.319783 0.407276 0.319783 0.406832 0.394890 0.292369 0.394890 0.292369 0.407278 0.415262 0.407278 0.415262 0.394890 0.414374 0.394503 0.414374 0.327526 0.432121 0.327139
0 0.503993 0.300813 0.499113 0.300813 0.498669 0.322493 0.468057 0.322493 0.468057 0.327139 0.499113 0.327526 0.499113 0.394503 0.440106 0.394890 0.440106 0.407278 0.546140 0.407278 0.546140 0.394890 0.503993 0.394503
0 0.608252 0.268293 0.608252 0.305072 0.622449 0.305072 0.622449 0.268293
0 0.452972 0.191638 0.452972 0.245451 0.455191 0.245451 0.455634 0.228029 0.498669 0.228029 0.499113 0.268680 0.503993 0.268680 0.503993 0.216802 0.505768 0.216415 0.505768 0.210221 0.503993 0.209834 0.503993 0.157569 0.607808 0.157182 0.608252 0.209834 0.541260 0.210221 0.541260 0.216415 0.607808 0.216415 0.608252 0.243515 0.622449 0.243515 0.622449 0.144793 0.497782 0.144793 0.497782 0.157182 0.499113 0.157569 0.498669 0.226094 0.457409 0.226094 0.456965 0.191638
0 0.453860 0.144793 0.453860 0.157182 0.456965 0.157182 0.456965 0.144793
0 0.407276 0.144793 0.407276 0.246612 0.414374 0.246612 0.414818 0.144793
0 0.364241 0.144793 0.364241 0.157182 0.367347 0.157182 0.367347 0.144793
0 0.216948 0.144793 0.216948 0.179636 0.210293 0.180023 0.210293 0.231127 0.216948 0.231514 0.216948 0.295393 0.231145 0.295393 0.231588 0.285327 0.406832 0.285327 0.407276 0.286101 0.414374 0.286101 0.414374 0.278746 0.407276 0.278746 0.406832 0.280294 0.231588 0.280294 0.231145 0.226868 0.216948 0.226868 0.216504 0.228804 0.212955 0.228417 0.212955 0.182733 0.231145 0.183120 0.231588 0.157182 0.321207 0.157182 0.321207 0.144793
1 0.458296 0.777003 0.458296 0.788231 0.499113 0.788231 0.499113 0.777003
1 0.505768 0.707317 0.505768 0.738289 0.511979 0.738289 0.511979 0.707317
1 0.539929 0.677894 0.539929 0.682153 0.575421 0.682153 0.575421 0.677894
1 0.224490 0.651955 0.224490 0.684088 0.238687 0.684088 0.238687 0.651955
1 0.539929 0.602013 0.539929 0.609756 0.567436 0.609756 0.567436 0.602013
1 0.772848 0.590786 0.772848 0.598142 0.811003 0.598142 0.811003 0.590786
1 0.432564 0.322493 0.432564 0.327139 0.467613 0.327139 0.467613 0.322493
1 0.407276 0.286489 0.407276 0.319396 0.414374 0.319396 0.414374 0.286489
1 0.499113 0.269067 0.499113 0.300426 0.503993 0.300426 0.503993 0.269067
1 0.407276 0.247000 0.407276 0.278358 0.414374 0.278358 0.414374 0.247000
1 0.506211 0.210221 0.506211 0.216415 0.540816 0.216415 0.540816 0.210221
1 0.216948 0.183508 0.216948 0.226481 0.231145 0.226481 0.231145 0.183508
2 0.254658 0.777003 0.254658 0.788231 0.280834 0.788231 0.280834 0.777003
2 0.224490 0.710801 0.224490 0.759582 0.238687 0.759582 0.238687 0.710801
2 0.616681 0.702671 0.616681 0.750678 0.630878 0.750678 0.630878 0.702671
2 0.610914 0.645374 0.610914 0.669377 0.630878 0.669377 0.630878 0.645374
2 0.616681 0.578397 0.616681 0.601239 0.630878 0.601239 0.630878 0.578397
2 0.224490 0.562911 0.224490 0.634921 0.238687 0.634921 0.238687 0.562911
2 0.546584 0.394890 0.546584 0.407278 0.601154 0.407278 0.601154 0.394890
2 0.415705 0.394890 0.415705 0.407278 0.439663 0.407278 0.439663 0.394890
2 0.239130 0.394890 0.239130 0.407278 0.291925 0.407278 0.291925 0.394890
2 0.608252 0.305459 0.608252 0.353465 0.622449 0.353465 0.622449 0.305459
2 0.216948 0.295780 0.216948 0.344173 0.231145 0.344173 0.231145 0.295780
2 0.608252 0.243902 0.608252 0.267906 0.622449 0.267906 0.622449 0.243902
2 0.457409 0.144793 0.457409 0.157182 0.497338 0.157182 0.497338 0.144793
2 0.415262 0.144793 0.415262 0.157182 0.453416 0.157182 0.453416 0.144793
2 0.367791 0.144793 0.367791 0.157182 0.406832 0.157182 0.406832 0.144793
2 0.321650 0.144793 0.321650 0.157182 0.363798 0.157182 0.363798 0.144793
