0 0.379224 0.789116 0.369159 0.789116 0.368799 0.854308 0.308411 0.854308 0.308411 0.870181 0.379224 0.870181
0 0.148454 0.735828 0.144141 0.735828 0.143781 0.747732 0.118620 0.747732 0.118620 0.754535 0.143063 0.755102 0.142703 0.851474 0.071891 0.851474 0.071531 0.819728 0.058231 0.819728 0.058231 0.870181 0.177570 0.870181 0.177570 0.854308 0.148454 0.853741
0 0.058231 0.714853 0.058231 0.788549 0.071531 0.788549 0.071531 0.755102 0.088785 0.754535 0.088785 0.747732 0.073329 0.747732 0.072969 0.714853
0 0.267074 0.683107 0.259166 0.693878 0.259166 0.698980 0.261682 0.699546 0.261323 0.781746 0.214953 0.781179 0.214953 0.699546 0.229331 0.698980 0.229331 0.693878 0.215313 0.693878 0.214953 0.691043 0.210999 0.691043 0.210999 0.787415 0.261323 0.787415 0.261682 0.853741 0.215313 0.854308 0.214953 0.831066 0.210999 0.831066 0.210999 0.853741 0.207045 0.854308 0.207045 0.870181 0.287563 0.870181 0.287563 0.854308 0.264917 0.853741 0.264917 0.694444 0.269590 0.687075
0 0.668224 0.635488 0.668224 0.642290 0.675054 0.642857 0.675054 0.854875 0.659957 0.855442 0.659957 0.870748 0.695183 0.870748 0.695183 0.855442 0.678648 0.854875 0.679008 0.635488
0 0.026600 0.613379 0.026600 0.653061 0.057872 0.653061 0.058231 0.682540 0.072969 0.682540 0.073329 0.642857 0.143781 0.642857 0.144141 0.689342 0.148454 0.689342 0.148814 0.641723 0.210640 0.641723 0.210999 0.644558 0.214953 0.644558 0.214953 0.637188 0.037743 0.637188 0.037383 0.613379
0 0.443566 0.576531 0.433501 0.576531 0.433501 0.634921 0.418045 0.635488 0.418045 0.651361 0.443566 0.651361
0 0.377067 0.575397 0.369159 0.575397 0.368799 0.625283 0.303379 0.625283 0.297987 0.633787 0.300863 0.638322 0.293314 0.650227 0.305536 0.630952 0.368799 0.630952 0.369159 0.706916 0.379224 0.706916 0.379224 0.651927 0.384615 0.651361 0.384615 0.635488 0.377067 0.634921
0 0.026600 0.561791 0.026600 0.564626 0.037383 0.564626 0.037383 0.561791
0 0.485622 0.558957 0.485622 0.562358 0.496046 0.562358 0.496046 0.558957
0 0.026600 0.509637 0.026600 0.513605 0.037383 0.513605 0.037383 0.509637
0 0.485622 0.506803 0.485622 0.512472 0.496046 0.512472 0.496046 0.506803
0 0.369159 0.505669 0.369159 0.523810 0.377067 0.523810 0.377067 0.505669
0 0.295111 0.482993 0.295111 0.485828 0.336089 0.485828 0.336808 0.521542 0.338605 0.521542 0.338246 0.482993
0 0.068656 0.376984 0.058231 0.376984 0.057872 0.420635 0.026600 0.420635 0.026600 0.462018 0.037383 0.462018 0.037743 0.437642 0.068656 0.437642
0 0.271387 0.430839 0.271387 0.435941 0.368799 0.435941 0.369159 0.473356 0.377067 0.473356 0.377426 0.434807 0.433142 0.434807 0.433501 0.493764 0.443566 0.493764 0.443566 0.418934 0.379583 0.418934 0.379224 0.365079 0.369159 0.365079 0.368799 0.430839
0 0.209921 0.327664 0.209921 0.429705 0.193386 0.430272 0.193386 0.436508 0.209921 0.437075 0.209921 0.561224 0.214234 0.561224 0.214234 0.327664
0 0.710280 0.234127 0.710280 0.250000 0.715313 0.250567 0.715313 0.318027 0.719267 0.318027 0.719267 0.250567 0.726096 0.250000 0.726096 0.234127
0 0.677930 0.234127 0.677930 0.250000 0.680446 0.250000 0.680446 0.234127
0 0.310568 0.233560 0.310568 0.249433 0.368799 0.249433 0.369159 0.282880 0.379224 0.282880 0.379224 0.233560
0 0.208843 0.233560 0.208843 0.249433 0.257009 0.249433 0.257009 0.233560
0 0.175413 0.233560 0.175413 0.249433 0.179008 0.249433 0.179008 0.233560
0 0.058231 0.295351 0.068656 0.295351 0.069015 0.249433 0.123293 0.249433 0.123293 0.233560 0.058231 0.233560
0 0.592380 0.089569 0.592380 0.233560 0.553559 0.234127 0.553559 0.416667 0.485622 0.417234 0.485622 0.459751 0.496046 0.459751 0.496405 0.433673 0.634436 0.433673 0.634795 0.634921 0.496405 0.635488 0.496046 0.611111 0.485622 0.611111 0.485622 0.651927 0.553559 0.652494 0.553559 0.870748 0.608555 0.870748 0.608555 0.855442 0.561107 0.854875 0.561107 0.642857 0.638749 0.642290 0.638749 0.635488 0.636592 0.634921 0.636592 0.434240 0.669662 0.433673 0.669662 0.428571 0.561107 0.428005 0.561107 0.250567 0.637671 0.250000 0.637671 0.234127 0.597412 0.233560 0.597771 0.097506 0.750180 0.097506 0.750539 0.233560 0.746226 0.234127 0.746226 0.250000 0.790439 0.250567 0.790439 0.428005 0.719626 0.428571 0.719267 0.360544 0.715313 0.360544 0.715313 0.428005 0.699497 0.428571 0.699497 0.433673 0.823868 0.433673 0.824227 0.492630 0.794752 0.493197 0.794393 0.482993 0.705967 0.482993 0.705967 0.496032 0.713515 0.496599 0.713515 0.560658 0.717110 0.560658 0.717469 0.498866 0.790439 0.499433 0.790439 0.634921 0.717469 0.635488 0.717110 0.601474 0.713515 0.601474 0.713515 0.634921 0.708483 0.635488 0.708483 0.642290 0.790439 0.642857 0.790439 0.854875 0.746585 0.855442 0.746585 0.870748 0.798347 0.870748 0.798347 0.506236 0.831416 0.505669 0.831416 0.422336 0.798347 0.421769 0.798347 0.234127 0.755212 0.233560 0.755212 0.089569
1 0.177930 0.854308 0.177930 0.870181 0.206686 0.870181 0.206686 0.854308
1 0.210999 0.787982 0.210999 0.830499 0.214953 0.830499 0.214953 0.787982
1 0.089145 0.747732 0.089145 0.754535 0.118260 0.754535 0.118260 0.747732
1 0.229691 0.693878 0.229691 0.698980 0.258807 0.698980 0.258807 0.693878
1 0.144141 0.689909 0.144141 0.735261 0.148454 0.735261 0.148454 0.689909
1 0.210999 0.645125 0.210999 0.690476 0.214953 0.690476 0.214953 0.645125
1 0.679367 0.635488 0.679367 0.642290 0.708124 0.642290 0.708124 0.635488
1 0.639109 0.635488 0.639109 0.642290 0.667865 0.642290 0.667865 0.635488
1 0.384975 0.635488 0.384975 0.651361 0.417685 0.651361 0.417685 0.635488
1 0.297628 0.633787 0.267074 0.682540 0.269950 0.687075 0.300503 0.638322
1 0.713515 0.561224 0.713515 0.600907 0.717110 0.600907 0.717110 0.561224
1 0.369159 0.524376 0.369159 0.574830 0.377067 0.574830 0.377067 0.524376
1 0.670022 0.428571 0.670022 0.433673 0.699137 0.433673 0.699137 0.428571
1 0.715313 0.318594 0.715313 0.359977 0.719267 0.359977 0.719267 0.318594
1 0.680805 0.234127 0.680805 0.250000 0.709921 0.250000 0.709921 0.234127
1 0.179367 0.233560 0.179367 0.249433 0.208483 0.249433 0.208483 0.233560
2 0.695543 0.855442 0.695543 0.870748 0.746226 0.870748 0.746226 0.855442
2 0.608914 0.855442 0.608914 0.870748 0.659597 0.870748 0.659597 0.855442
2 0.287922 0.854308 0.287922 0.870181 0.308052 0.870181 0.308052 0.854308
2 0.058231 0.789116 0.058231 0.819161 0.071531 0.819161 0.071531 0.789116
2 0.369159 0.707483 0.369159 0.788549 0.379224 0.788549 0.379224 0.707483
2 0.058231 0.683107 0.058231 0.714286 0.072969 0.714286 0.072969 0.683107
2 0.026600 0.565193 0.026600 0.612812 0.037383 0.612812 0.037383 0.565193
2 0.485622 0.562925 0.485622 0.610544 0.496046 0.610544 0.496046 0.562925
2 0.026600 0.514172 0.026600 0.561224 0.037383 0.561224 0.037383 0.514172
2 0.485622 0.513039 0.485622 0.558390 0.496046 0.558390 0.496046 0.513039
2 0.433501 0.494331 0.433501 0.575964 0.443566 0.575964 0.443566 0.494331
2 0.369159 0.473923 0.369159 0.505102 0.377067 0.505102 0.377067 0.473923
2 0.026600 0.462585 0.026600 0.509070 0.037383 0.509070 0.037383 0.462585
2 0.485622 0.460317 0.485622 0.506236 0.496046 0.506236 0.496046 0.460317
2 0.058231 0.295918 0.058231 0.376417 0.068656 0.376417 0.068656 0.295918
2 0.369159 0.283447 0.369159 0.364512 0.379224 0.364512 0.379224 0.283447
2 0.726456 0.234127 0.726456 0.250000 0.745866 0.250000 0.745866 0.234127
2 0.638030 0.234127 0.638030 0.250000 0.677570 0.250000 0.677570 0.234127
2 0.257369 0.233560 0.257369 0.249433 0.310208 0.249433 0.310208 0.233560
2 0.123652 0.233560 0.123652 0.249433 0.175054 0.249433 0.175054 0.233560
