0 0.145255 0.670396 0.145255 0.678141 0.154293 0.678141 0.154293 0.670396
0 0.684312 0.628227 0.684312 0.722892 0.680439 0.723752 0.680439 0.735800 0.969012 0.735800 0.969012 0.679862 0.959329 0.679862 0.958683 0.723752 0.693996 0.723752 0.693351 0.628227
0 0.145255 0.513769 0.145255 0.522375 0.154293 0.522375 0.154293 0.513769
0 0.959329 0.452668 0.959329 0.512048 0.969012 0.512048 0.969012 0.452668
0 0.145255 0.435456 0.145255 0.440620 0.154293 0.440620 0.154293 0.435456
0 0.684312 0.333046 0.684312 0.376936 0.702389 0.376936 0.702389 0.364888 0.693351 0.364028 0.693351 0.333046
0 0.145255 0.239243 0.145255 0.246127 0.154293 0.246127 0.154293 0.239243
0 0.031633 0.735800 0.624274 0.735800 0.624274 0.723752 0.504196 0.722892 0.504196 0.513769 0.453841 0.513769 0.453841 0.525818 0.495158 0.526678 0.495158 0.672117 0.475791 0.672978 0.475145 0.723752 0.041317 0.723752 0.041317 0.190189 0.144609 0.190189 0.145255 0.191910 0.154293 0.191910 0.154939 0.190189 0.493867 0.190189 0.494513 0.374355 0.542931 0.421687 0.548096 0.412220 0.503551 0.368330 0.504196 0.190189 0.683667 0.190189 0.684312 0.276248 0.693351 0.276248 0.693996 0.190189 0.777921 0.190189 0.778567 0.364028 0.726275 0.364888 0.726275 0.376936 0.739187 0.377797 0.661072 0.522375 0.582957 0.445783 0.577792 0.455250 0.683667 0.559380 0.684312 0.563683 0.693351 0.563683 0.693351 0.554217 0.668173 0.529260 0.750807 0.376936 0.787605 0.376936 0.787605 0.191050 0.958683 0.190189 0.959329 0.285714 0.969012 0.285714 0.969012 0.178141 0.031633 0.178141
1 0.624919 0.723752 0.624919 0.735800 0.679793 0.735800 0.679793 0.723752
1 0.684312 0.564544 0.684312 0.627367 0.693351 0.627367 0.693351 0.564544
1 0.145255 0.441480 0.145255 0.512909 0.154293 0.512909 0.154293 0.441480
1 0.548741 0.412220 0.543577 0.422547 0.577147 0.455250 0.582311 0.444923
1 0.684312 0.277108 0.684312 0.332186 0.693351 0.332186 0.693351 0.277108
2 0.145255 0.679002 0.145255 0.722892 0.153648 0.723752 0.154293 0.679002
2 0.145255 0.523236 0.145255 0.669535 0.154293 0.669535 0.154293 0.523236
2 0.959329 0.512909 0.959329 0.679002 0.969012 0.679002 0.969012 0.512909
2 0.703034 0.364888 0.703034 0.376936 0.725629 0.376936 0.725629 0.364888
2 0.959329 0.286575 0.959329 0.451807 0.969012 0.451807 0.969012 0.286575
2 0.145255 0.246988 0.145255 0.434596 0.154293 0.434596 0.154293 0.246988
2 0.145255 0.192771 0.145255 0.238382 0.154293 0.238382 0.154293 0.192771
