0 0.535527 0.890696 0.535527 0.915420 0.543634 0.915420 0.543634 0.890696
0 0.483548 0.890696 0.483548 0.915420 0.491655 0.915420 0.491655 0.890696
0 0.604673 0.888094 0.587506 0.888094 0.587029 0.890696 0.567954 0.890696 0.567954 0.915420 0.604673 0.915420
0 0.423462 0.888094 0.423462 0.915420 0.460181 0.915420 0.460181 0.890696 0.442060 0.890696 0.441583 0.888094
0 0.439676 0.782043 0.434430 0.782043 0.433953 0.829538 0.337625 0.829538 0.337625 0.851008 0.422985 0.851008 0.423462 0.852960 0.441583 0.852960 0.441583 0.829538 0.439676 0.828887
0 0.219361 0.778790 0.219361 0.851008 0.266571 0.851008 0.266571 0.829538 0.236052 0.828887 0.236052 0.778790
0 0.586552 0.655823 0.586552 0.662329 0.615165 0.662980 0.615165 0.831490 0.587506 0.832141 0.587506 0.855563 0.629471 0.855563 0.629471 0.832141 0.620410 0.831490 0.620410 0.731295 0.626133 0.730644 0.626133 0.723487 0.620410 0.722837 0.620410 0.655823
0 0.219361 0.585556 0.219361 0.623943 0.212208 0.624593 0.212208 0.633051 0.219361 0.633702 0.219361 0.648666 0.236052 0.648666 0.236528 0.611581 0.331426 0.612232 0.330949 0.703318 0.236528 0.703318 0.236052 0.693559 0.219361 0.693559 0.219361 0.731295 0.236052 0.731295 0.236528 0.713728 0.341440 0.713728 0.341440 0.703318 0.338102 0.702668 0.338102 0.602472 0.236528 0.602472 0.236052 0.585556
0 0.682403 0.570592 0.682403 0.579701 0.711016 0.580351 0.711016 0.722837 0.674297 0.723487 0.674297 0.730644 0.711016 0.731295 0.711016 0.831490 0.669051 0.832141 0.669051 0.855563 0.762518 0.855563 0.762518 0.832141 0.717692 0.831490 0.717692 0.580351 0.721984 0.579701 0.721984 0.570592
0 0.764425 0.570592 0.764425 0.579701 0.865045 0.580351 0.865045 0.831490 0.833572 0.832141 0.833572 0.855563 0.882213 0.855563 0.882213 0.597918 0.883166 0.597267 0.883166 0.570592 0.826896 0.570592 0.826419 0.564736 0.821173 0.564736 0.820696 0.570592
0 0.439676 0.490566 0.434430 0.490566 0.433953 0.538061 0.378636 0.538061 0.378636 0.547170 0.434430 0.547820 0.434430 0.702668 0.382451 0.703318 0.382451 0.713728 0.433953 0.713728 0.434430 0.723487 0.439676 0.723487
0 0.864092 0.167859 0.864092 0.191282 0.907964 0.191932 0.907964 0.450878 0.812113 0.451529 0.812113 0.458686 0.821173 0.459336 0.821173 0.509434 0.826419 0.509434 0.826896 0.458686 0.907487 0.458686 0.907964 0.569941 0.907010 0.570592 0.907010 0.597267 0.925131 0.597267 0.925131 0.167859
0 0.790653 0.167859 0.746781 0.167859 0.746781 0.191282 0.762518 0.191932 0.762518 0.450878 0.650453 0.451529 0.649976 0.341574 0.643777 0.341574 0.643777 0.458686 0.771102 0.458686 0.771102 0.451529 0.767287 0.450878 0.767287 0.191932 0.790653 0.191282
0 0.615165 0.167859 0.615165 0.191282 0.643777 0.191932 0.643777 0.262199 0.649976 0.262199 0.649976 0.191932 0.672866 0.191282 0.672866 0.167859
0 0.566047 0.167859 0.566047 0.191282 0.569862 0.191282 0.569862 0.167859
0 0.479256 0.167859 0.479256 0.191282 0.520267 0.191282 0.520267 0.167859
0 0.340010 0.167859 0.340010 0.191282 0.434430 0.191932 0.434430 0.360442 0.439676 0.360442 0.439676 0.191932 0.444444 0.191282 0.444444 0.167859
0 0.172628 0.068315 0.172628 0.087833 0.224130 0.088484 0.224130 0.435264 0.190272 0.435914 0.190272 0.455433 0.219361 0.456083 0.219361 0.544567 0.236052 0.544567 0.236528 0.489915 0.330472 0.489915 0.330949 0.554977 0.337625 0.554977 0.337625 0.547820 0.341440 0.547170 0.341440 0.538061 0.337625 0.537411 0.337625 0.476252 0.330949 0.476252 0.330472 0.479506 0.236528 0.479506 0.236528 0.428757 0.330472 0.428107 0.330949 0.433962 0.337625 0.433962 0.338102 0.428107 0.433953 0.428107 0.434430 0.433962 0.439676 0.433962 0.439676 0.416396 0.434430 0.416396 0.433953 0.420299 0.237005 0.420299 0.236528 0.191932 0.266571 0.191282 0.266571 0.167859 0.238436 0.167209 0.238436 0.068315
0 0.135432 0.068315 0.135432 0.087833 0.142585 0.087833 0.142585 0.068315
0 0.106342 0.068315 0.039580 0.068315 0.040057 0.614183 0.045303 0.614183 0.045303 0.456083 0.077730 0.455433 0.077730 0.435914 0.053887 0.435264 0.053887 0.088484 0.106342 0.087833
1 0.629948 0.832141 0.629948 0.855563 0.668574 0.855563 0.668574 0.832141
1 0.219361 0.731945 0.219361 0.778139 0.236052 0.778139 0.236052 0.731945
1 0.434430 0.724138 0.434430 0.781392 0.439676 0.781392 0.439676 0.724138
1 0.626609 0.723487 0.626609 0.730644 0.673820 0.730644 0.673820 0.723487
1 0.341917 0.703318 0.341917 0.713728 0.381974 0.713728 0.381974 0.703318
1 0.219361 0.649317 0.219361 0.692908 0.236052 0.692908 0.236052 0.649317
1 0.722461 0.570592 0.722461 0.579701 0.763948 0.579701 0.763948 0.570592
1 0.330949 0.555628 0.330949 0.601822 0.337625 0.601822 0.337625 0.555628
1 0.341917 0.538061 0.341917 0.547170 0.378159 0.547170 0.378159 0.538061
1 0.821173 0.510085 0.821173 0.564086 0.826419 0.564086 0.826419 0.510085
1 0.771578 0.451529 0.771578 0.458686 0.811636 0.458686 0.811636 0.451529
1 0.078207 0.435914 0.078207 0.455433 0.189795 0.455433 0.189795 0.435914
1 0.434430 0.434613 0.434430 0.489915 0.439676 0.489915 0.439676 0.434613
1 0.330949 0.434613 0.330949 0.475602 0.337625 0.475602 0.337625 0.434613
1 0.434430 0.361093 0.434430 0.415745 0.439676 0.415745 0.439676 0.361093
1 0.643777 0.262850 0.643777 0.340924 0.649976 0.340924 0.649976 0.262850
1 0.444921 0.167859 0.444921 0.191282 0.478779 0.191282 0.478779 0.167859
2 0.544111 0.890696 0.544111 0.915420 0.567477 0.915420 0.567477 0.890696
2 0.492132 0.890696 0.492132 0.915420 0.535050 0.915420 0.535050 0.890696
2 0.460658 0.890696 0.460658 0.915420 0.483071 0.915420 0.483071 0.890696
2 0.587506 0.856213 0.587506 0.887443 0.604673 0.887443 0.604673 0.856213
2 0.423462 0.853611 0.423462 0.887443 0.441583 0.887443 0.441583 0.853611
2 0.762995 0.832141 0.762995 0.855563 0.833095 0.855563 0.833095 0.832141
2 0.267048 0.829538 0.267048 0.851008 0.337148 0.851008 0.337148 0.829538
2 0.883643 0.570592 0.883643 0.597267 0.906533 0.597267 0.906533 0.570592
2 0.219361 0.545218 0.219361 0.584906 0.236052 0.584906 0.236052 0.545218
2 0.791130 0.167859 0.791130 0.191282 0.863615 0.191282 0.863615 0.167859
2 0.673343 0.167859 0.673343 0.191282 0.746304 0.191282 0.746304 0.167859
2 0.570339 0.167859 0.570339 0.191282 0.614688 0.191282 0.614688 0.167859
2 0.520744 0.167859 0.520744 0.191282 0.565570 0.191282 0.565570 0.167859
2 0.267048 0.167859 0.267048 0.191282 0.339533 0.191282 0.339533 0.167859
2 0.143062 0.068315 0.143062 0.087833 0.172151 0.087833 0.172151 0.068315
2 0.106819 0.068315 0.106819 0.087833 0.134955 0.087833 0.134955 0.068315
