0 0.863198 0.909431 0.863198 0.931886 0.867534 0.931886 0.867534 0.909431
0 0.688825 0.909431 0.688825 0.931886 0.693642 0.931886 0.693642 0.909431
0 0.631021 0.909431 0.631021 0.931886 0.634393 0.931886 0.634393 0.909431
0 0.561175 0.904192 0.561175 0.931886 0.578035 0.931886 0.578035 0.909431 0.575145 0.908683 0.575145 0.904192
0 0.923410 0.903443 0.923410 0.908683 0.922447 0.909431 0.922447 0.931886 0.937861 0.931886 0.937861 0.903443
0 0.497592 0.752994 0.497592 0.774701 0.509152 0.774701 0.509152 0.752994
0 0.298170 0.750000 0.298170 0.774701 0.315029 0.774701 0.315029 0.752994 0.314066 0.750000
0 0.761079 0.735778 0.761079 0.908683 0.746146 0.909431 0.746146 0.931886 0.839114 0.931886 0.839114 0.909431 0.765896 0.908683 0.765896 0.735778
0 0.162813 0.668413 0.162813 0.686377 0.206647 0.686377 0.206647 0.668413
0 0.695087 0.654940 0.695087 0.662425 0.699904 0.662425 0.699904 0.654940
0 0.553950 0.654192 0.553950 0.661677 0.571291 0.662425 0.571291 0.752246 0.552987 0.752994 0.552987 0.774701 0.561175 0.775449 0.561175 0.822605 0.575145 0.822605 0.575145 0.654192
0 0.498073 0.654192 0.498073 0.661677 0.510116 0.661677 0.510116 0.654192
0 0.643545 0.655689 0.646917 0.662425 0.650771 0.662425 0.650771 0.654940 0.648844 0.654940 0.646917 0.651198
0 0.461946 0.603293 0.457129 0.603293 0.457129 0.752246 0.369942 0.752994 0.369942 0.774701 0.478324 0.774701 0.478324 0.752994 0.461946 0.752246 0.461946 0.662425 0.477842 0.661677 0.477842 0.654192 0.461946 0.653443
0 0.009634 0.571108 0.009634 0.686377 0.045279 0.686377 0.045279 0.668413 0.020231 0.667665 0.020231 0.571108
0 0.009634 0.480539 0.009634 0.485778 0.020231 0.485778 0.020231 0.480539
0 0.761079 0.476796 0.761079 0.673653 0.765896 0.673653 0.766378 0.598054 0.922929 0.598054 0.923410 0.818114 0.937861 0.818114 0.937861 0.518713 0.923410 0.518713 0.922929 0.589820 0.864162 0.589820 0.863680 0.469311 0.853565 0.464820 0.852119 0.474551 0.858863 0.478293 0.858382 0.589820 0.766378 0.589820 0.765896 0.476796
0 0.619942 0.449850 0.616570 0.456587 0.616570 0.607784 0.621387 0.616018 0.624759 0.610778 0.625723 0.612275 0.621387 0.604790 0.621387 0.459581 0.624759 0.453593
0 0.695087 0.398952 0.695087 0.406437 0.699904 0.406437 0.699904 0.398952
0 0.651734 0.398952 0.646917 0.398952 0.644027 0.404940 0.647881 0.409431 0.649326 0.406437 0.651734 0.406437
0 0.009634 0.389970 0.009634 0.396707 0.020231 0.396707 0.020231 0.389970
0 0.972543 0.395958 0.938343 0.395958 0.937861 0.383982 0.923410 0.383982 0.923410 0.480539 0.937861 0.480539 0.937861 0.404192 0.972543 0.403443
0 0.937861 0.308383 0.923410 0.308383 0.922929 0.317365 0.859827 0.317365 0.859827 0.327096 0.922929 0.327096 0.923410 0.344311 0.937861 0.344311
0 0.742293 0.296407 0.742293 0.305389 0.805395 0.306138 0.805395 0.396707 0.778420 0.397455 0.778420 0.457335 0.811175 0.457335 0.821291 0.461826 0.820328 0.459581 0.821773 0.452096 0.811175 0.446856 0.811175 0.327844 0.823218 0.327096 0.823218 0.317365 0.811657 0.317365 0.811175 0.296407 0.796243 0.296407 0.795761 0.289671 0.790944 0.289671 0.790462 0.296407
0 0.876686 0.095060 0.876686 0.117515 0.923410 0.118263 0.923410 0.243263 0.937861 0.243263 0.937861 0.110778 0.994701 0.110030 0.994701 0.102545 0.938343 0.102545 0.937861 0.095060
0 0.850674 0.095060 0.760597 0.095060 0.760597 0.117515 0.790944 0.118263 0.790944 0.228293 0.795761 0.228293 0.795761 0.118263 0.850674 0.117515
0 0.731214 0.095060 0.731214 0.117515 0.734586 0.117515 0.734586 0.095060
0 0.677264 0.095060 0.543834 0.095060 0.543834 0.117515 0.569846 0.118263 0.569846 0.351048 0.531310 0.351796 0.531310 0.359281 0.606455 0.359281 0.606455 0.351796 0.574663 0.351048 0.574663 0.118263 0.677264 0.117515
0 0.485549 0.095060 0.485549 0.117515 0.489403 0.117515 0.489403 0.095060
0 0.456647 0.095060 0.457129 0.366766 0.461946 0.366766 0.462428 0.359281 0.492775 0.359281 0.492775 0.351796 0.461946 0.351048 0.462428 0.095060
0 0.426782 0.095060 0.426782 0.117515 0.430154 0.117515 0.430154 0.095060
0 0.372832 0.095060 0.290944 0.095060 0.290944 0.111527 0.302987 0.112275 0.302987 0.431886 0.271195 0.432635 0.271195 0.438623 0.302987 0.439371 0.302987 0.667665 0.250482 0.668413 0.250482 0.686377 0.297688 0.686377 0.298170 0.711826 0.314066 0.711826 0.314547 0.532934 0.456647 0.532934 0.457129 0.541916 0.461946 0.541916 0.461946 0.519461 0.457129 0.519461 0.456647 0.525449 0.394509 0.524701 0.394990 0.443862 0.456647 0.443862 0.457129 0.466317 0.461946 0.466317 0.461946 0.428144 0.457129 0.428144 0.456647 0.436377 0.384875 0.436377 0.384875 0.443862 0.389692 0.444611 0.389210 0.525449 0.314066 0.524701 0.314066 0.444611 0.350674 0.443862 0.350674 0.436377 0.314066 0.435629 0.314066 0.118263 0.372832 0.117515
0 0.246628 0.095060 0.246628 0.111527 0.247592 0.111527 0.247592 0.095060
0 0.009634 0.200599 0.009634 0.306886 0.020231 0.306886 0.020713 0.254491 0.183044 0.254491 0.183526 0.438623 0.232659 0.438623 0.232659 0.432635 0.187861 0.431886 0.187861 0.246257 0.129576 0.245509 0.129576 0.112275 0.185453 0.111527 0.185453 0.095060 0.078516 0.095060 0.078516 0.116018 0.122832 0.116766 0.122351 0.239521 0.022158 0.239521 0.021676 0.200599
0 0.009634 0.095060 0.009634 0.131737 0.021676 0.131737 0.021676 0.116766 0.025530 0.116018 0.025530 0.095060
1 0.509634 0.752994 0.509634 0.774701 0.552505 0.774701 0.552505 0.752994
1 0.761079 0.674401 0.761079 0.735030 0.765896 0.735030 0.765896 0.674401
1 0.207129 0.668413 0.207129 0.686377 0.250000 0.686377 0.250000 0.668413
1 0.045761 0.668413 0.045761 0.686377 0.162331 0.686377 0.162331 0.668413
1 0.510597 0.654192 0.510597 0.661677 0.553468 0.661677 0.553468 0.654192
1 0.457129 0.542665 0.457129 0.602545 0.461946 0.602545 0.461946 0.542665
1 0.457129 0.467066 0.457129 0.518713 0.461946 0.518713 0.461946 0.467066
1 0.821773 0.453593 0.820809 0.459581 0.821773 0.461826 0.851638 0.474551 0.853083 0.466317 0.852119 0.464072 0.822736 0.452096
1 0.351156 0.436377 0.351156 0.443862 0.384393 0.443862 0.384393 0.436377
1 0.233141 0.432635 0.233141 0.438623 0.270713 0.438623 0.270713 0.432635
1 0.457129 0.367515 0.457129 0.427395 0.461946 0.427395 0.461946 0.367515
1 0.493256 0.351796 0.493256 0.359281 0.530829 0.359281 0.530829 0.351796
1 0.823699 0.317365 0.823699 0.327096 0.859345 0.327096 0.859345 0.317365
1 0.923410 0.244012 0.923410 0.307635 0.937861 0.307635 0.937861 0.244012
1 0.790944 0.229042 0.790944 0.288922 0.795761 0.288922 0.795761 0.229042
1 0.009634 0.132485 0.009634 0.199850 0.021676 0.199850 0.021676 0.132485
1 0.248073 0.095060 0.248073 0.111527 0.290462 0.111527 0.290462 0.095060
2 0.868015 0.909431 0.868015 0.931886 0.921965 0.931886 0.921965 0.909431
2 0.839595 0.909431 0.839595 0.931886 0.862717 0.931886 0.862717 0.909431
2 0.694123 0.909431 0.694123 0.931886 0.745665 0.931886 0.745665 0.909431
2 0.634875 0.909431 0.634875 0.931886 0.688343 0.931886 0.688343 0.909431
2 0.578516 0.909431 0.578516 0.931886 0.630539 0.931886 0.630539 0.909431
2 0.561175 0.823353 0.561175 0.903443 0.575145 0.903443 0.575145 0.823353
2 0.923410 0.818862 0.923410 0.902695 0.937861 0.902695 0.937861 0.818862
2 0.478805 0.752994 0.478805 0.774701 0.497110 0.774701 0.497110 0.752994
2 0.315511 0.752994 0.315511 0.774701 0.369461 0.774701 0.369461 0.752994
2 0.298170 0.712575 0.298170 0.749251 0.314066 0.749251 0.314066 0.712575
2 0.651252 0.654940 0.651252 0.662425 0.694605 0.662425 0.694605 0.654940
2 0.478324 0.654192 0.478324 0.661677 0.497592 0.661677 0.497592 0.654192
2 0.624759 0.611527 0.621387 0.616766 0.643064 0.655689 0.646917 0.650449
2 0.009634 0.486527 0.009634 0.570359 0.020231 0.570359 0.020231 0.486527
2 0.923410 0.481287 0.923410 0.517964 0.937861 0.517964 0.937861 0.481287
2 0.643545 0.404940 0.620424 0.449102 0.624277 0.453593 0.647399 0.410180
2 0.652216 0.398952 0.652216 0.406437 0.694605 0.406437 0.694605 0.398952
2 0.009634 0.397455 0.009634 0.479790 0.020231 0.479790 0.020231 0.397455
2 0.923410 0.345060 0.923410 0.383234 0.937861 0.383234 0.937861 0.345060
2 0.009634 0.307635 0.009634 0.389222 0.020231 0.389222 0.020231 0.307635
2 0.851156 0.095060 0.851156 0.117515 0.876204 0.117515 0.876204 0.095060
2 0.735067 0.095060 0.735067 0.117515 0.760116 0.117515 0.760116 0.095060
2 0.677746 0.095060 0.677746 0.117515 0.730732 0.117515 0.730732 0.095060
2 0.489884 0.095060 0.489884 0.117515 0.543353 0.117515 0.543353 0.095060
2 0.462909 0.095060 0.462909 0.117515 0.485067 0.117515 0.485067 0.095060
2 0.430636 0.095060 0.430636 0.117515 0.456166 0.117515 0.456166 0.095060
2 0.373314 0.095060 0.373314 0.117515 0.426301 0.117515 0.426301 0.095060
2 0.185934 0.095060 0.185934 0.111527 0.246146 0.111527 0.246146 0.095060
2 0.026012 0.095060 0.026012 0.116018 0.078035 0.116018 0.078035 0.095060
