0 0.384946 0.720569 0.370968 0.720569 0.370968 0.908797 0.316129 0.909444 0.316129 0.917853 0.396774 0.917853 0.396774 0.909444 0.384946 0.908797 0.384946 0.821475 0.393548 0.820828 0.393548 0.812419 0.384946 0.811772
0 0.572043 0.596378 0.549462 0.596378 0.549462 0.811772 0.484946 0.812419 0.484946 0.820828 0.549462 0.821475 0.549462 0.908797 0.489247 0.909444 0.489247 0.917853 0.591398 0.917853 0.591398 0.909444 0.563441 0.908797 0.563441 0.605433 0.572043 0.604787
0 0.833333 0.141009 0.833333 0.150712 0.869892 0.151358 0.869892 0.490298 0.650538 0.490944 0.650538 0.499353 0.662366 0.500000 0.662366 0.523933 0.676344 0.523933 0.677419 0.499353 0.868817 0.499353 0.869892 0.565330 0.839785 0.565977 0.838710 0.596378 0.677419 0.596378 0.676344 0.565977 0.662366 0.565977 0.662366 0.595731 0.655914 0.596378 0.655914 0.604787 0.869892 0.605433 0.869892 0.908797 0.847312 0.909444 0.847312 0.917853 0.884946 0.917853 0.884946 0.141009
0 0.565591 0.025873 0.117204 0.025873 0.117204 0.917853 0.160215 0.917853 0.160215 0.909444 0.131183 0.908797 0.131183 0.623545 0.369892 0.622898 0.370968 0.671410 0.384946 0.671410 0.384946 0.575032 0.370968 0.575032 0.369892 0.614489 0.269892 0.614489 0.268817 0.601552 0.131183 0.600906 0.131183 0.500000 0.233333 0.499353 0.233333 0.490944 0.131183 0.490298 0.131183 0.410091 0.294624 0.409444 0.359140 0.441138 0.359140 0.490298 0.302151 0.490944 0.302151 0.499353 0.369892 0.499353 0.370968 0.532342 0.384946 0.532342 0.384946 0.500000 0.407527 0.499353 0.407527 0.490944 0.368817 0.490298 0.368817 0.438551 0.298925 0.404269 0.131183 0.403622 0.131183 0.151358 0.167742 0.150712 0.167742 0.141009 0.133333 0.140362 0.133333 0.036223 0.550538 0.036223 0.550538 0.140362 0.504301 0.141009 0.504301 0.150712 0.550538 0.151358 0.550538 0.490298 0.488172 0.490944 0.488172 0.499353 0.570968 0.499353 0.570968 0.490944 0.565591 0.490298 0.565591 0.151358 0.588172 0.150712 0.588172 0.141009 0.565591 0.140362
1 0.397849 0.909444 0.397849 0.917853 0.488172 0.917853 0.488172 0.909444
1 0.394624 0.812419 0.394624 0.820828 0.483871 0.820828 0.483871 0.812419
1 0.370968 0.672057 0.370968 0.719922 0.384946 0.719922 0.384946 0.672057
1 0.573118 0.596378 0.573118 0.604787 0.654839 0.604787 0.654839 0.596378
1 0.370968 0.532988 0.370968 0.574386 0.384946 0.574386 0.384946 0.532988
1 0.662366 0.524580 0.662366 0.565330 0.676344 0.565330 0.676344 0.524580
1 0.572043 0.490944 0.572043 0.499353 0.649462 0.499353 0.649462 0.490944
1 0.408602 0.490944 0.408602 0.499353 0.487097 0.499353 0.487097 0.490944
1 0.234409 0.490944 0.234409 0.499353 0.301075 0.499353 0.301075 0.490944
1 0.413978 0.141009 0.413978 0.150712 0.503226 0.150712 0.503226 0.141009
2 0.592473 0.909444 0.592473 0.917853 0.846237 0.917853 0.846237 0.909444
2 0.161290 0.909444 0.161290 0.917853 0.315054 0.917853 0.315054 0.909444
2 0.589247 0.141009 0.589247 0.150712 0.832258 0.150712 0.832258 0.141009
2 0.168817 0.141009 0.168817 0.150712 0.410753 0.150712 0.410753 0.141009
