0 0.954878 0.056013 0.863415 0.056013 0.863415 0.079077 0.937805 0.080725 0.937805 0.805601 0.523171 0.807249 0.521951 0.614498 0.514634 0.614498 0.514634 0.805601 0.490244 0.807249 0.490244 0.830313 0.954878 0.830313
0 0.484146 0.056013 0.484146 0.079077 0.514634 0.080725 0.514634 0.459638 0.481707 0.461285 0.481707 0.471170 0.521951 0.471170 0.521951 0.080725 0.557317 0.079077 0.557317 0.056013
0 0.253659 0.056013 0.253659 0.079077 0.268293 0.080725 0.268293 0.369028 0.207317 0.370675 0.207317 0.459638 0.182927 0.461285 0.182927 0.471170 0.407317 0.471170 0.407317 0.461285 0.275610 0.459638 0.275610 0.080725 0.282927 0.079077 0.282927 0.056013
0 0.067073 0.056013 0.067073 0.830313 0.398780 0.830313 0.398780 0.807249 0.084146 0.805601 0.084146 0.472817 0.106098 0.471170 0.106098 0.461285 0.084146 0.459638 0.084146 0.080725 0.154878 0.079077 0.154878 0.056013
1 0.400000 0.807249 0.400000 0.830313 0.489024 0.830313 0.489024 0.807249
1 0.408537 0.461285 0.408537 0.471170 0.480488 0.471170 0.480488 0.461285
1 0.107317 0.461285 0.107317 0.471170 0.181707 0.471170 0.181707 0.461285
2 0.558537 0.056013 0.558537 0.079077 0.862195 0.079077 0.862195 0.056013
2 0.284146 0.056013 0.284146 0.079077 0.482927 0.079077 0.482927 0.056013
2 0.156098 0.056013 0.156098 0.079077 0.252439 0.079077 0.252439 0.056013
