0 0.695618 0.464529 0.695618 0.551020 0.638498 0.551506 0.638498 0.566569 0.765258 0.566569 0.765258 0.551506 0.704225 0.551020 0.704225 0.464529
0 0.551643 0.389699 0.543818 0.394072 0.546166 0.396016 0.546166 0.551020 0.477308 0.551506 0.477308 0.566569 0.567293 0.566569 0.567293 0.551506 0.557121 0.551020 0.557121 0.393100
0 0.969484 0.144801 0.909233 0.144801 0.909233 0.161322 0.956182 0.161808 0.956182 0.247328 0.884194 0.247813 0.884194 0.253158 0.956182 0.253644 0.955399 0.297376 0.884194 0.297376 0.884194 0.302721 0.956182 0.303207 0.956182 0.416424 0.705008 0.416910 0.704225 0.386297 0.695618 0.386297 0.695618 0.425170 0.704225 0.425170 0.705008 0.422255 0.956182 0.422741 0.956182 0.551020 0.863067 0.551506 0.863067 0.566569 0.956182 0.567055 0.956182 0.860058 0.821596 0.860544 0.821596 0.865889 0.956182 0.866375 0.956182 0.976676 0.723787 0.977162 0.723005 0.866375 0.758216 0.865889 0.758216 0.860544 0.714397 0.860544 0.714397 0.982507 0.964789 0.982507 0.964789 0.860544 0.962441 0.860058 0.962441 0.567055 0.969484 0.566569
0 0.620501 0.144801 0.528169 0.144801 0.528169 0.161322 0.561815 0.161808 0.561815 0.307580 0.570423 0.307580 0.570423 0.161808 0.620501 0.161322
0 0.454617 0.144801 0.454617 0.161322 0.466354 0.161322 0.466354 0.144801
0 0.094679 0.144801 0.094679 0.234208 0.118936 0.234208 0.119718 0.161322 0.267606 0.161808 0.267606 0.351312 0.119718 0.351798 0.118936 0.278426 0.094679 0.278426 0.094679 0.440233 0.118936 0.440233 0.119718 0.359086 0.267606 0.359572 0.267606 0.551020 0.119718 0.551506 0.118936 0.485423 0.094679 0.485423 0.094679 0.566569 0.356808 0.566569 0.356808 0.551506 0.286385 0.551020 0.286385 0.364431 0.492175 0.363946 0.496870 0.366375 0.503912 0.361516 0.497653 0.357629 0.286385 0.357143 0.286385 0.161808 0.326291 0.161322 0.326291 0.144801
0 0.586854 0.035471 0.586854 0.042274 0.767606 0.042760 0.767606 0.144315 0.717527 0.144801 0.717527 0.161322 0.807512 0.161808 0.807512 0.338678 0.695618 0.339164 0.695618 0.346453 0.704225 0.346453 0.705008 0.344509 0.816119 0.344509 0.816119 0.253644 0.820031 0.253158 0.820031 0.247813 0.816119 0.247328 0.816119 0.161808 0.859937 0.161322 0.859937 0.144801 0.778560 0.144315 0.778560 0.035471
1 0.758998 0.860544 0.758998 0.865889 0.820814 0.865889 0.820814 0.860544
1 0.568075 0.551506 0.568075 0.566569 0.637715 0.566569 0.637715 0.551506
1 0.094679 0.440719 0.094679 0.484937 0.118936 0.484937 0.118936 0.440719
1 0.695618 0.425656 0.695618 0.464043 0.704225 0.464043 0.704225 0.425656
1 0.504695 0.362002 0.496870 0.366861 0.543036 0.394072 0.550861 0.389213
1 0.695618 0.346939 0.695618 0.385811 0.704225 0.385811 0.704225 0.346939
1 0.820814 0.247813 0.820814 0.253158 0.883412 0.253158 0.883412 0.247813
1 0.094679 0.234694 0.094679 0.277940 0.118936 0.277940 0.118936 0.234694
1 0.467136 0.144801 0.467136 0.161322 0.527387 0.161322 0.527387 0.144801
2 0.766041 0.551506 0.766041 0.566569 0.862285 0.566569 0.862285 0.551506
2 0.357590 0.551506 0.357590 0.566569 0.476526 0.566569 0.476526 0.551506
2 0.860720 0.144801 0.860720 0.161322 0.908451 0.161322 0.908451 0.144801
2 0.621283 0.144801 0.621283 0.161322 0.716745 0.161322 0.716745 0.144801
2 0.327074 0.144801 0.327074 0.161322 0.453834 0.161322 0.453834 0.144801
