0 0.405325 0.535156 0.405325 0.540365 0.421598 0.540365 0.421598 0.535156
0 0.400888 0.421875 0.400888 0.436198 0.405325 0.437500 0.405325 0.442708 0.421598 0.442708 0.421598 0.421875
0 0.923077 0.136719 0.880178 0.136719 0.880178 0.173177 0.897929 0.174479 0.897929 0.666667 0.588757 0.667969 0.588757 0.682292 0.646450 0.683594 0.646450 0.759115 0.662722 0.759115 0.664201 0.682292 0.896450 0.682292 0.897929 0.787760 0.863905 0.789062 0.862426 0.843750 0.664201 0.843750 0.662722 0.838542 0.646450 0.838542 0.644970 0.843750 0.588757 0.843750 0.588757 0.865885 0.923077 0.865885
0 0.405325 0.136719 0.405325 0.173177 0.421598 0.173177 0.421598 0.136719
0 0.109467 0.136719 0.115385 0.399740 0.115385 0.865885 0.463018 0.865885 0.463018 0.843750 0.449704 0.843750 0.448225 0.838542 0.431953 0.838542 0.430473 0.843750 0.140533 0.842448 0.142012 0.680990 0.430473 0.680990 0.431953 0.748698 0.448225 0.748698 0.448225 0.667969 0.423077 0.667969 0.421598 0.662760 0.405325 0.662760 0.403846 0.667969 0.204142 0.666667 0.204142 0.587240 0.176036 0.585938 0.176036 0.437500 0.192308 0.436198 0.192308 0.421875 0.142012 0.421875 0.139053 0.402344 0.134615 0.174479 0.161243 0.173177 0.161243 0.136719
1 0.464497 0.843750 0.464497 0.865885 0.587278 0.865885 0.587278 0.843750
1 0.646450 0.760417 0.646450 0.837240 0.662722 0.837240 0.662722 0.760417
1 0.431953 0.750000 0.431953 0.837240 0.448225 0.837240 0.448225 0.750000
1 0.405325 0.444010 0.405325 0.533854 0.421598 0.533854 0.421598 0.444010
2 0.405325 0.541667 0.405325 0.661458 0.421598 0.661458 0.421598 0.541667
2 0.193787 0.421875 0.193787 0.436198 0.399408 0.436198 0.399408 0.421875
2 0.423077 0.136719 0.423077 0.173177 0.878698 0.173177 0.878698 0.136719
2 0.162722 0.136719 0.162722 0.173177 0.403846 0.173177 0.403846 0.136719
