0 0.733906 0.887110 0.733906 0.899015 0.736637 0.899015 0.736637 0.887110
0 0.660944 0.887110 0.660944 0.899015 0.663675 0.899015 0.663675 0.887110
0 0.799064 0.880131 0.788139 0.880131 0.787749 0.887110 0.767850 0.887110 0.767850 0.899015 0.799064 0.899015
0 0.845884 0.837028 0.845884 0.848522 0.847444 0.848522 0.847444 0.837028
0 0.379243 0.837028 0.379243 0.917898 0.456886 0.917898 0.527117 0.991379 0.600078 0.916256 0.602029 0.915435 0.602029 0.919130 0.609442 0.919130 0.609832 0.899015 0.629731 0.899015 0.629731 0.887110 0.610222 0.887110 0.609832 0.884236 0.599688 0.884236 0.599688 0.899015 0.602029 0.899425 0.602029 0.908867 0.526726 0.985632 0.458447 0.914204 0.383535 0.914204 0.383145 0.837028
0 0.609832 0.772167 0.603980 0.772167 0.603980 0.836207 0.554038 0.836617 0.554038 0.848522 0.599298 0.848522 0.599688 0.851396 0.609832 0.851396
0 0.788139 0.742200 0.788139 0.855501 0.799064 0.855501 0.799454 0.848522 0.811159 0.848522 0.811159 0.837028 0.792431 0.836617 0.792431 0.746716 0.793211 0.746305 0.793211 0.742200
0 0.164651 0.738916 0.164651 0.898604 0.205618 0.898604 0.205618 0.889163 0.173234 0.888752 0.173234 0.738916
0 0.939914 0.736043 0.927819 0.736043 0.927429 0.742200 0.845103 0.742200 0.844713 0.740969 0.840812 0.740969 0.840031 0.742200 0.840031 0.746305 0.927819 0.746716 0.927819 0.836617 0.870854 0.837028 0.870854 0.848522 0.939914 0.848522
0 0.445962 0.716749 0.445962 0.848522 0.499805 0.848522 0.499805 0.836617 0.456886 0.836207 0.456886 0.716749
0 0.603980 0.714696 0.603980 0.724138 0.609832 0.724138 0.609832 0.714696
0 0.164651 0.694992 0.164651 0.713465 0.173234 0.713465 0.173234 0.694992
0 0.379633 0.657635 0.379633 0.749179 0.392119 0.749179 0.392119 0.678571 0.393679 0.678161 0.393679 0.667898 0.388997 0.667488 0.388997 0.657635
0 0.642606 0.683908 0.644557 0.683908 0.644947 0.646141 0.738588 0.646141 0.738588 0.643268 0.642606 0.643268
0 0.939914 0.637110 0.927819 0.637110 0.927429 0.690887 0.845103 0.690887 0.844713 0.651478 0.840812 0.651478 0.840812 0.708128 0.844713 0.708128 0.845103 0.694171 0.927429 0.694171 0.927819 0.711002 0.939914 0.711002
0 0.164651 0.630542 0.164651 0.670361 0.173234 0.670361 0.173234 0.659278 0.182989 0.658867 0.182989 0.653530 0.173234 0.653120 0.173234 0.630542
0 0.738978 0.577586 0.735076 0.577586 0.734686 0.603038 0.599298 0.603038 0.598908 0.579228 0.594616 0.579228 0.594616 0.608374 0.604760 0.608785 0.604760 0.651478 0.569255 0.651888 0.569255 0.655583 0.570815 0.655993 0.570815 0.714696 0.575107 0.714696 0.575497 0.673235 0.609442 0.673235 0.609832 0.681445 0.611783 0.681445 0.612173 0.610427 0.737417 0.610427 0.737417 0.608785 0.738978 0.608374
0 0.541163 0.578818 0.534140 0.577586 0.533359 0.582512 0.533359 0.648604 0.460008 0.648604 0.459618 0.591954 0.447132 0.591954 0.446742 0.599343 0.379633 0.599343 0.379633 0.633005 0.388997 0.633005 0.389387 0.609195 0.448693 0.609195 0.449083 0.667898 0.425673 0.668309 0.425673 0.678161 0.445572 0.678161 0.445962 0.684729 0.456886 0.684729 0.457277 0.655583 0.541943 0.655583 0.541943 0.651888 0.541163 0.651478
0 0.447132 0.568144 0.447132 0.578407 0.506048 0.578407 0.507218 0.573481 0.506438 0.572250 0.461959 0.572250 0.461568 0.568144
0 0.289114 0.532841 0.289114 0.542282 0.327351 0.542693 0.327351 0.653120 0.214592 0.653530 0.214592 0.658867 0.327351 0.659278 0.327351 0.888752 0.295357 0.889163 0.295357 0.898604 0.336325 0.898604 0.336325 0.532841
0 0.236052 0.532841 0.236052 0.542282 0.264534 0.542282 0.264534 0.532841
0 0.212251 0.532841 0.164651 0.532841 0.164651 0.598522 0.173234 0.598522 0.173234 0.542693 0.212251 0.542282
0 0.825985 0.500000 0.825985 0.511905 0.927429 0.511905 0.927819 0.614122 0.939914 0.614122 0.939914 0.500000
0 0.711666 0.500000 0.711666 0.511905 0.735076 0.512315 0.735076 0.545567 0.738978 0.545567 0.738978 0.512315 0.755365 0.511905 0.755365 0.500000
0 0.675380 0.500000 0.675380 0.511905 0.680453 0.511905 0.680453 0.500000
0 0.630121 0.500000 0.589544 0.500000 0.589544 0.514778 0.594616 0.515189 0.594616 0.545156 0.598908 0.545156 0.598908 0.512315 0.630121 0.511905
0 0.447132 0.530788 0.461568 0.530788 0.461959 0.514778 0.554038 0.514778 0.554038 0.500000 0.447132 0.500000
0 0.732345 0.395320 0.732345 0.407225 0.735856 0.407225 0.735856 0.395320
0 0.660554 0.395320 0.660554 0.407225 0.664846 0.407225 0.664846 0.395320
0 0.926258 0.219212 0.926258 0.220443 0.938353 0.220443 0.938353 0.219212
0 0.444401 0.206897 0.444401 0.211823 0.456106 0.211823 0.456106 0.206897
0 0.444401 0.170772 0.444401 0.182266 0.456106 0.182266 0.456106 0.170772
0 0.938353 0.167488 0.926258 0.167488 0.925868 0.180624 0.790870 0.180624 0.790480 0.178982 0.786968 0.178982 0.786968 0.186782 0.790480 0.186782 0.790870 0.184729 0.925868 0.184729 0.926258 0.195402 0.938353 0.195402
0 0.444401 0.146552 0.444401 0.148604 0.456106 0.148604 0.456106 0.146552
0 0.926258 0.142857 0.926258 0.144910 0.938353 0.144910 0.938353 0.142857
0 0.938353 0.008210 0.781896 0.008210 0.781506 0.048030 0.612954 0.048030 0.612563 0.009442 0.444401 0.009442 0.444401 0.109606 0.378463 0.110016 0.378463 0.259852 0.444401 0.260263 0.444401 0.358374 0.597347 0.358374 0.597737 0.407225 0.630511 0.407225 0.630511 0.395320 0.609442 0.394910 0.609442 0.287767 0.691377 0.287356 0.691767 0.254926 0.786968 0.255337 0.786968 0.394910 0.766680 0.395320 0.766680 0.407225 0.797893 0.407225 0.798283 0.359606 0.938353 0.359606 0.938353 0.244663 0.926258 0.244663 0.925868 0.336207 0.790870 0.336207 0.790480 0.219622 0.786968 0.219622 0.786578 0.252053 0.688646 0.252053 0.688256 0.284483 0.609832 0.284483 0.609442 0.252874 0.605150 0.252874 0.604760 0.336207 0.456496 0.336207 0.456106 0.244253 0.444401 0.244253 0.444011 0.255337 0.382364 0.254926 0.382364 0.114943 0.444011 0.114532 0.444401 0.123563 0.456106 0.123563 0.456496 0.032020 0.601249 0.032020 0.601639 0.057061 0.605150 0.057471 0.605150 0.087438 0.609442 0.087438 0.609832 0.057061 0.675380 0.057471 0.674990 0.113711 0.609832 0.113711 0.609442 0.112069 0.605150 0.112069 0.605150 0.165435 0.596957 0.165846 0.596957 0.181856 0.605150 0.182266 0.605150 0.204844 0.609442 0.204844 0.609442 0.190476 0.611393 0.190066 0.611783 0.119458 0.720640 0.119869 0.720640 0.152709 0.640265 0.152709 0.640265 0.194171 0.643777 0.194171 0.644167 0.156814 0.722981 0.156814 0.722981 0.139573 0.732345 0.139163 0.732345 0.134647 0.724151 0.134236 0.724151 0.113711 0.680062 0.113300 0.680453 0.057061 0.786578 0.057061 0.786968 0.134236 0.765119 0.134647 0.765119 0.139163 0.786578 0.139163 0.786968 0.146141 0.790480 0.146141 0.790870 0.030788 0.925868 0.030788 0.926258 0.119869 0.938353 0.119869
1 0.206009 0.889163 0.206009 0.898604 0.294967 0.898604 0.294967 0.889163
1 0.599688 0.851806 0.599688 0.883826 0.609832 0.883826 0.609832 0.851806
1 0.811549 0.837028 0.811549 0.848522 0.845494 0.848522 0.845494 0.837028
1 0.828716 0.742200 0.828716 0.746305 0.839641 0.746305 0.839641 0.742200
1 0.793601 0.742200 0.793601 0.746305 0.827936 0.746305 0.827936 0.742200
1 0.603980 0.724548 0.603980 0.771757 0.609832 0.771757 0.609832 0.724548
1 0.840812 0.708539 0.840812 0.740558 0.844713 0.740558 0.844713 0.708539
1 0.445962 0.685140 0.445962 0.716338 0.456886 0.716338 0.456886 0.685140
1 0.394069 0.667898 0.394069 0.678161 0.425283 0.678161 0.425283 0.668309
1 0.183379 0.653530 0.183379 0.658867 0.214202 0.658867 0.214202 0.653530
1 0.542333 0.651888 0.542333 0.655583 0.568865 0.655583 0.568865 0.651888
1 0.164651 0.598933 0.164651 0.630131 0.173234 0.630131 0.173234 0.598933
1 0.507608 0.572660 0.506438 0.578818 0.532969 0.583744 0.533750 0.577586
1 0.735076 0.545977 0.735076 0.577176 0.738978 0.577176 0.738978 0.545977
1 0.594616 0.545567 0.594616 0.578818 0.598908 0.578818 0.598908 0.545567
1 0.680843 0.500000 0.680843 0.511905 0.711276 0.511905 0.711276 0.500000
1 0.444401 0.212233 0.444401 0.243842 0.456106 0.243842 0.456106 0.212233
1 0.605150 0.205255 0.605150 0.252463 0.609442 0.252463 0.609442 0.205255
1 0.786968 0.187192 0.786968 0.219212 0.790480 0.219212 0.790480 0.187192
1 0.786968 0.146552 0.786968 0.178571 0.790480 0.178571 0.790480 0.146552
1 0.732735 0.134647 0.732735 0.139163 0.764729 0.139163 0.764729 0.134647
1 0.605150 0.087849 0.605150 0.111658 0.609442 0.111658 0.609442 0.087849
2 0.737027 0.887110 0.737027 0.899015 0.767460 0.899015 0.767460 0.887110
2 0.664066 0.887110 0.664066 0.899015 0.733515 0.899015 0.733515 0.887110
2 0.630121 0.887110 0.630121 0.899015 0.660554 0.899015 0.660554 0.887110
2 0.788139 0.855911 0.788139 0.879721 0.799064 0.879721 0.799064 0.855911
2 0.847835 0.837028 0.847835 0.848522 0.870464 0.848522 0.870464 0.837028
2 0.500195 0.836617 0.500195 0.848522 0.553648 0.848522 0.553648 0.836617
2 0.164651 0.713875 0.164651 0.738506 0.173234 0.738506 0.173234 0.713875
2 0.927819 0.711412 0.927819 0.735632 0.939914 0.735632 0.939914 0.711412
2 0.164651 0.670772 0.164651 0.694581 0.173234 0.694581 0.173234 0.670772
2 0.379633 0.633415 0.379633 0.657225 0.388997 0.657225 0.388997 0.633415
2 0.927819 0.614532 0.927819 0.636700 0.939914 0.636700 0.939914 0.614532
2 0.447132 0.578818 0.447132 0.591544 0.459618 0.591544 0.459618 0.578818
2 0.264924 0.532841 0.264924 0.542282 0.288724 0.542282 0.288724 0.532841
2 0.212641 0.532841 0.212641 0.542282 0.235661 0.542282 0.235661 0.532841
2 0.447132 0.531199 0.447132 0.567734 0.461568 0.567734 0.461568 0.531199
2 0.755755 0.500000 0.755755 0.511905 0.825595 0.511905 0.825595 0.500000
2 0.630511 0.500000 0.630511 0.511905 0.674990 0.511905 0.674990 0.500000
2 0.554428 0.500000 0.554428 0.514778 0.589153 0.514778 0.589153 0.500000
2 0.736247 0.395320 0.736247 0.407225 0.766290 0.407225 0.766290 0.395320
2 0.665236 0.395320 0.665236 0.407225 0.731955 0.407225 0.731955 0.395320
2 0.630901 0.395320 0.630901 0.407225 0.660164 0.407225 0.660164 0.395320
2 0.926258 0.220854 0.926258 0.244253 0.938353 0.244253 0.938353 0.220854
2 0.926258 0.195813 0.926258 0.218801 0.938353 0.218801 0.938353 0.195813
2 0.444401 0.182677 0.444401 0.206486 0.456106 0.206486 0.456106 0.182677
2 0.444401 0.149015 0.444401 0.170361 0.456106 0.170361 0.456106 0.149015
2 0.926258 0.145320 0.926258 0.167077 0.938353 0.167077 0.938353 0.145320
2 0.444401 0.123974 0.444401 0.146141 0.456106 0.146141 0.456106 0.123974
2 0.926258 0.120279 0.926258 0.142447 0.938353 0.142447 0.938353 0.120279
