0 0.743633 0.856736 0.743633 0.879544 0.804754 0.879544 0.804754 0.856736
0 0.698359 0.856736 0.689304 0.856736 0.688738 0.845331 0.676853 0.845331 0.676287 0.856736 0.638936 0.856736 0.638936 0.879544 0.698359 0.879544
0 0.688738 0.766928 0.676853 0.766928 0.676287 0.772630 0.550651 0.772630 0.550085 0.769066 0.541596 0.769066 0.541596 0.856023 0.500849 0.856736 0.500849 0.879544 0.556310 0.879544 0.556876 0.788311 0.676287 0.788311 0.676853 0.794013 0.688738 0.794013
0 0.356537 0.770492 0.356537 0.777619 0.359366 0.778332 0.359366 0.816821 0.355405 0.817534 0.355405 0.826800 0.358234 0.827512 0.358234 0.879544 0.414827 0.879544 0.414827 0.856736 0.380306 0.856023 0.380306 0.766215 0.371817 0.766215 0.371251 0.770492
0 0.297680 0.770492 0.265422 0.770492 0.264856 0.764077 0.256367 0.764077 0.256367 0.856023 0.222977 0.856736 0.222977 0.879544 0.276740 0.879544 0.276740 0.827512 0.296548 0.826800 0.296548 0.817534 0.276174 0.816821 0.276174 0.778332 0.297680 0.777619
0 0.264856 0.609408 0.256367 0.609408 0.255801 0.616536 0.155065 0.616536 0.154499 0.660727 0.059989 0.660727 0.059423 0.574483 0.037917 0.574483 0.037917 0.879544 0.119977 0.879544 0.119977 0.856736 0.059423 0.856023 0.059989 0.665004 0.158461 0.665004 0.159027 0.620813 0.255801 0.620813 0.256367 0.708482 0.264856 0.708482
0 0.531409 0.342124 0.522920 0.342124 0.522354 0.538845 0.425014 0.538845 0.424448 0.568781 0.380872 0.568781 0.380306 0.538845 0.358234 0.538845 0.358234 0.549537 0.371817 0.550249 0.371817 0.622238 0.380306 0.622238 0.380872 0.576622 0.425014 0.577334 0.425014 0.703493 0.380872 0.704205 0.380306 0.665716 0.371817 0.665716 0.371817 0.715609 0.380306 0.715609 0.380872 0.713471 0.499151 0.713471 0.499151 0.704205 0.433503 0.703493 0.434069 0.568781 0.541596 0.569494 0.541596 0.703493 0.539898 0.704205 0.539898 0.713471 0.541596 0.715609 0.550085 0.715609 0.550085 0.550249 0.599321 0.549537 0.599321 0.538845 0.531409 0.538133
0 0.723826 0.119031 0.723826 0.144690 0.727221 0.144690 0.727221 0.119031
0 0.660441 0.119031 0.660441 0.144690 0.676853 0.145403 0.676853 0.538133 0.643463 0.538845 0.643463 0.549537 0.676853 0.550249 0.676853 0.715609 0.688738 0.715609 0.689304 0.549537 0.887946 0.549537 0.888512 0.856023 0.863045 0.856736 0.863045 0.879544 0.907187 0.879544 0.907187 0.119031 0.883418 0.119031 0.883418 0.144690 0.888512 0.145403 0.887946 0.538845 0.688738 0.538133 0.688738 0.145403 0.702886 0.144690 0.702886 0.119031
0 0.037917 0.119031 0.037917 0.439772 0.059423 0.439772 0.059989 0.397006 0.119977 0.397006 0.120543 0.439772 0.255801 0.439772 0.256367 0.553100 0.264856 0.553100 0.265422 0.549537 0.298812 0.549537 0.298812 0.538845 0.264856 0.538133 0.264856 0.342124 0.256367 0.342124 0.255801 0.434070 0.125637 0.434070 0.125071 0.390592 0.059423 0.389879 0.059423 0.145403 0.134126 0.144690 0.134126 0.119031
1 0.698925 0.856736 0.698925 0.879544 0.743067 0.879544 0.743067 0.856736
1 0.297114 0.817534 0.297114 0.826800 0.354839 0.826800 0.354839 0.817534
1 0.676853 0.794726 0.676853 0.844619 0.688738 0.844619 0.688738 0.794726
1 0.298246 0.770492 0.298246 0.777619 0.355971 0.777619 0.355971 0.770492
1 0.676853 0.716322 0.676853 0.766215 0.688738 0.766215 0.688738 0.716322
1 0.541596 0.716322 0.541596 0.768354 0.550085 0.768354 0.550085 0.716322
1 0.371817 0.716322 0.371817 0.765502 0.380306 0.765502 0.380306 0.716322
1 0.256367 0.709195 0.256367 0.763364 0.264856 0.763364 0.264856 0.709195
1 0.499717 0.704205 0.499717 0.713471 0.539332 0.713471 0.539332 0.704205
1 0.371817 0.622951 0.371817 0.665004 0.380306 0.665004 0.380306 0.622951
1 0.256367 0.553813 0.256367 0.608696 0.264856 0.608696 0.264856 0.553813
1 0.599887 0.538845 0.599887 0.549537 0.642898 0.549537 0.642898 0.538845
1 0.727787 0.119031 0.727787 0.144690 0.882852 0.144690 0.882852 0.119031
2 0.805320 0.856736 0.805320 0.879544 0.862479 0.879544 0.862479 0.856736
2 0.556876 0.856736 0.556876 0.879544 0.638370 0.879544 0.638370 0.856736
2 0.415393 0.856736 0.415393 0.879544 0.500283 0.879544 0.500283 0.856736
2 0.120543 0.856736 0.120543 0.879544 0.222411 0.879544 0.222411 0.856736
2 0.037917 0.440485 0.037917 0.573770 0.059423 0.573770 0.059423 0.440485
2 0.703452 0.119031 0.703452 0.144690 0.723260 0.144690 0.723260 0.119031
2 0.134692 0.119031 0.134692 0.144690 0.659875 0.144690 0.659875 0.119031
