0 0.719067 0.927145 0.719067 0.936760 0.721095 0.936760 0.721095 0.927145
0 0.529919 0.927145 0.529919 0.936760 0.531440 0.936760 0.531440 0.927145
0 0.252535 0.927145 0.252535 0.936760 0.254564 0.936760 0.254564 0.927145
0 0.380325 0.865015 0.371704 0.865015 0.371704 0.869453 0.372718 0.869822 0.372718 0.926775 0.354970 0.927145 0.354970 0.936760 0.380832 0.936760 0.380832 0.927145 0.377789 0.926775 0.377789 0.869822 0.380325 0.869453
0 0.307809 0.846524 0.302231 0.846524 0.302231 0.926775 0.272312 0.927145 0.272312 0.936760 0.329108 0.936760 0.329108 0.927145 0.307809 0.926775 0.307809 0.869822 0.332657 0.869453 0.332657 0.865015 0.307809 0.864645
0 0.979716 0.843935 0.971602 0.843935 0.971602 0.884615 0.941176 0.884985 0.941176 0.892751 0.979716 0.892751
0 0.425456 0.809911 0.425456 0.814719 0.452333 0.815089 0.452333 0.864645 0.424442 0.865015 0.424442 0.869453 0.452333 0.869822 0.452333 0.926775 0.424949 0.927145 0.424949 0.936760 0.481744 0.936760 0.481744 0.927145 0.459939 0.926775 0.459939 0.809911
0 0.563895 0.809172 0.563895 0.813979 0.617140 0.814349 0.617140 0.926775 0.552231 0.927145 0.552231 0.936760 0.670385 0.936760 0.670385 0.927145 0.622718 0.926775 0.622718 0.813979 0.653651 0.813609 0.653651 0.809172
0 0.307809 0.783654 0.302231 0.783654 0.301724 0.809911 0.130832 0.809911 0.130325 0.784024 0.116633 0.784024 0.116633 0.936760 0.204361 0.936760 0.204361 0.927145 0.130325 0.926775 0.130325 0.813979 0.301724 0.813609 0.302231 0.817678 0.307809 0.817678
0 0.971602 0.750740 0.971602 0.811760 0.979716 0.811760 0.979716 0.750740
0 0.116633 0.702663 0.116633 0.754068 0.130325 0.754068 0.130832 0.751479 0.167850 0.751479 0.167850 0.747041 0.134381 0.746672 0.134381 0.702663
0 0.402130 0.689349 0.402130 0.694157 0.429006 0.694527 0.429006 0.746672 0.402130 0.747041 0.402130 0.751479 0.435598 0.751479 0.435598 0.689349
0 0.116633 0.664201 0.116633 0.683432 0.134381 0.683432 0.134888 0.678254 0.151116 0.678254 0.151116 0.672707 0.130832 0.672707 0.130325 0.664201
0 0.690162 0.607249 0.690162 0.617604 0.691684 0.617604 0.691684 0.607249
0 0.558824 0.607249 0.558824 0.617604 0.561866 0.617604 0.561866 0.607249
0 0.500000 0.607249 0.500000 0.617604 0.503043 0.617604 0.503043 0.607249
0 0.470588 0.607249 0.470588 0.617604 0.475659 0.617604 0.475659 0.607249
0 0.372718 0.607249 0.372718 0.617604 0.429006 0.617604 0.429006 0.607249
0 0.323022 0.607249 0.323022 0.617604 0.325051 0.617604 0.325051 0.607249
0 0.116633 0.607249 0.116633 0.645710 0.130325 0.645710 0.130832 0.617604 0.225152 0.617973 0.225152 0.672337 0.187627 0.672707 0.187627 0.678254 0.227688 0.678624 0.227688 0.746672 0.207911 0.747041 0.207911 0.751479 0.301724 0.751479 0.302231 0.755178 0.307809 0.755178 0.308316 0.751479 0.353448 0.751479 0.353448 0.747041 0.233266 0.746672 0.233266 0.617973 0.302231 0.617604 0.302231 0.607249
0 0.869675 0.576183 0.869675 0.582840 0.971095 0.582840 0.971602 0.623151 0.979716 0.623151 0.979716 0.576183
0 0.828600 0.576183 0.791075 0.576183 0.790568 0.607249 0.739858 0.607249 0.739858 0.617604 0.790061 0.617973 0.790061 0.745932 0.675963 0.746302 0.673428 0.744453 0.668357 0.748151 0.665822 0.746302 0.672921 0.751109 0.699797 0.751109 0.700304 0.753698 0.705882 0.753698 0.706389 0.751109 0.790061 0.751479 0.789554 0.809172 0.706389 0.809172 0.705882 0.779586 0.700304 0.779586 0.700304 0.808802 0.693712 0.809172 0.693712 0.813609 0.790061 0.813979 0.790061 0.926775 0.739858 0.927145 0.739858 0.936760 0.803245 0.936760 0.803245 0.893121 0.828600 0.892751 0.828600 0.884985 0.800710 0.884615 0.800710 0.689349 0.971095 0.688979 0.971602 0.718195 0.979716 0.718195 0.979716 0.653107 0.971602 0.653107 0.971095 0.684911 0.800710 0.684541 0.800710 0.583210 0.828600 0.582840
0 0.021805 0.557322 0.021805 0.713018 0.029919 0.713388 0.029919 0.835429 0.032961 0.835429 0.032961 0.710429 0.027383 0.710059 0.027383 0.557322
0 0.593813 0.475222 0.593813 0.606879 0.587728 0.607249 0.587728 0.617604 0.635396 0.617973 0.635396 0.725962 0.640467 0.728920 0.644523 0.725592 0.641988 0.723743 0.641988 0.617973 0.670385 0.617604 0.670385 0.607249 0.599391 0.606879 0.599391 0.475222
0 0.389452 0.475222 0.385396 0.475222 0.384888 0.499260 0.024848 0.499260 0.024848 0.502959 0.389452 0.502959
0 0.115112 0.273299 0.115112 0.275888 0.131339 0.275888 0.131339 0.273299
0 0.979209 0.241494 0.962982 0.241494 0.962475 0.280325 0.868154 0.280325 0.867647 0.305473 0.814402 0.305473 0.813895 0.257027 0.787018 0.257027 0.786511 0.262944 0.774341 0.262944 0.774341 0.268491 0.787018 0.268861 0.786511 0.315089 0.715517 0.314719 0.715517 0.268861 0.739858 0.268491 0.739858 0.262944 0.709939 0.262944 0.709432 0.315089 0.506592 0.315089 0.506085 0.409393 0.464503 0.409024 0.464503 0.315089 0.300710 0.315089 0.300203 0.273669 0.242394 0.273669 0.241886 0.315089 0.131846 0.315089 0.131339 0.294749 0.115112 0.294749 0.115112 0.320266 0.077586 0.320636 0.077586 0.323225 0.450811 0.323225 0.451318 0.421598 0.518763 0.421598 0.519270 0.322855 0.800710 0.322855 0.801217 0.314349 0.881846 0.314349 0.882353 0.290311 0.979209 0.290311
0 0.115112 0.240015 0.115112 0.242973 0.131339 0.242973 0.131339 0.240015
0 0.979209 0.161243 0.793103 0.161243 0.792596 0.202293 0.030933 0.202293 0.030933 0.323225 0.034483 0.323225 0.034990 0.204882 0.114604 0.204882 0.115112 0.219305 0.131339 0.219305 0.131846 0.208950 0.814402 0.208950 0.814909 0.171598 0.962475 0.171598 0.962982 0.207840 0.979209 0.207840
1 0.381339 0.927145 0.381339 0.936760 0.424442 0.936760 0.424442 0.927145
1 0.829108 0.884985 0.829108 0.892751 0.940669 0.892751 0.940669 0.884985
1 0.380832 0.865015 0.380832 0.869453 0.423935 0.869453 0.423935 0.865015
1 0.333164 0.865015 0.333164 0.869453 0.371197 0.869453 0.371197 0.865015
1 0.302231 0.818047 0.302231 0.846154 0.307809 0.846154 0.307809 0.818047
1 0.654158 0.809172 0.654158 0.813609 0.693205 0.813609 0.693205 0.809172
1 0.302231 0.755547 0.302231 0.783284 0.307809 0.783284 0.307809 0.755547
1 0.116633 0.754438 0.116633 0.783654 0.130325 0.783654 0.130325 0.754438
1 0.700304 0.754068 0.700304 0.779216 0.705882 0.779216 0.705882 0.754068
1 0.168357 0.747041 0.168357 0.751479 0.207404 0.751479 0.207404 0.747041
1 0.645030 0.725592 0.640467 0.729290 0.668357 0.747781 0.672921 0.744453
1 0.151623 0.672707 0.151623 0.678254 0.187120 0.678254 0.187120 0.672707
1 0.429513 0.607249 0.429513 0.617604 0.470081 0.617604 0.470081 0.607249
1 0.829108 0.576183 0.829108 0.582840 0.869168 0.582840 0.869168 0.576183
1 0.740365 0.262944 0.740365 0.268491 0.773834 0.268491 0.773834 0.262944
1 0.115112 0.243343 0.115112 0.272929 0.131339 0.272929 0.131339 0.243343
2 0.721602 0.927145 0.721602 0.936760 0.739351 0.936760 0.739351 0.927145
2 0.670892 0.927145 0.670892 0.936760 0.718560 0.936760 0.718560 0.927145
2 0.531947 0.927145 0.531947 0.936760 0.551724 0.936760 0.551724 0.927145
2 0.482252 0.927145 0.482252 0.936760 0.529412 0.936760 0.529412 0.927145
2 0.329615 0.927145 0.329615 0.936760 0.354462 0.936760 0.354462 0.927145
2 0.255071 0.927145 0.255071 0.936760 0.271805 0.936760 0.271805 0.927145
2 0.204868 0.927145 0.204868 0.936760 0.252028 0.936760 0.252028 0.927145
2 0.971602 0.812130 0.971602 0.843565 0.979716 0.843565 0.979716 0.812130
2 0.971602 0.718565 0.971602 0.750370 0.979716 0.750370 0.979716 0.718565
2 0.116633 0.683802 0.116633 0.702293 0.134381 0.702293 0.134381 0.683802
2 0.116633 0.646080 0.116633 0.663831 0.130325 0.663831 0.130325 0.646080
2 0.971602 0.623521 0.971602 0.652737 0.979716 0.652737 0.979716 0.623521
2 0.692191 0.607249 0.692191 0.617604 0.739351 0.617604 0.739351 0.607249
2 0.670892 0.607249 0.670892 0.617604 0.689655 0.617604 0.689655 0.607249
2 0.562373 0.607249 0.562373 0.617604 0.587221 0.617604 0.587221 0.607249
2 0.503550 0.607249 0.503550 0.617604 0.558316 0.617604 0.558316 0.607249
2 0.476166 0.607249 0.476166 0.617604 0.499493 0.617604 0.499493 0.607249
2 0.325558 0.607249 0.325558 0.617604 0.372211 0.617604 0.372211 0.607249
2 0.302738 0.607249 0.302738 0.617604 0.322515 0.617604 0.322515 0.607249
2 0.115112 0.276257 0.115112 0.294379 0.131339 0.294379 0.131339 0.276257
2 0.115112 0.219675 0.115112 0.239645 0.131339 0.239645 0.131339 0.219675
2 0.962982 0.208210 0.962982 0.241124 0.979209 0.241124 0.979209 0.208210
