0 0.559783 0.749223 0.560688 0.934715 0.959239 0.934715 0.959239 0.923316 0.571558 0.923316 0.570652 0.783420 0.617754 0.782383 0.616848 0.698446 0.619565 0.697409 0.619565 0.686010 0.606884 0.687047 0.605978 0.749223
0 0.707428 0.686010 0.707428 0.697409 0.726449 0.698446 0.726449 0.748187 0.704710 0.749223 0.704710 0.782383 0.847826 0.782383 0.847826 0.749223 0.737319 0.749223 0.736413 0.683938
0 0.553442 0.434197 0.553442 0.445596 0.606884 0.446632 0.606884 0.592746 0.616848 0.592746 0.616848 0.434197
0 0.329710 0.434197 0.329710 0.445596 0.385870 0.446632 0.385870 0.748187 0.306159 0.749223 0.306159 0.782383 0.425725 0.782383 0.424819 0.719171 0.395833 0.718135 0.395833 0.446632 0.452899 0.445596 0.452899 0.434197
0 0.855072 0.214508 0.780797 0.214508 0.780797 0.433161 0.726449 0.434197 0.726449 0.445596 0.780797 0.446632 0.780797 0.581347 0.726449 0.582383 0.726449 0.596891 0.736413 0.596891 0.737319 0.593782 0.794384 0.593782 0.794384 0.582383 0.790761 0.581347 0.790761 0.446632 0.794384 0.445596 0.794384 0.434197 0.790761 0.433161 0.790761 0.246632 0.855072 0.245596
0 0.670290 0.201036 0.670290 0.245596 0.696558 0.245596 0.697464 0.201036
0 0.607790 0.055959 0.607790 0.087047 0.669384 0.087047 0.670290 0.113990 0.697464 0.113990 0.698370 0.072539 0.940217 0.073575 0.940217 0.213472 0.912138 0.214508 0.912138 0.245596 0.927536 0.246632 0.927536 0.433161 0.863225 0.434197 0.863225 0.445596 0.934783 0.446632 0.934783 0.581347 0.864130 0.582383 0.864130 0.593782 0.934783 0.594819 0.934783 0.748187 0.907609 0.749223 0.907609 0.782383 0.959239 0.782383 0.959239 0.214508 0.954710 0.213472 0.954710 0.055959
0 0.332428 0.055959 0.332428 0.087047 0.469203 0.087047 0.469203 0.055959
0 0.047101 0.055959 0.047101 0.782383 0.163043 0.782383 0.163043 0.749223 0.076087 0.748187 0.076087 0.446632 0.250906 0.445596 0.250906 0.434197 0.076087 0.433161 0.076087 0.088083 0.187500 0.087047 0.187500 0.055959
1 0.618659 0.749223 0.618659 0.782383 0.703804 0.782383 0.703804 0.749223
1 0.620471 0.686010 0.620471 0.697409 0.706522 0.697409 0.706522 0.686010
1 0.726449 0.597927 0.726449 0.682902 0.736413 0.682902 0.736413 0.597927
1 0.606884 0.593782 0.606884 0.686010 0.616848 0.686010 0.616848 0.593782
1 0.795290 0.582383 0.795290 0.593782 0.863225 0.593782 0.863225 0.582383
1 0.795290 0.434197 0.795290 0.445596 0.862319 0.445596 0.862319 0.434197
1 0.251812 0.434197 0.251812 0.445596 0.328804 0.445596 0.328804 0.434197
1 0.670290 0.115026 0.670290 0.200000 0.697464 0.200000 0.697464 0.115026
2 0.848732 0.749223 0.848732 0.782383 0.906703 0.782383 0.906703 0.749223
2 0.426630 0.749223 0.426630 0.782383 0.558877 0.782383 0.558877 0.749223
2 0.163949 0.749223 0.163949 0.782383 0.305254 0.782383 0.305254 0.749223
2 0.855978 0.214508 0.855978 0.245596 0.911232 0.245596 0.911232 0.214508
2 0.697464 0.214508 0.697464 0.245596 0.779891 0.245596 0.779891 0.214508
2 0.470109 0.055959 0.470109 0.087047 0.606884 0.087047 0.606884 0.055959
2 0.188406 0.055959 0.188406 0.087047 0.331522 0.087047 0.331522 0.055959
