0 0.364525 0.831579 0.354749 0.831579 0.354749 0.866667 0.350559 0.867544 0.350559 0.873684 0.354749 0.874561 0.354050 0.923684 0.312849 0.922807 0.312849 0.874561 0.314944 0.873684 0.314944 0.867544 0.305866 0.867544 0.305866 0.873684 0.307961 0.874561 0.307263 0.923684 0.267458 0.923684 0.266760 0.874561 0.269553 0.873684 0.269553 0.867544 0.259078 0.867544 0.258380 0.923684 0.079609 0.923684 0.078911 0.894737 0.049581 0.894737 0.049581 0.954386 0.367318 0.954386 0.367318 0.940351 0.364525 0.939474
0 0.049581 0.571930 0.049581 0.743860 0.078911 0.743860 0.079609 0.727193 0.120112 0.727193 0.120112 0.716667 0.114525 0.716667 0.113827 0.720175 0.070531 0.720175 0.070531 0.678070 0.113827 0.678070 0.114525 0.679825 0.120112 0.679825 0.120810 0.678070 0.329609 0.678070 0.330307 0.690351 0.354749 0.691228 0.354749 0.769298 0.364525 0.769298 0.364525 0.573684 0.354749 0.573684 0.354050 0.666667 0.079609 0.666667 0.078911 0.571930
0 0.868715 0.544737 0.868715 0.549123 0.880587 0.549123 0.880587 0.544737
0 0.964385 0.457895 0.889665 0.457895 0.889665 0.464035 0.959497 0.464912 0.959497 0.614912 0.881285 0.615789 0.880587 0.611404 0.868715 0.611404 0.868017 0.615789 0.856145 0.615789 0.855447 0.670175 0.458101 0.670175 0.458101 0.726316 0.467179 0.726316 0.467877 0.692982 0.574022 0.693860 0.574022 0.830702 0.467877 0.831579 0.467179 0.780702 0.458101 0.780702 0.458101 0.922807 0.431564 0.923684 0.431564 0.939474 0.428073 0.940351 0.428073 0.954386 0.466480 0.954386 0.467179 0.882456 0.591480 0.882456 0.592179 0.693860 0.889665 0.693860 0.890363 0.655263 0.970670 0.655263 0.970670 0.615789 0.964385 0.614912
0 0.049581 0.421053 0.078911 0.421053 0.079609 0.351754 0.229050 0.351754 0.229050 0.341228 0.079609 0.341228 0.078911 0.326316 0.049581 0.326316
0 0.889665 0.282456 0.856145 0.282456 0.855447 0.341228 0.679469 0.341228 0.679469 0.351754 0.855447 0.351754 0.856145 0.418421 0.889665 0.418421
0 0.889665 0.049123 0.643156 0.049123 0.642458 0.067544 0.507682 0.067544 0.506983 0.078947 0.049581 0.078947 0.049581 0.177193 0.078911 0.177193 0.079609 0.102632 0.354050 0.102632 0.354749 0.141228 0.364525 0.141228 0.365223 0.102632 0.405028 0.102632 0.405726 0.224561 0.365223 0.225439 0.364525 0.221930 0.354749 0.221930 0.354749 0.238596 0.364525 0.238596 0.365223 0.235965 0.405028 0.235965 0.405726 0.288596 0.365223 0.289474 0.364525 0.285965 0.354749 0.285965 0.354050 0.327193 0.332402 0.327193 0.331704 0.341228 0.287709 0.341228 0.287709 0.351754 0.354749 0.352632 0.354749 0.444737 0.364525 0.444737 0.365223 0.351754 0.620112 0.351754 0.620112 0.341228 0.578911 0.341228 0.578212 0.328947 0.530028 0.328070 0.530028 0.234211 0.521648 0.234211 0.520950 0.289474 0.414804 0.289474 0.414804 0.102632 0.520950 0.102632 0.521648 0.170175 0.530028 0.170175 0.530726 0.092982 0.855447 0.092982 0.856145 0.162281 0.889665 0.162281
1 0.368017 0.940351 0.368017 0.954386 0.427374 0.954386 0.427374 0.940351
1 0.315642 0.867544 0.315642 0.873684 0.349860 0.873684 0.349860 0.867544
1 0.270251 0.867544 0.270251 0.873684 0.305168 0.873684 0.305168 0.867544
1 0.354749 0.770175 0.354749 0.830702 0.364525 0.830702 0.364525 0.770175
1 0.458101 0.727193 0.458101 0.779825 0.467179 0.779825 0.467179 0.727193
1 0.114525 0.680702 0.114525 0.715789 0.120112 0.715789 0.120112 0.680702
1 0.868715 0.550000 0.868715 0.610526 0.880587 0.610526 0.880587 0.550000
1 0.354749 0.445614 0.354749 0.572807 0.364525 0.572807 0.364525 0.445614
1 0.620810 0.341228 0.620810 0.351754 0.678771 0.351754 0.678771 0.341228
1 0.229749 0.341228 0.229749 0.351754 0.287011 0.351754 0.287011 0.341228
1 0.354749 0.239474 0.354749 0.285088 0.364525 0.285088 0.364525 0.239474
1 0.521648 0.171053 0.521648 0.233333 0.530028 0.233333 0.530028 0.171053
1 0.354749 0.142105 0.354749 0.221053 0.364525 0.221053 0.364525 0.142105
2 0.049581 0.744737 0.049581 0.893860 0.078911 0.893860 0.078911 0.744737
2 0.049581 0.421930 0.049581 0.571053 0.078911 0.571053 0.078911 0.421930
2 0.856145 0.419298 0.856145 0.544737 0.889665 0.544737 0.889665 0.419298
2 0.049581 0.178070 0.049581 0.325439 0.078911 0.325439 0.078911 0.178070
2 0.856145 0.163158 0.856145 0.281579 0.889665 0.281579 0.889665 0.163158
