0 0.193080 0.887603 0.184710 0.887603 0.184152 0.933333 0.050223 0.933333 0.049665 0.899725 0.042969 0.899725 0.042969 0.939945 0.193080 0.939945
0 0.213728 0.547658 0.213728 0.554270 0.214844 0.554821 0.214844 0.625344 0.209821 0.625895 0.209821 0.644628 0.232143 0.644628 0.232143 0.625895 0.220982 0.625344 0.220982 0.554821 0.233259 0.554270 0.233259 0.547658
0 0.286830 0.509091 0.286830 0.547107 0.284040 0.547658 0.284040 0.554270 0.285714 0.554821 0.285714 0.625344 0.284598 0.625895 0.284598 0.644628 0.322545 0.644628 0.322545 0.625895 0.292411 0.625344 0.292411 0.509091
0 0.714844 0.438017 0.713728 0.439118 0.713728 0.445730 0.714844 0.446281 0.714844 0.626997 0.691964 0.627548 0.691964 0.642975 0.752790 0.642975 0.752790 0.627548 0.722098 0.626997 0.722098 0.438017
0 0.177455 0.379614 0.177455 0.386226 0.223772 0.386226 0.223772 0.379614
0 0.751116 0.137741 0.708147 0.137741 0.708147 0.153168 0.714844 0.153719 0.714844 0.195041 0.722656 0.195041 0.722656 0.153719 0.751116 0.153168
0 0.652902 0.137741 0.652902 0.153168 0.661830 0.153168 0.661830 0.137741
0 0.317522 0.130579 0.317522 0.150964 0.324219 0.150964 0.324219 0.130579
0 0.246094 0.130579 0.246094 0.150964 0.255022 0.151515 0.255022 0.325620 0.251674 0.326171 0.251674 0.332231 0.261161 0.332231 0.261161 0.151515 0.269531 0.150964 0.269531 0.130579
0 0.539621 0.040771 0.539621 0.137190 0.536272 0.137741 0.536272 0.642975 0.588728 0.642975 0.588728 0.627548 0.553013 0.626997 0.553013 0.446281 0.668527 0.445730 0.668527 0.439118 0.646205 0.438567 0.646205 0.385675 0.603795 0.385675 0.603795 0.390634 0.641183 0.391185 0.640625 0.439118 0.553013 0.438567 0.553013 0.334986 0.641183 0.334435 0.641183 0.329477 0.553013 0.328926 0.553013 0.153719 0.556920 0.153168 0.556920 0.137741 0.546317 0.137190 0.546875 0.047383 0.885045 0.047934 0.885045 0.137190 0.853237 0.137741 0.853237 0.153168 0.885603 0.153719 0.885603 0.276033 0.833705 0.276584 0.833705 0.283747 0.885603 0.284298 0.885603 0.382920 0.791853 0.383471 0.791853 0.276584 0.723214 0.276584 0.722656 0.235813 0.714844 0.235813 0.714844 0.322314 0.722656 0.322314 0.723214 0.283747 0.784040 0.284298 0.784040 0.382920 0.723214 0.383471 0.722656 0.361983 0.714844 0.361983 0.714844 0.392287 0.722098 0.392287 0.722656 0.391185 0.885603 0.391736 0.885603 0.626997 0.856585 0.627548 0.856585 0.642975 0.901228 0.642975 0.901228 0.137741 0.891741 0.137190 0.891741 0.040771
0 0.471540 0.000551 0.465402 0.000551 0.465402 0.130028 0.429129 0.130579 0.429129 0.150964 0.458705 0.151515 0.458705 0.411570 0.286830 0.412121 0.286830 0.459504 0.292411 0.459504 0.292969 0.417631 0.458705 0.418182 0.458705 0.625344 0.428013 0.625895 0.428013 0.644628 0.471540 0.644628
0 0.118304 0.000551 0.118304 0.130028 0.114397 0.130579 0.114397 0.734986 0.184710 0.735537 0.184710 0.832507 0.042969 0.833058 0.042969 0.840771 0.049665 0.840771 0.050223 0.839669 0.184152 0.839669 0.184710 0.841873 0.193080 0.841873 0.193080 0.726722 0.120536 0.726171 0.120536 0.645179 0.142299 0.644628 0.142299 0.625895 0.128348 0.625344 0.128348 0.554821 0.176339 0.554270 0.176339 0.547658 0.128348 0.547107 0.128348 0.332782 0.205357 0.332231 0.205357 0.326171 0.128348 0.325620 0.128348 0.151515 0.143415 0.150964 0.143415 0.130579 0.124442 0.130028 0.124442 0.000551
1 0.184710 0.842424 0.184710 0.887052 0.193080 0.887052 0.193080 0.842424
1 0.232701 0.625895 0.232701 0.644628 0.284040 0.644628 0.284040 0.625895
1 0.233817 0.547658 0.233817 0.554270 0.283482 0.554270 0.283482 0.547658
1 0.176897 0.547658 0.176897 0.554270 0.213170 0.554270 0.213170 0.547658
1 0.286830 0.460055 0.286830 0.508540 0.292411 0.508540 0.292411 0.460055
1 0.669085 0.439118 0.669085 0.445730 0.713170 0.445730 0.713170 0.439118
1 0.714844 0.392837 0.714844 0.437466 0.722098 0.437466 0.722098 0.392837
1 0.205915 0.326171 0.205915 0.332231 0.251116 0.332231 0.251116 0.326171
1 0.714844 0.322865 0.714844 0.361433 0.722656 0.361433 0.722656 0.322865
1 0.792411 0.276584 0.792411 0.283747 0.833147 0.283747 0.833147 0.276584
1 0.714844 0.195592 0.714844 0.235262 0.722656 0.235262 0.722656 0.195592
1 0.662388 0.137741 0.662388 0.153168 0.707589 0.153168 0.707589 0.137741
1 0.270089 0.130579 0.270089 0.150964 0.316964 0.150964 0.316964 0.130579
2 0.042969 0.841322 0.042969 0.899174 0.049665 0.899174 0.049665 0.841322
2 0.753348 0.627548 0.753348 0.642975 0.856027 0.642975 0.856027 0.627548
2 0.589286 0.627548 0.589286 0.642975 0.691406 0.642975 0.691406 0.627548
2 0.323103 0.625895 0.323103 0.644628 0.427455 0.644628 0.427455 0.625895
2 0.142857 0.625895 0.142857 0.644628 0.209263 0.644628 0.209263 0.625895
2 0.751674 0.137741 0.751674 0.153168 0.852679 0.153168 0.852679 0.137741
2 0.557478 0.137741 0.557478 0.153168 0.652344 0.153168 0.652344 0.137741
2 0.324777 0.130579 0.324777 0.150964 0.428571 0.150964 0.428571 0.130579
2 0.143973 0.130579 0.143973 0.150964 0.245536 0.150964 0.245536 0.130579
