0 0.488474 0.723022 0.388584 0.723022 0.387486 0.720863 0.374314 0.720863 0.374314 0.828777 0.283205 0.829496 0.283205 0.848921 0.310648 0.849640 0.310648 0.948921 0.323820 0.948921 0.324918 0.848921 0.485181 0.848921 0.485181 0.829496 0.387486 0.828777 0.387486 0.732374 0.488474 0.731655
0 0.611416 0.689928 0.611416 0.722302 0.592755 0.723022 0.592755 0.731655 0.611416 0.732374 0.611416 0.828777 0.589462 0.829496 0.589462 0.848921 0.607025 0.849640 0.607025 0.949640 0.620198 0.949640 0.620198 0.849640 0.626784 0.848921 0.626784 0.829496 0.622393 0.828777 0.622393 0.689928
0 0.453348 0.397122 0.453348 0.446763 0.517014 0.446763 0.517014 0.438849 0.464325 0.438129 0.464325 0.397122
0 0.644347 0.163309 0.644347 0.186331 0.751921 0.187050 0.751921 0.437410 0.611416 0.438129 0.611416 0.451079 0.622393 0.451079 0.623491 0.448201 0.763996 0.448201 0.763996 0.305036 0.769484 0.304317 0.769484 0.297122 0.763996 0.296403 0.763996 0.260432 0.769484 0.259712 0.769484 0.189209 0.816685 0.188489 0.816685 0.163309
0 0.462130 0.163309 0.462130 0.186331 0.508233 0.186331 0.508233 0.163309
0 0.346872 0.163309 0.346872 0.186331 0.371021 0.186331 0.371021 0.163309
0 0.262349 0.163309 0.262349 0.186331 0.270033 0.186331 0.270033 0.163309
0 0.190999 0.163309 0.190999 0.186331 0.197585 0.186331 0.197585 0.163309
0 0.957190 0.067626 0.945115 0.067626 0.945115 0.162590 0.886937 0.163309 0.886937 0.188489 0.931943 0.189209 0.931943 0.243165 0.936334 0.243885 0.936334 0.296403 0.859495 0.297122 0.859495 0.304317 0.923161 0.305036 0.923161 0.438849 0.859495 0.439568 0.859495 0.448201 0.936334 0.448921 0.936334 0.576978 0.793633 0.577698 0.792536 0.530935 0.623491 0.530935 0.622393 0.509353 0.611416 0.509353 0.611416 0.540288 0.622393 0.540288 0.623491 0.538129 0.781559 0.538849 0.780461 0.622302 0.623491 0.622302 0.622393 0.598561 0.611416 0.598561 0.611416 0.634532 0.622393 0.634532 0.623491 0.629496 0.792536 0.629496 0.793633 0.584892 0.936334 0.585612 0.936334 0.828777 0.768386 0.829496 0.768386 0.848921 0.961581 0.848921 0.962678 0.163309 0.957190 0.162590
0 0.047201 0.028058 0.047201 0.848921 0.155873 0.848921 0.155873 0.829496 0.071350 0.828777 0.071350 0.551799 0.373216 0.551079 0.374314 0.665468 0.387486 0.665468 0.387486 0.551799 0.456641 0.551079 0.456641 0.542446 0.071350 0.541727 0.071350 0.187050 0.125137 0.186331 0.125137 0.163309 0.079034 0.162590 0.079034 0.028058
1 0.486279 0.829496 0.486279 0.848921 0.588364 0.848921 0.588364 0.829496
1 0.489572 0.723022 0.489572 0.731655 0.591658 0.731655 0.591658 0.723022
1 0.374314 0.666187 0.374314 0.720144 0.387486 0.720144 0.387486 0.666187
1 0.611416 0.635252 0.611416 0.689209 0.622393 0.689209 0.622393 0.635252
1 0.611416 0.541007 0.611416 0.597842 0.622393 0.597842 0.622393 0.541007
1 0.611416 0.451799 0.611416 0.508633 0.622393 0.508633 0.622393 0.451799
1 0.770582 0.297122 0.770582 0.304317 0.858397 0.304317 0.858397 0.297122
1 0.372119 0.163309 0.372119 0.186331 0.461032 0.186331 0.461032 0.163309
2 0.627881 0.829496 0.627881 0.848921 0.767289 0.848921 0.767289 0.829496
2 0.156970 0.829496 0.156970 0.848921 0.282108 0.848921 0.282108 0.829496
2 0.817783 0.163309 0.817783 0.188489 0.885840 0.188489 0.885840 0.163309
2 0.509330 0.163309 0.509330 0.186331 0.643249 0.186331 0.643249 0.163309
2 0.271131 0.163309 0.271131 0.186331 0.345774 0.186331 0.345774 0.163309
2 0.198683 0.163309 0.198683 0.186331 0.261251 0.186331 0.261251 0.163309
2 0.126235 0.163309 0.126235 0.186331 0.189901 0.186331 0.189901 0.163309
