0 0.952245 0.862996 0.936565 0.862996 0.935852 0.925736 0.616536 0.925736 0.616536 0.951344 0.952245 0.951344
0 0.129009 0.857875 0.129009 0.951344 0.548824 0.951344 0.548824 0.925736 0.146828 0.925736 0.146115 0.857875
0 0.537420 0.665813 0.537420 0.669654 0.545260 0.669654 0.545260 0.665813
0 0.658589 0.664533 0.658589 0.669654 0.665716 0.669654 0.665716 0.664533
0 0.003564 0.528809 0.003564 0.551857 0.128297 0.551857 0.129009 0.618438 0.146115 0.618438 0.146828 0.548015 0.536707 0.548015 0.537420 0.556978 0.545260 0.556978 0.545260 0.531370 0.146828 0.531370 0.146115 0.480154 0.129009 0.480154 0.128297 0.528809
0 0.952245 0.417414 0.936565 0.417414 0.935852 0.531370 0.709907 0.531370 0.709195 0.527529 0.702780 0.527529 0.702067 0.531370 0.658589 0.531370 0.658589 0.554417 0.665716 0.554417 0.666429 0.550576 0.935852 0.550576 0.936565 0.618438 0.952245 0.618438
0 0.129009 0.241997 0.129009 0.248399 0.146115 0.248399 0.146115 0.241997
0 0.003564 0.042254 0.003564 0.060179 0.012117 0.060179 0.012830 0.062740 0.128297 0.062740 0.129009 0.134443 0.146115 0.134443 0.146828 0.064020 0.544547 0.064020 0.545260 0.284251 0.650036 0.284251 0.650036 0.272727 0.566643 0.271447 0.566643 0.218950 0.551675 0.217670 0.552388 0.064020 0.702067 0.064020 0.702780 0.271447 0.699929 0.272727 0.699929 0.284251 0.702780 0.285531 0.702780 0.421255 0.709195 0.421255 0.709195 0.147247 0.753386 0.145967 0.754098 0.064020 0.935852 0.064020 0.936565 0.185659 0.952245 0.185659 0.952245 0.042254
1 0.549537 0.925736 0.549537 0.951344 0.615823 0.951344 0.615823 0.925736
1 0.537420 0.558259 0.537420 0.664533 0.545260 0.664533 0.545260 0.558259
1 0.658589 0.555698 0.658589 0.663252 0.665716 0.663252 0.665716 0.555698
1 0.702780 0.422535 0.702780 0.526248 0.709195 0.526248 0.709195 0.422535
1 0.650748 0.272727 0.650748 0.284251 0.699216 0.284251 0.699216 0.272727
1 0.129009 0.135723 0.129009 0.240717 0.146115 0.240717 0.146115 0.135723
2 0.936565 0.619718 0.936565 0.861716 0.952245 0.861716 0.952245 0.619718
2 0.129009 0.619718 0.129009 0.856594 0.146115 0.856594 0.146115 0.619718
2 0.129009 0.249680 0.129009 0.478873 0.146115 0.478873 0.146115 0.249680
2 0.936565 0.186940 0.936565 0.416133 0.952245 0.416133 0.952245 0.186940
2 0.003564 0.061460 0.003564 0.527529 0.012117 0.527529 0.012117 0.061460
