0 0.341781 0.882658 0.318493 0.881620 0.318493 0.749740 0.311644 0.749740 0.310959 0.882658 0.069863 0.882658 0.069178 0.798546 0.043151 0.798546 0.043151 0.908619 0.341781 0.908619
0 0.318493 0.651090 0.311644 0.651090 0.310959 0.655244 0.069863 0.655244 0.069178 0.653167 0.043151 0.653167 0.043151 0.665628 0.310959 0.665628 0.311644 0.668744 0.318493 0.668744
0 0.043151 0.431983 0.043151 0.525441 0.069178 0.525441 0.069863 0.519211 0.095890 0.519211 0.095890 0.511942 0.093151 0.511942 0.092466 0.515057 0.069178 0.514019 0.069863 0.453790 0.092466 0.453790 0.093151 0.455867 0.096575 0.453790 0.310959 0.453790 0.311644 0.570093 0.318493 0.570093 0.319178 0.556594 0.337671 0.556594 0.338356 0.539979 0.352740 0.539979 0.352740 0.529595 0.337671 0.528557 0.337671 0.438214 0.330822 0.438214 0.330137 0.443406 0.069863 0.443406 0.069178 0.431983
0 0.797260 0.410177 0.797260 0.418484 0.822603 0.418484 0.822603 0.410177
0 0.043151 0.073728 0.043151 0.146417 0.069178 0.146417 0.069863 0.105919 0.330137 0.105919 0.330822 0.313603 0.337671 0.313603 0.338356 0.117342 0.749315 0.117342 0.750000 0.105919 0.796575 0.105919 0.797260 0.160955 0.822603 0.160955 0.823288 0.104881 0.902740 0.105919 0.902740 0.529595 0.823288 0.530633 0.822603 0.512980 0.797260 0.512980 0.796575 0.518172 0.749315 0.518172 0.748630 0.529595 0.411644 0.529595 0.411644 0.539979 0.419863 0.541018 0.419863 0.606438 0.427397 0.606438 0.428082 0.542056 0.515753 0.543094 0.515753 0.555556 0.513699 0.556594 0.513699 0.608515 0.524658 0.609553 0.524658 0.857736 0.427397 0.857736 0.427397 0.685358 0.419863 0.685358 0.419863 0.881620 0.400685 0.882658 0.400685 0.908619 0.534932 0.908619 0.535616 0.556594 0.908219 0.556594 0.908219 0.073728
1 0.342466 0.882658 0.342466 0.908619 0.400000 0.908619 0.400000 0.882658
1 0.311644 0.669782 0.311644 0.748702 0.318493 0.748702 0.318493 0.669782
1 0.419863 0.607477 0.419863 0.684320 0.427397 0.684320 0.427397 0.607477
1 0.311644 0.571132 0.311644 0.650052 0.318493 0.650052 0.318493 0.571132
1 0.353425 0.529595 0.353425 0.539979 0.410959 0.539979 0.410959 0.529595
1 0.093151 0.456906 0.093151 0.510903 0.095890 0.510903 0.095890 0.456906
1 0.797260 0.419522 0.797260 0.511942 0.822603 0.511942 0.822603 0.419522
1 0.330822 0.314642 0.330822 0.437175 0.337671 0.437175 0.337671 0.314642
2 0.043151 0.666667 0.043151 0.797508 0.069178 0.797508 0.069178 0.666667
2 0.043151 0.526480 0.043151 0.652129 0.069178 0.652129 0.069178 0.526480
2 0.797260 0.161994 0.797260 0.409138 0.822603 0.409138 0.822603 0.161994
2 0.043151 0.147456 0.043151 0.430945 0.069178 0.430945 0.069178 0.147456
