0 0.863659 0.870297 0.840345 0.870297 0.839838 0.938614 0.644197 0.938614 0.644197 0.950495 0.863659 0.950495
0 0.543842 0.857426 0.543842 0.877228 0.549924 0.878218 0.549924 0.950495 0.599595 0.950495 0.599595 0.938614 0.560568 0.938614 0.560061 0.857426
0 0.104916 0.660396 0.104916 0.763366 0.109478 0.764356 0.109478 0.877228 0.493664 0.877228 0.493664 0.857426 0.312722 0.857426 0.312215 0.797030 0.285859 0.797030 0.285352 0.755446 0.280791 0.755446 0.280284 0.857426 0.132793 0.857426 0.132286 0.754455 0.109478 0.754455 0.108971 0.758416 0.107451 0.757426 0.107451 0.666337 0.108971 0.665347 0.109478 0.668317 0.132286 0.668317 0.132286 0.659406
0 0.840345 0.620792 0.840345 0.712871 0.863659 0.712871 0.863659 0.620792
0 0.800811 0.245545 0.800811 0.291089 0.840345 0.292079 0.840345 0.467327 0.863659 0.467327 0.863659 0.245545
0 0.553472 0.245545 0.553472 0.291089 0.560568 0.292079 0.560568 0.372277 0.591485 0.372277 0.591992 0.291089 0.670552 0.291089 0.670552 0.245545
0 0.382159 0.245545 0.382159 0.291089 0.390269 0.292079 0.390269 0.374257 0.395337 0.374257 0.395844 0.291089 0.456665 0.292079 0.456665 0.462376 0.395844 0.463366 0.395337 0.460396 0.390269 0.460396 0.390269 0.655446 0.388748 0.656436 0.388748 0.664356 0.396351 0.664356 0.396351 0.656436 0.395337 0.655446 0.395844 0.473267 0.456665 0.474257 0.456665 0.655446 0.441460 0.656436 0.441460 0.664356 0.492651 0.664356 0.492651 0.656436 0.461733 0.655446 0.461733 0.292079 0.499747 0.291089 0.499747 0.245545
0 0.109478 0.245545 0.109478 0.450495 0.132286 0.450495 0.132793 0.291089 0.261024 0.291089 0.261531 0.664356 0.280284 0.664356 0.280791 0.668317 0.285352 0.668317 0.285859 0.664356 0.346173 0.664356 0.346173 0.656436 0.266599 0.655446 0.266599 0.292079 0.318297 0.291089 0.318297 0.245545
0 0.857070 0.052475 0.856564 0.060396 0.860618 0.060396 0.860618 0.052475
0 0.652813 0.052475 0.652813 0.060396 0.656361 0.060396 0.656361 0.052475
1 0.600101 0.938614 0.600101 0.950495 0.643690 0.950495 0.643690 0.938614
1 0.494171 0.857426 0.494171 0.877228 0.543335 0.877228 0.543335 0.857426
1 0.280791 0.669307 0.280791 0.754455 0.285352 0.754455 0.285352 0.669307
1 0.109478 0.669307 0.109478 0.753465 0.132286 0.753465 0.132286 0.669307
1 0.396858 0.656436 0.396858 0.664356 0.440953 0.664356 0.440953 0.656436
1 0.346680 0.656436 0.346680 0.664356 0.388241 0.664356 0.388241 0.656436
1 0.390269 0.375248 0.390269 0.459406 0.395337 0.459406 0.395337 0.375248
1 0.671059 0.245545 0.671059 0.291089 0.714648 0.291089 0.714648 0.245545
2 0.840345 0.713861 0.840345 0.869307 0.863659 0.869307 0.863659 0.713861
2 0.840345 0.468317 0.840345 0.619802 0.863659 0.619802 0.863659 0.468317
2 0.109478 0.451485 0.109478 0.658416 0.132286 0.658416 0.132286 0.451485
2 0.716168 0.245545 0.716168 0.291089 0.800304 0.291089 0.800304 0.245545
2 0.500253 0.245545 0.500253 0.291089 0.552965 0.291089 0.552965 0.245545
2 0.318804 0.245545 0.318804 0.291089 0.381652 0.291089 0.381652 0.245545
2 0.652813 0.061386 0.652813 0.244554 0.656868 0.244554 0.657375 0.060396 0.856057 0.060396 0.856564 0.244554 0.860618 0.244554 0.860618 0.061386 0.856057 0.060396 0.856564 0.052475 0.656868 0.052475 0.656868 0.060396
