0 0.469328 0.583102 0.457644 0.583102 0.457644 0.750417 0.439143 0.750973 0.439143 0.767093 0.471276 0.767093 0.471276 0.750973 0.469328 0.750417
0 0.664070 0.284603 0.664070 0.302946 0.731256 0.302946 0.731256 0.284603
0 0.353457 0.284603 0.353457 0.302946 0.359299 0.302946 0.359299 0.284603
0 0.615385 0.152307 0.615385 0.156198 0.833496 0.156754 0.833496 0.284047 0.811100 0.284603 0.811100 0.302946 0.827653 0.303502 0.827653 0.491940 0.574489 0.492496 0.574489 0.537521 0.586173 0.537521 0.587147 0.499166 0.827653 0.499722 0.827653 0.660923 0.735151 0.661479 0.735151 0.666481 0.827653 0.667037 0.827653 0.750417 0.646543 0.750417 0.646543 0.667037 0.655307 0.666481 0.655307 0.661479 0.646543 0.660923 0.646543 0.588105 0.587147 0.588105 0.586173 0.583102 0.574489 0.583102 0.574489 0.594775 0.634859 0.595331 0.634859 0.750417 0.559883 0.750973 0.559883 0.767093 0.630964 0.767649 0.630964 0.821568 0.646543 0.821568 0.647517 0.763758 0.825706 0.763758 0.826680 0.868816 0.647517 0.869372 0.646543 0.867148 0.630964 0.867148 0.630964 0.878266 0.842259 0.878266 0.842259 0.764314 0.850049 0.763758 0.850049 0.152307
0 0.499513 0.152307 0.492697 0.152307 0.492697 0.284047 0.451801 0.284603 0.451801 0.302946 0.516066 0.302946 0.516066 0.284603 0.499513 0.284047
0 0.128530 0.151751 0.128530 0.284047 0.117819 0.284603 0.113924 0.704280 0.115871 0.878822 0.457644 0.878822 0.457644 0.874931 0.289192 0.874931 0.288218 0.859922 0.261928 0.859922 0.260954 0.863257 0.136319 0.862702 0.136319 0.764314 0.260954 0.763758 0.261928 0.814341 0.288218 0.814341 0.288218 0.767649 0.292113 0.767093 0.292113 0.750973 0.136319 0.750417 0.138267 0.500278 0.456670 0.499722 0.457644 0.536965 0.469328 0.536965 0.469328 0.493052 0.138267 0.492496 0.140214 0.303502 0.233690 0.302946 0.233690 0.284603 0.135346 0.284047 0.135346 0.151751
1 0.630964 0.822123 0.630964 0.866593 0.646543 0.866593 0.646543 0.822123
1 0.261928 0.814897 0.261928 0.859366 0.288218 0.859366 0.288218 0.814897
1 0.472249 0.750973 0.472249 0.767093 0.558909 0.767093 0.558909 0.750973
1 0.656280 0.661479 0.656280 0.666481 0.734177 0.666481 0.734177 0.661479
1 0.574489 0.538077 0.574489 0.582546 0.586173 0.582546 0.586173 0.538077
1 0.457644 0.537521 0.457644 0.582546 0.469328 0.582546 0.469328 0.537521
1 0.732230 0.284603 0.732230 0.302946 0.810127 0.302946 0.810127 0.284603
2 0.293087 0.750973 0.293087 0.767093 0.438169 0.767093 0.438169 0.750973
2 0.517040 0.284603 0.517040 0.302946 0.663096 0.302946 0.663096 0.284603
2 0.360273 0.284603 0.360273 0.302946 0.450828 0.302946 0.450828 0.284603
2 0.234664 0.284603 0.234664 0.302946 0.352483 0.302946 0.352483 0.284603
