0 0.177320 0.998976 0.221306 0.998976 0.221993 0.981576 0.919588 0.981576 0.919588 0.960082 0.911340 0.960082 0.910653 0.963153 0.705842 0.963153 0.705155 0.903787 0.685911 0.903787 0.685223 0.962129 0.323711 0.962129 0.323024 0.898669 0.315464 0.898669 0.314777 0.962129 0.202062 0.962129 0.201375 0.970317 0.177320 0.970317
0 0.069416 0.731832 0.069416 0.998976 0.113402 0.998976 0.113402 0.970317 0.088660 0.969294 0.088660 0.791198 0.187629 0.790174 0.187629 0.777892 0.089347 0.777892 0.088660 0.731832
0 0.685911 0.693961 0.685911 0.709314 0.705155 0.709314 0.705155 0.693961
0 0.910653 0.563971 0.910653 0.576254 0.919588 0.577277 0.919588 0.563971
0 0.673540 0.547595 0.673540 0.558854 0.685911 0.559877 0.685911 0.610031 0.705155 0.610031 0.705842 0.576254 0.786942 0.576254 0.786942 0.547595
0 0.871478 0.519959 0.852234 0.519959 0.851546 0.547595 0.829553 0.547595 0.829553 0.576254 0.871478 0.576254
0 0.069416 0.360287 0.069416 0.563971 0.088660 0.563971 0.089347 0.453429 0.315464 0.454452 0.315464 0.776868 0.272852 0.777892 0.272852 0.790174 0.323024 0.790174 0.323024 0.441146 0.089347 0.442170 0.088660 0.360287
0 0.404124 0.558854 0.617182 0.558854 0.617182 0.547595 0.613746 0.546571 0.613746 0.435005 0.606186 0.435005 0.606186 0.546571 0.541581 0.546571 0.541581 0.368475 0.605498 0.367451 0.606186 0.369498 0.613746 0.369498 0.614433 0.164790 0.851546 0.164790 0.852234 0.358240 0.871478 0.358240 0.871478 0.135107 0.571821 0.135107 0.571821 0.172979 0.603436 0.174002 0.603436 0.349028 0.505842 0.350051 0.505155 0.339816 0.494158 0.339816 0.494158 0.367451 0.534021 0.368475 0.534021 0.546571 0.412371 0.547595 0.411684 0.470829 0.404124 0.470829
0 0.462543 0.135107 0.462543 0.172979 0.494158 0.174002 0.494158 0.274309 0.505155 0.274309 0.505155 0.174002 0.507216 0.172979 0.507216 0.135107
0 0.394502 0.135107 0.394502 0.164790 0.404124 0.165814 0.404124 0.384852 0.411684 0.384852 0.411684 0.174002 0.421993 0.172979 0.421993 0.135107
0 0.069416 0.135107 0.069416 0.193449 0.088660 0.193449 0.089347 0.164790 0.314777 0.164790 0.315464 0.359263 0.323024 0.359263 0.323711 0.349028 0.347766 0.349028 0.347766 0.337769 0.323024 0.336745 0.323024 0.201638 0.344330 0.200614 0.344330 0.165814 0.350515 0.164790 0.350515 0.135107
1 0.114089 0.970317 0.114089 0.998976 0.176632 0.998976 0.176632 0.970317
1 0.188316 0.777892 0.188316 0.790174 0.272165 0.790174 0.272165 0.777892
1 0.685911 0.611054 0.685911 0.692938 0.705155 0.692938 0.705155 0.611054
1 0.617869 0.547595 0.617869 0.558854 0.672852 0.558854 0.672852 0.547595
1 0.404124 0.385875 0.404124 0.469806 0.411684 0.469806 0.411684 0.385875
1 0.606186 0.370522 0.606186 0.433982 0.613746 0.433982 0.613746 0.370522
1 0.315464 0.360287 0.315464 0.440123 0.323024 0.440123 0.323024 0.360287
1 0.348454 0.337769 0.348454 0.349028 0.402749 0.349028 0.402749 0.337769
1 0.494158 0.275333 0.494158 0.338792 0.505155 0.338792 0.505155 0.275333
2 0.685911 0.710338 0.685911 0.902764 0.705155 0.902764 0.705155 0.710338
2 0.911340 0.578301 0.911340 0.959058 0.919588 0.959058 0.919588 0.578301
2 0.069416 0.564995 0.069416 0.730809 0.088660 0.730809 0.088660 0.564995
2 0.872165 0.563971 0.872165 0.576254 0.909966 0.576254 0.909966 0.563971
2 0.787629 0.547595 0.787629 0.576254 0.828866 0.576254 0.828866 0.547595
2 0.852234 0.359263 0.852234 0.518936 0.871478 0.518936 0.871478 0.359263
2 0.069416 0.194473 0.069416 0.359263 0.088660 0.359263 0.088660 0.194473
2 0.507904 0.135107 0.507904 0.172979 0.571134 0.172979 0.571134 0.135107
2 0.422680 0.135107 0.422680 0.172979 0.461856 0.172979 0.461856 0.135107
2 0.351203 0.135107 0.351203 0.164790 0.393814 0.164790 0.393814 0.135107
