0 0.798606 0.253247 0.798606 0.262338 0.794733 0.263636 0.794733 0.279221 0.797831 0.279221 0.799380 0.287013
0 0.612703 0.253247 0.496514 0.253247 0.496514 0.287013 0.543765 0.288312 0.543765 0.724675 0.381100 0.725974 0.380325 0.640260 0.367932 0.640260 0.367932 0.740260 0.380325 0.740260 0.381100 0.737662 0.611929 0.737662 0.611929 0.725974 0.602634 0.724675 0.602634 0.687013 0.550736 0.685714 0.550736 0.554545 0.573974 0.553247 0.573974 0.471429 0.550736 0.470130 0.550736 0.288312 0.612703 0.287013
0 0.336948 0.253247 0.336948 0.287013 0.367932 0.288312 0.367932 0.542857 0.380325 0.542857 0.380325 0.288312 0.422928 0.287013 0.422928 0.253247
0 0.061193 0.253247 0.061193 0.961039 0.384973 0.961039 0.384973 0.937662 0.380325 0.936364 0.380325 0.833766 0.367932 0.833766 0.367157 0.937662 0.075136 0.936364 0.075136 0.288312 0.115414 0.287013 0.115414 0.253247
0 0.949651 0.042857 0.672347 0.042857 0.672347 0.251948 0.661503 0.253247 0.661503 0.287013 0.672347 0.288312 0.672347 0.724675 0.669249 0.725974 0.669249 0.737662 0.672347 0.738961 0.672347 0.759740 0.684741 0.759740 0.684741 0.288312 0.726569 0.287013 0.726569 0.280519 0.729667 0.279221 0.729667 0.263636 0.726569 0.262338 0.726569 0.253247 0.684741 0.251948 0.684741 0.057143 0.937258 0.057143 0.937258 0.251948 0.895430 0.253247 0.895430 0.287013 0.935709 0.288312 0.935709 0.858442 0.685515 0.859740 0.684741 0.855844 0.672347 0.855844 0.671572 0.937662 0.457785 0.937662 0.457785 0.961039 0.684741 0.961039 0.685515 0.883117 0.949651 0.883117
1 0.385747 0.937662 0.385747 0.961039 0.457010 0.961039 0.457010 0.937662
1 0.672347 0.761039 0.672347 0.854545 0.684741 0.854545 0.684741 0.761039
1 0.367932 0.741558 0.367932 0.832468 0.380325 0.832468 0.380325 0.741558
1 0.612703 0.725974 0.612703 0.737662 0.668474 0.737662 0.668474 0.725974
1 0.367932 0.544156 0.367932 0.638961 0.380325 0.638961 0.380325 0.544156
1 0.730442 0.263636 0.730442 0.279221 0.793958 0.279221 0.793958 0.263636
2 0.800155 0.253247 0.800155 0.287013 0.894655 0.287013 0.894655 0.253247
2 0.613478 0.253247 0.613478 0.287013 0.660728 0.287013 0.660728 0.253247
2 0.423703 0.253247 0.423703 0.287013 0.495740 0.287013 0.495740 0.253247
2 0.116189 0.253247 0.116189 0.287013 0.336174 0.287013 0.336174 0.253247
