0 0.846305 0.871179 0.846305 0.887918 0.853695 0.887918 0.853695 0.871179
0 0.902463 0.871179 0.902463 0.887918 0.924631 0.887918 0.924631 0.856623 0.912808 0.856623 0.912315 0.871179
0 0.912808 0.764192 0.912808 0.771470 0.924631 0.771470 0.924631 0.764192
0 0.912808 0.671033 0.912808 0.679039 0.924631 0.679039 0.924631 0.671033
0 0.756158 0.669578 0.756158 0.692868 0.769951 0.693595 0.769951 0.887918 0.813300 0.887918 0.813300 0.871179 0.781281 0.870451 0.781281 0.693595 0.846798 0.695051 0.847291 0.671761
0 0.912808 0.576419 0.912808 0.585153 0.924631 0.585153 0.924631 0.576419
0 0.693596 0.692868 0.720197 0.692868 0.720197 0.669578 0.700493 0.668850 0.700985 0.569869 0.741379 0.569869 0.741872 0.599709 0.840394 0.599709 0.840394 0.596070 0.744828 0.596070 0.744335 0.566230 0.700985 0.566230 0.700493 0.562591 0.696552 0.562591 0.696552 0.670306 0.693596 0.671033
0 0.459606 0.534934 0.459606 0.692868 0.529064 0.692868 0.529064 0.671033 0.473399 0.670306 0.473399 0.534934
0 0.304926 0.518195 0.304926 0.597525 0.331527 0.597525 0.331527 0.593886 0.307389 0.593159 0.307389 0.518195
0 0.705419 0.501456 0.641872 0.501456 0.641379 0.494178 0.631527 0.494178 0.631527 0.670306 0.600493 0.671033 0.600493 0.692868 0.658128 0.692868 0.658128 0.671033 0.641379 0.670306 0.641379 0.515284 0.705419 0.514556
0 0.411330 0.481077 0.393596 0.481077 0.393596 0.663028 0.286207 0.663755 0.286207 0.689956 0.411330 0.689956
0 0.908867 0.468705 0.908867 0.488355 0.912315 0.488355 0.912808 0.490539 0.924631 0.490539 0.924631 0.468705
0 0.393596 0.366084 0.393596 0.401747 0.411330 0.401747 0.411330 0.366084
0 0.836946 0.362445 0.836946 0.503639 0.831034 0.504367 0.831034 0.514556 0.838916 0.514556 0.839409 0.523290 0.847783 0.523290 0.847783 0.489083 0.851724 0.488355 0.851724 0.468705 0.850246 0.467977 0.850246 0.362445
0 0.459606 0.271470 0.459606 0.422125 0.473399 0.422125 0.473892 0.357351 0.606404 0.357351 0.606897 0.419942 0.631034 0.419942 0.631527 0.433042 0.641379 0.433042 0.641379 0.310044 0.631527 0.310044 0.631034 0.344250 0.473892 0.344250 0.473399 0.271470
0 0.393596 0.245269 0.393596 0.289665 0.411330 0.289665 0.411330 0.245269
0 0.362562 0.066230 0.362562 0.092431 0.393596 0.093159 0.393596 0.144105 0.411330 0.144105 0.411330 0.066230
0 0.138424 0.066230 0.138424 0.092431 0.298522 0.092431 0.298522 0.066230
0 0.024138 0.066230 0.024138 0.689956 0.263054 0.689956 0.263054 0.663755 0.261084 0.663028 0.261084 0.518195 0.237438 0.518195 0.237438 0.526201 0.255665 0.526929 0.255172 0.663755 0.209360 0.663028 0.209360 0.526929 0.210837 0.526201 0.210837 0.518195 0.203448 0.518195 0.203941 0.663028 0.144828 0.663028 0.144828 0.527656 0.171429 0.526929 0.171429 0.502183 0.165025 0.502183 0.164532 0.518195 0.124631 0.518195 0.124631 0.531295 0.135961 0.532023 0.135468 0.663755 0.042857 0.663028 0.042857 0.532023 0.094089 0.531295 0.094089 0.518195 0.042857 0.517467 0.042857 0.359534 0.164532 0.358806 0.165025 0.457060 0.171429 0.457060 0.171921 0.429403 0.205419 0.429403 0.205419 0.349345 0.042857 0.348617 0.042857 0.093159 0.058621 0.092431 0.058621 0.066230
0 0.785714 0.060408 0.785714 0.080058 0.836946 0.080786 0.836946 0.175400 0.850246 0.175400 0.850246 0.060408
0 0.459606 0.155022 0.473399 0.155022 0.473892 0.080058 0.631034 0.080058 0.631527 0.247453 0.641379 0.247453 0.641379 0.080786 0.743842 0.080058 0.743842 0.060408 0.459606 0.060408
1 0.854187 0.871179 0.854187 0.887918 0.901970 0.887918 0.901970 0.871179
1 0.211330 0.518195 0.211330 0.526201 0.236946 0.526201 0.236946 0.518195
1 0.172414 0.518195 0.172414 0.526201 0.202956 0.526201 0.202956 0.518195
1 0.094581 0.518195 0.094581 0.531295 0.124138 0.531295 0.124138 0.518195
1 0.696552 0.516012 0.696552 0.561863 0.700493 0.561863 0.700493 0.516012
1 0.165025 0.457787 0.165025 0.501456 0.171429 0.501456 0.171429 0.457787
1 0.631527 0.433770 0.631527 0.493450 0.641379 0.493450 0.641379 0.433770
1 0.631527 0.248180 0.631527 0.309316 0.641379 0.309316 0.641379 0.248180
1 0.101970 0.066230 0.101970 0.092431 0.137931 0.092431 0.137931 0.066230
2 0.813793 0.871179 0.813793 0.887918 0.845813 0.887918 0.845813 0.871179
2 0.912808 0.772198 0.912808 0.855895 0.924631 0.855895 0.924631 0.772198
2 0.912808 0.679767 0.912808 0.763464 0.924631 0.763464 0.924631 0.679767
2 0.658621 0.671033 0.658621 0.692868 0.693103 0.692868 0.693103 0.671033
2 0.529557 0.671033 0.529557 0.692868 0.600000 0.692868 0.600000 0.671033
2 0.720690 0.669578 0.720690 0.692868 0.755665 0.692868 0.755665 0.669578
2 0.263547 0.663755 0.263547 0.689956 0.285714 0.689956 0.285714 0.663755
2 0.912808 0.585881 0.912808 0.670306 0.924631 0.670306 0.924631 0.585881
2 0.912808 0.491266 0.912808 0.575691 0.924631 0.575691 0.924631 0.491266
2 0.852217 0.468705 0.852217 0.488355 0.908374 0.488355 0.908374 0.468705
2 0.459606 0.422853 0.459606 0.534207 0.473399 0.534207 0.473399 0.422853
2 0.393596 0.402475 0.393596 0.480349 0.411330 0.480349 0.411330 0.402475
2 0.393596 0.290393 0.393596 0.365357 0.411330 0.365357 0.411330 0.290393
2 0.836946 0.176128 0.836946 0.361718 0.850246 0.361718 0.850246 0.176128
2 0.459606 0.155750 0.459606 0.270742 0.473399 0.270742 0.473399 0.155750
2 0.393596 0.144833 0.393596 0.244541 0.411330 0.244541 0.411330 0.144833
2 0.299015 0.066230 0.299015 0.092431 0.362069 0.092431 0.362069 0.066230
2 0.059113 0.066230 0.059113 0.092431 0.100985 0.092431 0.100985 0.066230
2 0.744335 0.060408 0.744335 0.080058 0.785222 0.080058 0.785222 0.060408
