0 0.600760 0.632780 0.600760 0.735996 0.579848 0.736515 0.579848 0.753112 0.604563 0.753631 0.604563 0.856328 0.612167 0.856328 0.612167 0.753631 0.682510 0.753112 0.682510 0.736515 0.611217 0.735996 0.611217 0.632780
0 0.396388 0.586618 0.396388 0.592324 0.403992 0.592842 0.403992 0.735996 0.402091 0.736515 0.402091 0.753112 0.492395 0.753112 0.492395 0.736515 0.414449 0.735996 0.414449 0.586618
0 0.929658 0.484440 0.899240 0.484440 0.898289 0.508817 0.600760 0.508817 0.600760 0.535270 0.611217 0.535270 0.612167 0.514523 0.751901 0.515041 0.750951 0.581432 0.612167 0.581432 0.611217 0.576763 0.600760 0.576763 0.600760 0.591286 0.611217 0.591286 0.612167 0.587137 0.769011 0.587137 0.769011 0.581432 0.762357 0.580913 0.762357 0.515041 0.899240 0.515041 0.899240 0.580913 0.858365 0.581432 0.858365 0.587137 0.899240 0.587656 0.899240 0.735996 0.798479 0.736515 0.798479 0.753112 0.929658 0.753112
0 0.815589 0.306017 0.815589 0.322614 0.899240 0.323133 0.899240 0.457469 0.929658 0.457469 0.929658 0.306017
0 0.424905 0.306017 0.424905 0.322614 0.446768 0.322614 0.446768 0.306017
0 0.196768 0.306017 0.196768 0.322614 0.268061 0.323133 0.268061 0.400415 0.258555 0.400934 0.258555 0.406639 0.268061 0.407158 0.268061 0.498444 0.259506 0.498963 0.259506 0.504668 0.268061 0.505187 0.268061 0.539938 0.278517 0.539938 0.279468 0.504668 0.475285 0.504668 0.475285 0.498963 0.278517 0.498444 0.278517 0.323133 0.350760 0.322614 0.350760 0.306017
0 0.434411 0.183091 0.434411 0.187241 0.633080 0.187241 0.634030 0.305498 0.589354 0.306017 0.589354 0.322614 0.728137 0.322614 0.728137 0.306017 0.641635 0.305498 0.641635 0.183091
0 0.076046 0.183091 0.076046 0.305498 0.072243 0.306017 0.072243 0.753112 0.075095 0.753631 0.075095 0.856328 0.469582 0.856328 0.469582 0.852178 0.298479 0.852178 0.297529 0.844398 0.282319 0.844398 0.281369 0.848029 0.093156 0.847510 0.094106 0.753112 0.281369 0.753112 0.282319 0.802905 0.297529 0.802905 0.297529 0.753631 0.305133 0.753112 0.305133 0.736515 0.096958 0.735996 0.096958 0.592842 0.320342 0.592324 0.320342 0.586618 0.279468 0.586618 0.278517 0.582469 0.268061 0.582469 0.267110 0.586618 0.096958 0.586100 0.096958 0.505187 0.182510 0.504668 0.182510 0.498963 0.096958 0.498444 0.096958 0.407158 0.182510 0.406639 0.182510 0.400934 0.096958 0.400415 0.096958 0.323133 0.145437 0.322614 0.145437 0.306017 0.091255 0.305498 0.091255 0.187759 0.340304 0.187241 0.340304 0.183091
1 0.282319 0.803423 0.282319 0.843880 0.297529 0.843880 0.297529 0.803423
1 0.493346 0.736515 0.493346 0.753112 0.578897 0.753112 0.578897 0.736515
1 0.600760 0.591805 0.600760 0.632261 0.611217 0.632261 0.611217 0.591805
1 0.321293 0.586618 0.321293 0.592324 0.395437 0.592324 0.395437 0.586618
1 0.769962 0.581432 0.769962 0.587137 0.857414 0.587137 0.857414 0.581432
1 0.268061 0.540456 0.268061 0.581950 0.278517 0.581950 0.278517 0.540456
1 0.600760 0.535788 0.600760 0.576245 0.611217 0.576245 0.611217 0.535788
1 0.183460 0.498963 0.183460 0.504668 0.258555 0.504668 0.258555 0.498963
1 0.183460 0.400934 0.183460 0.406639 0.257605 0.406639 0.257605 0.400934
1 0.351711 0.306017 0.351711 0.322614 0.423954 0.322614 0.423954 0.306017
2 0.683460 0.736515 0.683460 0.753112 0.797529 0.753112 0.797529 0.736515
2 0.306084 0.736515 0.306084 0.753112 0.401141 0.753112 0.401141 0.736515
2 0.899240 0.457988 0.899240 0.483921 0.929658 0.483921 0.929658 0.457988
2 0.729087 0.306017 0.729087 0.322614 0.814639 0.322614 0.814639 0.306017
2 0.447719 0.306017 0.447719 0.322614 0.588403 0.322614 0.588403 0.306017
2 0.146388 0.306017 0.146388 0.322614 0.195817 0.322614 0.195817 0.306017
