0 0.888092 0.790861 0.880201 0.789982 0.880201 0.760105 0.759684 0.760105 0.759684 0.769772 0.761836 0.770650 0.761836 0.826011 0.759684 0.828647 0.761836 0.835677 0.768293 0.831283 0.769010 0.803163 0.840029 0.804042 0.839311 0.950791 0.696557 0.950791 0.695839 0.861160 0.721664 0.860281 0.725968 0.857645 0.723099 0.851494 0.723816 0.849736 0.720230 0.852373 0.696557 0.852373 0.695839 0.831283 0.687948 0.831283 0.687231 0.950791 0.563845 0.950791 0.563128 0.935852 0.545194 0.934974 0.545194 0.798770 0.563845 0.797891 0.563845 0.770650 0.687231 0.769772 0.687948 0.777680 0.695839 0.777680 0.696557 0.769772 0.712339 0.769772 0.712339 0.760105 0.545911 0.760105 0.545194 0.751318 0.537303 0.751318 0.536585 0.935852 0.473458 0.935852 0.472740 0.950791 0.074605 0.950791 0.073888 0.925308 0.035151 0.925308 0.035151 0.977153 0.884505 0.977153 0.884505 0.806678 0.888092 0.805800
0 0.035151 0.527241 0.035151 0.816344 0.073888 0.816344 0.074605 0.677504 0.536585 0.677504 0.537303 0.681019 0.545194 0.681019 0.545194 0.666081 0.537303 0.666081 0.536585 0.667838 0.074605 0.667838 0.073888 0.623023 0.035151 0.622144
0 0.035868 0.322496 0.035868 0.513181 0.074605 0.513181 0.075323 0.411248 0.440459 0.411248 0.441176 0.578207 0.536585 0.578207 0.537303 0.597540 0.545194 0.597540 0.545194 0.523726 0.537303 0.523726 0.536585 0.570299 0.447633 0.569420 0.447633 0.412127 0.536585 0.411248 0.537303 0.447276 0.545194 0.447276 0.545194 0.361160 0.537303 0.361160 0.536585 0.401582 0.075323 0.401582 0.074605 0.322496
0 0.749641 0.022847 0.749641 0.077329 0.854376 0.078207 0.854376 0.352373 0.629842 0.353251 0.629125 0.347100 0.621234 0.347100 0.621234 0.362917 0.638451 0.363796 0.638451 0.426186 0.646341 0.426186 0.647059 0.362917 0.853659 0.362917 0.854376 0.567663 0.647059 0.568541 0.646341 0.498243 0.638451 0.498243 0.638451 0.578207 0.853659 0.578207 0.854376 0.630053 0.862984 0.630053 0.862984 0.525483 0.954089 0.525483 0.954806 0.619508 0.906743 0.620387 0.906743 0.630053 0.954089 0.630053 0.963415 0.631810 0.963415 0.789982 0.950502 0.790861 0.950502 0.805800 0.974892 0.805800 0.974892 0.497364 0.871593 0.496485 0.871593 0.022847
0 0.500000 0.022847 0.500000 0.077329 0.537303 0.078207 0.537303 0.294376 0.545194 0.294376 0.545911 0.276801 0.555954 0.276801 0.555954 0.267135 0.545194 0.266257 0.545911 0.077329 0.621234 0.078207 0.621234 0.266257 0.607604 0.267135 0.607604 0.276801 0.620516 0.276801 0.621234 0.280316 0.629125 0.280316 0.629125 0.078207 0.654950 0.077329 0.654950 0.022847
0 0.258250 0.022847 0.258250 0.077329 0.408178 0.077329 0.408178 0.022847
0 0.164993 0.022847 0.035868 0.022847 0.035868 0.209139 0.074605 0.209139 0.074605 0.078207 0.164993 0.077329
1 0.758967 0.827768 0.724534 0.849736 0.725968 0.856766 0.761119 0.835677
1 0.888809 0.790861 0.888809 0.805800 0.949785 0.805800 0.949785 0.790861
1 0.687948 0.778559 0.687948 0.830404 0.695839 0.830404 0.695839 0.778559
1 0.713056 0.760105 0.713056 0.769772 0.758967 0.769772 0.758967 0.760105
1 0.537303 0.681898 0.537303 0.750439 0.545194 0.750439 0.545194 0.681898
1 0.863702 0.620387 0.863702 0.630053 0.906026 0.630053 0.906026 0.620387
1 0.537303 0.598418 0.537303 0.665202 0.545194 0.665202 0.545194 0.598418
1 0.537303 0.448155 0.537303 0.522847 0.545194 0.522847 0.545194 0.448155
1 0.638451 0.427065 0.638451 0.497364 0.646341 0.497364 0.646341 0.427065
1 0.537303 0.295255 0.537303 0.360281 0.545194 0.360281 0.545194 0.295255
1 0.621234 0.281195 0.621234 0.346221 0.629125 0.346221 0.629125 0.281195
1 0.556671 0.267135 0.556671 0.276801 0.606887 0.276801 0.606887 0.267135
2 0.035151 0.817223 0.035151 0.924429 0.073888 0.924429 0.073888 0.817223
2 0.035868 0.514060 0.035868 0.622144 0.074605 0.622144 0.074605 0.514060
2 0.035868 0.210018 0.035868 0.321617 0.074605 0.321617 0.074605 0.210018
2 0.655667 0.022847 0.655667 0.077329 0.748924 0.077329 0.748924 0.022847
2 0.408895 0.022847 0.408895 0.077329 0.499283 0.077329 0.499283 0.022847
2 0.165710 0.022847 0.165710 0.077329 0.257532 0.077329 0.257532 0.022847
