0 0.569348 0.767838 0.569348 0.787007 0.862691 0.787007 0.862691 0.676251 0.841193 0.676251 0.840499 0.767838 0.621359 0.767838 0.620666 0.703940 0.599168 0.702875 0.599168 0.649627 0.592233 0.649627 0.592233 0.766773
0 0.862691 0.452609 0.841193 0.452609 0.840499 0.510117 0.599861 0.510117 0.599168 0.500532 0.592233 0.500532 0.592233 0.565495 0.599168 0.565495 0.599861 0.532481 0.840499 0.532481 0.841193 0.551651 0.862691 0.551651
0 0.071429 0.431310 0.071429 0.531416 0.371706 0.531416 0.372399 0.787007 0.513176 0.787007 0.513176 0.767838 0.490291 0.767838 0.489598 0.764643 0.481969 0.764643 0.481276 0.767838 0.384882 0.766773 0.384882 0.535676 0.459778 0.534611 0.460472 0.681576 0.481276 0.681576 0.481969 0.686901 0.489598 0.686901 0.489598 0.513312 0.094313 0.513312 0.093620 0.431310
0 0.650485 0.110756 0.650485 0.141640 0.840499 0.141640 0.841193 0.231097 0.862691 0.231097 0.862691 0.110756
0 0.337725 0.110756 0.337725 0.141640 0.479889 0.141640 0.480583 0.144835 0.487517 0.144835 0.488211 0.141640 0.535368 0.141640 0.535368 0.216187 0.488211 0.216187 0.487517 0.210863 0.480583 0.210863 0.480583 0.397231 0.513176 0.397231 0.513176 0.386581 0.487517 0.385517 0.487517 0.227902 0.591540 0.226837 0.592233 0.385517 0.561720 0.386581 0.561720 0.397231 0.591540 0.397231 0.592233 0.414271 0.599168 0.414271 0.599168 0.211928 0.592233 0.211928 0.591540 0.216187 0.543689 0.216187 0.542996 0.142705 0.591540 0.141640 0.592233 0.146965 0.599168 0.146965 0.599861 0.141640 0.610957 0.141640 0.610957 0.110756
0 0.071429 0.215122 0.093620 0.215122 0.094313 0.141640 0.296810 0.141640 0.296810 0.110756 0.071429 0.110756
1 0.513870 0.767838 0.513870 0.787007 0.568655 0.787007 0.568655 0.767838
1 0.481969 0.687966 0.481969 0.763578 0.489598 0.763578 0.489598 0.687966
1 0.592233 0.566560 0.592233 0.648562 0.599168 0.648562 0.599168 0.566560
1 0.592233 0.415335 0.592233 0.499468 0.599168 0.499468 0.599168 0.415335
1 0.513870 0.386581 0.513870 0.397231 0.561026 0.397231 0.561026 0.386581
1 0.592233 0.148030 0.592233 0.210863 0.599168 0.210863 0.599168 0.148030
1 0.480583 0.145900 0.480583 0.209798 0.487517 0.209798 0.487517 0.145900
2 0.841193 0.552716 0.841193 0.675186 0.862691 0.675186 0.862691 0.552716
2 0.841193 0.232162 0.841193 0.451544 0.862691 0.451544 0.862691 0.232162
2 0.071429 0.216187 0.071429 0.430245 0.093620 0.430245 0.093620 0.216187
2 0.611650 0.110756 0.611650 0.141640 0.649792 0.141640 0.649792 0.110756
2 0.297503 0.110756 0.297503 0.141640 0.337032 0.141640 0.337032 0.110756
