0 0.433251 0.788214 0.433251 0.796194 0.524161 0.796808 0.524161 0.900552 0.435708 0.901166 0.435708 0.926335 0.556102 0.926335 0.556102 0.901166 0.534808 0.900552 0.534808 0.788214
0 0.737920 0.767956 0.729730 0.767956 0.729730 0.900552 0.682228 0.901166 0.682228 0.926335 0.775594 0.926335 0.775594 0.901166 0.737920 0.900552 0.737920 0.779619 0.741196 0.779006 0.741196 0.772867 0.737920 0.772253
0 0.099099 0.717618 0.099099 0.926335 0.148239 0.926335 0.148239 0.901166 0.124488 0.900552 0.124488 0.717618
0 0.356265 0.699816 0.347256 0.699816 0.347256 0.900552 0.272727 0.901166 0.272727 0.926335 0.336609 0.926949 0.336609 0.998772 0.343980 0.998772 0.343980 0.926949 0.358722 0.926335 0.358722 0.901166 0.356265 0.900552 0.356265 0.796808 0.357903 0.796194 0.357903 0.788214 0.356265 0.787600
0 0.099099 0.627379 0.099099 0.670964 0.124488 0.670964 0.124488 0.635359 0.127764 0.634745 0.127764 0.627379
0 0.478296 0.520565 0.478296 0.527931 0.526618 0.528545 0.526618 0.702271 0.534808 0.702271 0.534808 0.528545 0.585586 0.527931 0.585586 0.520565
0 0.631450 0.221608 0.631450 0.246163 0.659296 0.246777 0.659296 0.408226 0.667486 0.408226 0.667486 0.246777 0.701065 0.246163 0.701065 0.221608
0 0.452088 0.221608 0.452088 0.246163 0.505324 0.246163 0.505324 0.221608
0 0.099099 0.221608 0.099099 0.580110 0.124488 0.580110 0.125307 0.527931 0.240786 0.527931 0.241605 0.626765 0.180180 0.627379 0.180180 0.634745 0.346437 0.634745 0.347256 0.638428 0.356265 0.638428 0.356265 0.622468 0.347256 0.622468 0.346437 0.627379 0.251433 0.626765 0.251433 0.528545 0.346437 0.527931 0.347256 0.571516 0.356265 0.571516 0.356265 0.519951 0.238329 0.519951 0.237510 0.514426 0.131859 0.513812 0.131859 0.422959 0.124488 0.422345 0.124488 0.246777 0.176904 0.246163 0.176904 0.221608
0 0.364455 0.171885 0.356265 0.171885 0.356265 0.220994 0.325143 0.221608 0.325143 0.246163 0.377559 0.246163 0.377559 0.221608 0.364455 0.220994
0 0.356265 0.070595 0.356265 0.078576 0.893530 0.079190 0.893530 0.220994 0.825553 0.221608 0.825553 0.246163 0.888616 0.246777 0.888616 0.519337 0.668305 0.519951 0.667486 0.470841 0.659296 0.470841 0.659296 0.527931 0.729730 0.528545 0.729730 0.705955 0.737920 0.705955 0.737920 0.528545 0.888616 0.528545 0.888616 0.772253 0.796069 0.772867 0.796069 0.779006 0.888616 0.779619 0.888616 0.900552 0.827191 0.901166 0.827191 0.926335 0.904177 0.926335 0.904177 0.221608 0.902539 0.220994 0.902539 0.070595
1 0.359541 0.901166 0.359541 0.926335 0.434889 0.926335 0.434889 0.901166
1 0.358722 0.788214 0.358722 0.796194 0.432432 0.796194 0.432432 0.788214
1 0.742015 0.772867 0.742015 0.779006 0.795250 0.779006 0.795250 0.772867
1 0.729730 0.706568 0.729730 0.767342 0.737920 0.767342 0.737920 0.706568
1 0.347256 0.639042 0.347256 0.699202 0.356265 0.699202 0.356265 0.639042
1 0.128583 0.627379 0.128583 0.634745 0.179361 0.634745 0.179361 0.627379
1 0.347256 0.572130 0.347256 0.621854 0.356265 0.621854 0.356265 0.572130
1 0.659296 0.408840 0.659296 0.470227 0.667486 0.470227 0.667486 0.408840
1 0.378378 0.221608 0.378378 0.246163 0.451269 0.246163 0.451269 0.221608
2 0.776413 0.901166 0.776413 0.926335 0.826372 0.926335 0.826372 0.901166
2 0.556921 0.901166 0.556921 0.926335 0.681409 0.926335 0.681409 0.901166
2 0.149058 0.901166 0.149058 0.926335 0.271908 0.926335 0.271908 0.901166
2 0.099099 0.671578 0.099099 0.717004 0.124488 0.717004 0.124488 0.671578
2 0.099099 0.580724 0.099099 0.626765 0.124488 0.626765 0.124488 0.580724
2 0.701884 0.221608 0.701884 0.246163 0.824734 0.246163 0.824734 0.221608
2 0.506143 0.221608 0.506143 0.246163 0.630631 0.246163 0.630631 0.221608
2 0.177723 0.221608 0.177723 0.246163 0.324324 0.246163 0.324324 0.221608
