0 0.749652 0.818540 0.749652 0.835634 0.780250 0.835634 0.780250 0.818540
0 0.360223 0.729783 0.360223 0.733728 0.355355 0.734385 0.355355 0.738988 0.360223 0.739645 0.360223 0.819855 0.356050 0.820513 0.356050 0.835634 0.389430 0.835634 0.389430 0.820513 0.365090 0.819855 0.365090 0.729783
0 0.247566 0.560815 0.247566 0.564103 0.296245 0.564103 0.296245 0.560815
0 0.860918 0.255753 0.860918 0.276792 0.915160 0.277449 0.915160 0.382643 0.852573 0.383300 0.852573 0.391847 0.920028 0.392505 0.920028 0.489809 0.899166 0.490467 0.899166 0.528600 0.920028 0.529257 0.920028 0.617357 0.805981 0.618014 0.805285 0.577252 0.799722 0.577252 0.799722 0.622617 0.798331 0.623274 0.798331 0.628534 0.799722 0.629191 0.799722 0.660750 0.805285 0.660750 0.805981 0.623274 0.920028 0.623932 0.920028 0.817883 0.842142 0.818540 0.842142 0.835634 0.936718 0.835634 0.936718 0.255753
0 0.748957 0.255753 0.748957 0.271532 0.799722 0.272189 0.799722 0.499671 0.798331 0.500329 0.798331 0.506246 0.799722 0.506903 0.799722 0.531229 0.805285 0.531229 0.805285 0.392505 0.811544 0.391847 0.811544 0.383300 0.808762 0.382643 0.808762 0.277449 0.814325 0.276792 0.814325 0.255753
0 0.564673 0.255753 0.564673 0.835634 0.648818 0.835634 0.648818 0.818540 0.581363 0.817883 0.581363 0.629191 0.742003 0.628534 0.742003 0.623274 0.582058 0.623274 0.581363 0.506903 0.683588 0.506246 0.684284 0.558185 0.640473 0.558843 0.640473 0.570677 0.704451 0.570677 0.704451 0.567390 0.644645 0.567390 0.643950 0.562788 0.688456 0.562130 0.689152 0.506246 0.742698 0.506246 0.742698 0.500329 0.581363 0.499671 0.581363 0.272189 0.645341 0.271532 0.645341 0.255753
0 0.357441 0.255095 0.357441 0.270874 0.366481 0.270874 0.366481 0.255095
0 0.299722 0.255095 0.299722 0.270874 0.301808 0.270874 0.301808 0.255095
0 0.529903 0.024984 0.523644 0.024984 0.523644 0.254438 0.471488 0.255095 0.471488 0.270874 0.520862 0.271532 0.520862 0.502301 0.360223 0.502959 0.360223 0.673241 0.365090 0.673241 0.365090 0.507561 0.480529 0.506903 0.481224 0.514793 0.520862 0.515450 0.520862 0.819855 0.490960 0.820513 0.490960 0.835634 0.540334 0.835634 0.540334 0.409599 0.552156 0.408941 0.552156 0.255095 0.529903 0.254438
0 0.180111 0.024984 0.180111 0.254438 0.173157 0.255095 0.173157 0.819855 0.094576 0.820513 0.094576 0.973044 0.273296 0.973044 0.273296 0.965812 0.264256 0.965812 0.263561 0.964497 0.103616 0.963840 0.104312 0.835634 0.263561 0.835634 0.264256 0.911900 0.273296 0.911900 0.273296 0.836292 0.298331 0.835634 0.298331 0.820513 0.291377 0.819855 0.291377 0.739645 0.297636 0.738988 0.297636 0.734385 0.280946 0.734385 0.280946 0.738988 0.284423 0.739645 0.283727 0.820513 0.188456 0.819855 0.188456 0.739645 0.237830 0.738988 0.237830 0.734385 0.188456 0.733728 0.188456 0.508218 0.296245 0.507561 0.296245 0.499671 0.188456 0.499014 0.188456 0.271532 0.237135 0.270874 0.237135 0.255095 0.186370 0.254438 0.186370 0.024984
1 0.264256 0.912558 0.264256 0.965155 0.273296 0.965155 0.273296 0.912558
1 0.299026 0.820513 0.299026 0.835634 0.355355 0.835634 0.355355 0.820513
1 0.298331 0.734385 0.298331 0.738988 0.354659 0.738988 0.354659 0.734385
1 0.238526 0.734385 0.238526 0.738988 0.280250 0.738988 0.280250 0.734385
1 0.360223 0.673899 0.360223 0.729126 0.365090 0.729126 0.365090 0.673899
1 0.742698 0.623274 0.742698 0.628534 0.797636 0.628534 0.797636 0.623274
1 0.799722 0.531887 0.799722 0.576594 0.805285 0.576594 0.805285 0.531887
1 0.743394 0.500329 0.743394 0.506246 0.797636 0.506246 0.797636 0.500329
1 0.812239 0.383300 0.812239 0.391847 0.851878 0.391847 0.851878 0.383300
1 0.302503 0.255095 0.302503 0.270874 0.356745 0.270874 0.356745 0.255095
2 0.390125 0.820513 0.390125 0.835634 0.490264 0.835634 0.490264 0.820513
2 0.780946 0.818540 0.780946 0.835634 0.841446 0.835634 0.841446 0.818540
2 0.649513 0.818540 0.649513 0.835634 0.748957 0.835634 0.748957 0.818540
2 0.815021 0.255753 0.815021 0.276792 0.860223 0.276792 0.860223 0.255753
2 0.646036 0.255753 0.646036 0.271532 0.748261 0.271532 0.748261 0.255753
2 0.367177 0.255095 0.367177 0.270874 0.470793 0.270874 0.470793 0.255095
2 0.237830 0.255095 0.237830 0.270874 0.299026 0.270874 0.299026 0.255095
