0 0.364080 0.858523 0.364080 0.861974 0.471449 0.861974 0.471449 0.858523
0 0.643729 0.732919 0.643729 0.757764 0.814544 0.757764 0.814544 0.752243 0.697413 0.752243 0.696925 0.683920 0.678380 0.683920 0.677892 0.732919
0 0.445095 0.589372 0.445095 0.598344 0.473890 0.599034 0.473890 0.732229 0.428014 0.732919 0.428014 0.757764 0.571498 0.757764 0.571498 0.732919 0.481210 0.732919 0.480722 0.589372
0 0.369937 0.554175 0.364080 0.554175 0.364080 0.732229 0.311859 0.732919 0.311859 0.757764 0.377745 0.757764 0.377745 0.732919 0.369937 0.732229
0 0.201074 0.552795 0.200586 0.757764 0.265983 0.757764 0.265983 0.732919 0.218155 0.732229 0.218643 0.552795
0 0.678380 0.503106 0.678380 0.556246 0.696925 0.556246 0.696925 0.503106
0 0.678380 0.383023 0.678380 0.439614 0.696925 0.439614 0.696925 0.383023
0 0.457784 0.347136 0.457784 0.398206 0.565642 0.398206 0.565642 0.389234 0.461201 0.389234 0.460713 0.347136
0 0.202050 0.249827 0.201562 0.446515 0.219131 0.446515 0.219619 0.437543 0.322596 0.437543 0.322596 0.427881 0.287945 0.427191 0.287945 0.352657 0.363592 0.351967 0.364080 0.427191 0.360664 0.427881 0.360664 0.437543 0.364080 0.438233 0.364080 0.492063 0.369937 0.492063 0.369937 0.352657 0.394339 0.351967 0.394339 0.294686 0.388482 0.294686 0.387994 0.342305 0.288433 0.342305 0.287945 0.298137 0.263543 0.298137 0.263543 0.306418 0.280137 0.307108 0.280137 0.427191 0.219619 0.427881 0.219619 0.307108 0.224988 0.306418 0.224988 0.298137 0.219619 0.297447 0.219619 0.250518
0 0.696925 0.167702 0.678380 0.167702 0.677892 0.214631 0.603709 0.214631 0.603221 0.209110 0.595900 0.209110 0.595412 0.214631 0.454368 0.214631 0.454368 0.223602 0.458272 0.224293 0.458272 0.265700 0.461201 0.265700 0.461689 0.223602 0.677892 0.223602 0.678380 0.256729 0.696925 0.256729
0 0.202538 0.145618 0.220107 0.145618 0.220595 0.076605 0.387994 0.076605 0.388482 0.233264 0.394339 0.233264 0.394827 0.223602 0.411420 0.223602 0.411420 0.214631 0.394339 0.213941 0.394827 0.076605 0.595412 0.076605 0.595900 0.146308 0.603221 0.146308 0.603709 0.076605 0.677892 0.076605 0.678380 0.127674 0.696925 0.127674 0.697413 0.076605 0.809175 0.076605 0.809175 0.069703 0.697413 0.069703 0.696925 0.061422 0.202538 0.061422
1 0.378233 0.732919 0.378233 0.757764 0.427526 0.757764 0.427526 0.732919
1 0.364080 0.492754 0.364080 0.553485 0.369937 0.553485 0.369937 0.492754
1 0.678380 0.440304 0.678380 0.502415 0.696925 0.502415 0.696925 0.440304
1 0.323084 0.427881 0.323084 0.437543 0.360176 0.437543 0.360176 0.427881
1 0.225476 0.298137 0.225476 0.306418 0.263055 0.306418 0.263055 0.298137
1 0.388482 0.233954 0.388482 0.293996 0.394339 0.293996 0.394339 0.233954
1 0.411908 0.214631 0.411908 0.223602 0.453880 0.223602 0.453880 0.214631
1 0.595900 0.146998 0.595900 0.208420 0.603221 0.208420 0.603221 0.146998
2 0.571986 0.732919 0.571986 0.757764 0.643241 0.757764 0.643241 0.732919
2 0.266471 0.732919 0.266471 0.757764 0.311371 0.757764 0.311371 0.732919
2 0.678380 0.556936 0.678380 0.683230 0.696925 0.683230 0.696925 0.556936
2 0.201562 0.447205 0.201074 0.552105 0.218643 0.552105 0.219131 0.447205
2 0.678380 0.257419 0.678380 0.382333 0.696925 0.382333 0.696925 0.257419
2 0.202538 0.146308 0.202050 0.249137 0.219619 0.249827 0.220107 0.146308
2 0.678380 0.128364 0.678380 0.167012 0.696925 0.167012 0.696925 0.128364
