0 0.927361 0.252632 0.814770 0.252632 0.814770 0.280702 0.907990 0.281579 0.907990 0.542105 0.615012 0.542982 0.613801 0.539474 0.604116 0.539474 0.604116 0.586842 0.613801 0.586842 0.615012 0.550000 0.794189 0.550000 0.795400 0.575439 0.907990 0.576316 0.907990 0.708772 0.782082 0.709649 0.782082 0.722807 0.893462 0.723684 0.893462 0.854386 0.699758 0.855263 0.699758 0.709649 0.615012 0.709649 0.613801 0.654386 0.604116 0.654386 0.604116 0.717544 0.680387 0.718421 0.680387 0.864912 0.495157 0.865789 0.495157 0.881579 0.927361 0.881579
0 0.290557 0.252632 0.290557 0.280702 0.294189 0.280702 0.294189 0.252632
0 0.079903 0.064912 0.079903 0.689474 0.343826 0.689474 0.345036 0.881579 0.392252 0.881579 0.392252 0.865789 0.366828 0.864912 0.366828 0.673684 0.101695 0.672807 0.101695 0.281579 0.108959 0.280702 0.108959 0.252632 0.102906 0.251754 0.102906 0.072807 0.491525 0.072807 0.491525 0.251754 0.389831 0.252632 0.389831 0.280702 0.529056 0.280702 0.530266 0.313158 0.604116 0.314035 0.604116 0.472807 0.613801 0.472807 0.613801 0.281579 0.659806 0.280702 0.659806 0.252632 0.501211 0.251754 0.501211 0.064912
1 0.393462 0.865789 0.393462 0.881579 0.493947 0.881579 0.493947 0.865789
1 0.700969 0.709649 0.700969 0.722807 0.780872 0.722807 0.780872 0.709649
1 0.604116 0.587719 0.604116 0.653509 0.613801 0.653509 0.613801 0.587719
1 0.604116 0.473684 0.604116 0.538596 0.613801 0.538596 0.613801 0.473684
1 0.295400 0.252632 0.295400 0.280702 0.388620 0.280702 0.388620 0.252632
2 0.661017 0.252632 0.661017 0.280702 0.813559 0.280702 0.813559 0.252632
2 0.110169 0.252632 0.110169 0.280702 0.289346 0.280702 0.289346 0.252632
