0 0.061644 0.874642 0.061644 0.907593 0.708415 0.907593 0.708415 0.891117 0.607632 0.891117 0.606654 0.838109 0.592955 0.838109 0.591977 0.891117 0.269080 0.891117 0.268102 0.823066 0.256360 0.823066 0.255382 0.888968 0.104697 0.888968 0.103718 0.874642
0 0.705479 0.745702 0.446184 0.745702 0.445205 0.566619 0.434442 0.566619 0.433464 0.745702 0.061644 0.745702 0.061644 0.782951 0.103718 0.782951 0.104697 0.757163 0.255382 0.757163 0.256360 0.763610 0.268102 0.763610 0.269080 0.753582 0.591977 0.753582 0.592955 0.770774 0.606654 0.770774 0.607632 0.753582 0.705479 0.753582
0 0.912916 0.484241 0.873777 0.484241 0.873777 0.744986 0.807241 0.745702 0.807241 0.753582 0.873777 0.754298 0.873777 0.890401 0.799413 0.891117 0.799413 0.907593 0.892368 0.907593 0.892368 0.649713 0.912916 0.648997
0 0.829746 0.217049 0.829746 0.246418 0.873777 0.247135 0.873777 0.408309 0.912916 0.408309 0.912916 0.217049
0 0.734834 0.217049 0.734834 0.246418 0.738748 0.246418 0.738748 0.217049
0 0.339530 0.217049 0.339530 0.246418 0.434442 0.247135 0.434442 0.408309 0.445205 0.408309 0.445205 0.247135 0.533268 0.246418 0.533268 0.217049
0 0.158513 0.217049 0.081213 0.217049 0.081213 0.491404 0.061644 0.492120 0.061644 0.634670 0.103718 0.634670 0.104697 0.492120 0.433464 0.492120 0.434442 0.500000 0.445205 0.500000 0.445205 0.476361 0.434442 0.476361 0.433464 0.484241 0.103718 0.483524 0.103718 0.247135 0.158513 0.246418
0 0.889432 0.037966 0.889432 0.055158 0.912916 0.055158 0.912916 0.037966
0 0.553816 0.037966 0.450098 0.037966 0.450098 0.155444 0.474560 0.155444 0.474560 0.056590 0.553816 0.055874
1 0.709393 0.891117 0.709393 0.907593 0.798434 0.907593 0.798434 0.891117
1 0.592955 0.771490 0.592955 0.837393 0.606654 0.837393 0.606654 0.771490
1 0.256360 0.764327 0.256360 0.822350 0.268102 0.822350 0.268102 0.764327
1 0.434442 0.500716 0.434442 0.565903 0.445205 0.565903 0.445205 0.500716
1 0.434442 0.409026 0.434442 0.475645 0.445205 0.475645 0.445205 0.409026
1 0.739726 0.217049 0.739726 0.246418 0.828767 0.246418 0.828767 0.217049
2 0.061644 0.783668 0.061644 0.873926 0.103718 0.873926 0.103718 0.783668
2 0.061644 0.635387 0.061644 0.744986 0.103718 0.744986 0.103718 0.635387
2 0.873777 0.409026 0.873777 0.483524 0.912916 0.483524 0.912916 0.409026
2 0.534247 0.217049 0.534247 0.246418 0.733855 0.246418 0.733855 0.217049
2 0.159491 0.217049 0.159491 0.246418 0.338552 0.246418 0.338552 0.217049
2 0.450098 0.156160 0.450098 0.216332 0.474560 0.216332 0.474560 0.156160
2 0.554795 0.037966 0.554795 0.055874 0.887476 0.055874 0.888454 0.216332 0.912916 0.216332 0.912916 0.055874 0.889432 0.055874 0.888454 0.037966
