0 0.527248 0.427621 0.527248 0.542711 0.516349 0.543223 0.516349 0.560102 0.621253 0.560102 0.621253 0.543223 0.543597 0.542711 0.543597 0.427621
0 0.348774 0.412276 0.332425 0.412276 0.332425 0.465985 0.275204 0.466496 0.275204 0.472634 0.280654 0.473146 0.280654 0.542711 0.213896 0.543223 0.213896 0.560102 0.392371 0.560102 0.392371 0.543223 0.294278 0.542711 0.294278 0.473146 0.348774 0.472634
0 0.846049 0.121739 0.846049 0.138107 0.925068 0.138619 0.925068 0.344757 0.527248 0.345269 0.527248 0.386189 0.543597 0.386189 0.544959 0.351407 0.925068 0.351918 0.925068 0.542711 0.783379 0.543223 0.783379 0.560102 0.903270 0.560614 0.903270 0.661381 0.950954 0.661381 0.950954 0.239386 0.968665 0.238875 0.968665 0.121739
0 0.544959 0.121739 0.544959 0.138107 0.626703 0.138107 0.626703 0.121739
0 0.376022 0.121739 0.376022 0.138107 0.431880 0.138107 0.431880 0.121739
0 0.079019 0.010742 0.079019 0.121228 0.028610 0.121739 0.028610 0.989770 0.373297 0.989770 0.373297 0.862916 0.297003 0.862916 0.297003 0.868542 0.358311 0.869054 0.356948 0.984143 0.043597 0.983632 0.043597 0.869054 0.188011 0.868542 0.188011 0.862916 0.043597 0.862404 0.043597 0.560614 0.130790 0.560102 0.130790 0.543223 0.054496 0.542711 0.054496 0.473146 0.163488 0.472634 0.163488 0.466496 0.054496 0.465985 0.054496 0.335038 0.331063 0.334527 0.332425 0.370332 0.348774 0.370332 0.348774 0.329412 0.054496 0.328900 0.054496 0.138619 0.211172 0.138107 0.211172 0.121739 0.092643 0.121228 0.092643 0.016368 0.401907 0.015857 0.401907 0.010742
1 0.189373 0.862916 0.189373 0.868542 0.295640 0.868542 0.295640 0.862916
1 0.393733 0.543223 0.393733 0.560102 0.514986 0.560102 0.514986 0.543223
1 0.164850 0.466496 0.164850 0.472634 0.273842 0.472634 0.273842 0.466496
1 0.527248 0.386701 0.527248 0.427110 0.543597 0.427110 0.543597 0.386701
1 0.332425 0.370844 0.332425 0.411765 0.348774 0.411765 0.348774 0.370844
1 0.433243 0.121739 0.433243 0.138107 0.543597 0.138107 0.543597 0.121739
2 0.622616 0.543223 0.622616 0.560102 0.782016 0.560102 0.782016 0.543223
2 0.132153 0.543223 0.132153 0.560102 0.212534 0.560102 0.212534 0.543223
2 0.628065 0.121739 0.628065 0.138107 0.844687 0.138107 0.844687 0.121739
2 0.212534 0.121739 0.212534 0.138107 0.374659 0.138107 0.374659 0.121739
