0 0.614371 0.662777 0.611976 0.668028 0.592814 0.668028 0.592814 0.673279 0.613174 0.673862 0.613174 0.736873 0.595210 0.737456 0.595210 0.751459 0.673054 0.751459 0.673054 0.737456 0.623952 0.736873 0.623952 0.669195 0.627545 0.667445
0 0.782036 0.626021 0.782036 0.631855 0.786826 0.631855 0.786826 0.626021
0 0.473054 0.577013 0.459880 0.577013 0.459880 0.736289 0.396407 0.736873 0.396407 0.750875 0.485030 0.750875 0.485030 0.736873 0.473054 0.736289 0.473054 0.673862 0.486228 0.673279 0.486228 0.668028 0.473054 0.667445
0 0.591617 0.172112 0.591617 0.189032 0.596407 0.189032 0.596407 0.172112
0 0.473054 0.172112 0.473054 0.189032 0.479042 0.189032 0.479042 0.172112
0 0.129341 0.102684 0.117365 0.102684 0.117365 0.171529 0.108982 0.172112 0.108982 0.832555 0.120958 0.832555 0.120958 0.751459 0.228743 0.750875 0.228743 0.736873 0.137725 0.736289 0.137725 0.530338 0.251497 0.529755 0.251497 0.523337 0.137725 0.522754 0.137725 0.452742 0.389222 0.452159 0.390419 0.522754 0.341317 0.523337 0.341317 0.529755 0.458683 0.529755 0.459880 0.530922 0.473054 0.530922 0.473054 0.523337 0.402395 0.522754 0.402395 0.452742 0.473054 0.452159 0.473054 0.446908 0.137725 0.446324 0.137725 0.189615 0.238323 0.189032 0.238323 0.172112 0.129341 0.171529
0 0.559281 0.025671 0.559281 0.031505 0.882635 0.032089 0.882635 0.171529 0.795210 0.172112 0.795210 0.189032 0.871856 0.189615 0.871856 0.443991 0.614371 0.444574 0.614371 0.450408 0.671856 0.450408 0.673054 0.453326 0.685030 0.453326 0.686228 0.450408 0.871856 0.450992 0.870659 0.520420 0.686228 0.520420 0.685030 0.497666 0.673054 0.497666 0.673054 0.629522 0.670659 0.631272 0.681437 0.635939 0.688623 0.631855 0.692216 0.631855 0.692216 0.626021 0.687425 0.625438 0.687425 0.528588 0.870659 0.528005 0.871856 0.736873 0.761677 0.737456 0.761677 0.751459 0.882635 0.752042 0.882635 0.831972 0.778443 0.832555 0.778443 0.840140 0.882635 0.840723 0.882635 0.945741 0.664671 0.946324 0.663473 0.840723 0.669461 0.840140 0.669461 0.832555 0.647904 0.832555 0.647904 0.952159 0.894611 0.952159 0.894611 0.025671
1 0.670659 0.832555 0.670659 0.840140 0.777246 0.840140 0.777246 0.832555
1 0.486228 0.736873 0.486228 0.750875 0.594012 0.751459 0.594012 0.737456
1 0.487425 0.668028 0.487425 0.673279 0.591617 0.673279 0.591617 0.668028
1 0.669461 0.631272 0.615569 0.662194 0.627545 0.666861 0.681437 0.636523
1 0.693413 0.626021 0.693413 0.631855 0.780838 0.631855 0.780838 0.626021
1 0.459880 0.531505 0.459880 0.576429 0.473054 0.576429 0.473054 0.531505
1 0.252695 0.523337 0.252695 0.529755 0.340120 0.529755 0.340120 0.523337
1 0.673054 0.453909 0.673054 0.497083 0.685030 0.497083 0.685030 0.453909
1 0.480240 0.172112 0.480240 0.189032 0.590419 0.189032 0.590419 0.172112
2 0.674251 0.737456 0.674251 0.751459 0.760479 0.751459 0.760479 0.737456
2 0.229940 0.736873 0.229940 0.750875 0.395210 0.750875 0.395210 0.736873
2 0.788024 0.626021 0.788024 0.631855 0.869461 0.631855 0.869461 0.626021
2 0.597605 0.172112 0.597605 0.189032 0.794012 0.189032 0.794012 0.172112
2 0.239521 0.172112 0.239521 0.189032 0.471856 0.189032 0.471856 0.172112
