0 0.165568 0.884211 0.165568 0.970335 0.843956 0.970335 0.843956 0.951196 0.833700 0.950239 0.833700 0.848804 0.825641 0.838278 0.819048 0.845933 0.824176 0.853589 0.823443 0.951196 0.737729 0.951196 0.736996 0.921531 0.637363 0.921531 0.636630 0.951196 0.560440 0.951196 0.559707 0.853589 0.550183 0.853589 0.549451 0.951196 0.442491 0.950239 0.443223 0.771292 0.549451 0.771292 0.550183 0.778947 0.559707 0.778947 0.560440 0.771292 0.759707 0.771292 0.775092 0.791388 0.768498 0.782775 0.775092 0.774163 0.763370 0.758852 0.443223 0.758852 0.442491 0.745455 0.431502 0.745455 0.430769 0.951196 0.197802 0.951196 0.197070 0.884211
0 0.751648 0.241148 0.751648 0.288038 0.759707 0.288038 0.759707 0.241148
0 0.496703 0.241148 0.421978 0.241148 0.421978 0.288038 0.431502 0.288995 0.431502 0.541627 0.442491 0.541627 0.442491 0.288995 0.496703 0.288038
0 0.165568 0.241148 0.165568 0.716746 0.197070 0.716746 0.197802 0.647847 0.430769 0.647847 0.431502 0.658373 0.442491 0.658373 0.442491 0.629665 0.431502 0.629665 0.430769 0.636364 0.197070 0.635407 0.197070 0.288995 0.290110 0.288038 0.290110 0.241148
0 0.667399 0.029665 0.667399 0.240191 0.651282 0.241148 0.651282 0.288038 0.685714 0.288038 0.685714 0.241148 0.676190 0.240191 0.676923 0.041148 0.969963 0.042105 0.969963 0.240191 0.889377 0.241148 0.889377 0.288038 0.968498 0.288995 0.968498 0.631579 0.767766 0.632536 0.767033 0.556938 0.757509 0.556938 0.757509 0.644976 0.920879 0.644976 0.921612 0.679426 0.968498 0.680383 0.968498 0.950239 0.912821 0.951196 0.912821 0.970335 0.983150 0.970335 0.983150 0.029665
1 0.844689 0.951196 0.844689 0.970335 0.912088 0.970335 0.912088 0.951196
1 0.550183 0.779904 0.550183 0.852632 0.559707 0.852632 0.559707 0.779904
1 0.775824 0.774163 0.769231 0.782775 0.818315 0.845933 0.824908 0.837321
1 0.431502 0.659330 0.431502 0.744498 0.442491 0.744498 0.442491 0.659330
1 0.431502 0.542584 0.431502 0.628708 0.442491 0.628708 0.442491 0.542584
1 0.686447 0.241148 0.686447 0.288038 0.750916 0.288038 0.750916 0.241148
2 0.165568 0.717703 0.165568 0.883254 0.197070 0.883254 0.197070 0.717703
2 0.760440 0.241148 0.760440 0.288038 0.888645 0.288038 0.888645 0.241148
2 0.497436 0.241148 0.497436 0.288038 0.650549 0.288038 0.650549 0.241148
2 0.290842 0.241148 0.290842 0.288038 0.421245 0.288038 0.421245 0.241148
