0 0.487547 0.740774 0.487547 0.759676 0.495849 0.760576 0.495849 0.932493 0.936604 0.932493 0.936604 0.858686 0.906415 0.858686 0.905660 0.913591 0.859623 0.913591 0.858868 0.858686 0.851321 0.858686 0.850566 0.913591 0.673962 0.913591 0.673208 0.711071 0.665660 0.711071 0.665660 0.739874 0.658868 0.740774 0.658868 0.748875 0.665660 0.749775 0.664906 0.892889 0.517736 0.892889 0.516981 0.749775 0.602264 0.748875 0.602264 0.740774
0 0.351698 0.671467 0.351698 0.685869 0.359245 0.685869 0.359245 0.671467
0 0.718491 0.630963 0.718491 0.639064 0.731321 0.639064 0.731321 0.630963
0 0.410566 0.591359 0.403019 0.591359 0.402264 0.603060 0.351698 0.603060 0.351698 0.627363 0.359245 0.627363 0.360000 0.612061 0.403019 0.612961 0.402264 0.740774 0.360000 0.740774 0.359245 0.731773 0.351698 0.731773 0.350943 0.740774 0.103396 0.740774 0.102642 0.650765 0.070943 0.650765 0.070943 0.759676 0.424906 0.759676 0.424906 0.740774 0.410566 0.739874
0 0.476981 0.502250 0.476981 0.510351 0.496604 0.511251 0.496604 0.581458 0.563019 0.581458 0.563019 0.573357 0.551698 0.572457 0.551698 0.560756 0.543396 0.560756 0.542642 0.573357 0.518491 0.572457 0.518491 0.502250 0.504151 0.502250 0.503396 0.486049 0.496604 0.486049 0.495849 0.502250
0 0.543396 0.406841 0.543396 0.517552 0.551698 0.517552 0.551698 0.406841
0 0.070943 0.402340 0.070943 0.535554 0.102642 0.535554 0.103396 0.510351 0.402264 0.510351 0.403019 0.523852 0.410566 0.523852 0.411321 0.510351 0.421132 0.510351 0.421132 0.502250 0.103396 0.502250 0.102642 0.402340
0 0.543396 0.348335 0.543396 0.364536 0.551698 0.364536 0.551698 0.348335
0 0.543396 0.277228 0.543396 0.303330 0.551698 0.303330 0.551698 0.277228
0 0.543396 0.216922 0.543396 0.233123 0.551698 0.233123 0.551698 0.216922
0 0.867170 0.123312 0.867170 0.159316 0.906415 0.160216 0.906415 0.572457 0.897358 0.573357 0.897358 0.581458 0.906415 0.582358 0.906415 0.630063 0.853585 0.630963 0.852830 0.582358 0.860377 0.581458 0.860377 0.573357 0.847547 0.573357 0.847547 0.630063 0.839245 0.630963 0.839245 0.639064 0.906415 0.639964 0.906415 0.766877 0.936604 0.766877 0.936604 0.123312
0 0.659623 0.123312 0.659623 0.159316 0.756981 0.160216 0.756981 0.572457 0.618113 0.573357 0.618113 0.581458 0.665660 0.582358 0.665660 0.645365 0.673208 0.645365 0.673962 0.639064 0.680755 0.639064 0.680755 0.630963 0.673208 0.630063 0.673962 0.582358 0.771321 0.582358 0.772075 0.630063 0.768302 0.630963 0.768302 0.639064 0.789434 0.639064 0.789434 0.630963 0.778868 0.630063 0.778868 0.573357 0.764528 0.572457 0.764528 0.160216 0.772830 0.159316 0.772830 0.123312
0 0.563774 0.123312 0.445283 0.123312 0.445283 0.159316 0.496604 0.160216 0.496604 0.441944 0.503396 0.441944 0.503396 0.160216 0.542642 0.159316 0.543396 0.171917 0.551698 0.171917 0.552453 0.159316 0.563774 0.159316
0 0.070943 0.245725 0.102642 0.245725 0.103396 0.159316 0.347925 0.159316 0.347925 0.123312 0.070943 0.123312
1 0.603019 0.740774 0.603019 0.748875 0.658113 0.748875 0.658113 0.740774
1 0.425660 0.740774 0.425660 0.759676 0.486792 0.759676 0.486792 0.740774
1 0.351698 0.686769 0.351698 0.730873 0.359245 0.730873 0.359245 0.686769
1 0.665660 0.646265 0.665660 0.710171 0.673208 0.710171 0.673208 0.646265
1 0.790189 0.630963 0.790189 0.639064 0.838491 0.639064 0.838491 0.630963
1 0.732075 0.630963 0.732075 0.639064 0.767547 0.639064 0.767547 0.630963
1 0.681509 0.630963 0.681509 0.639064 0.717736 0.639064 0.717736 0.630963
1 0.351698 0.628263 0.351698 0.670567 0.359245 0.670567 0.359245 0.628263
1 0.861132 0.573357 0.861132 0.581458 0.896604 0.581458 0.896604 0.573357
1 0.563774 0.573357 0.563774 0.581458 0.617358 0.581458 0.617358 0.573357
1 0.403019 0.524752 0.403019 0.590459 0.410566 0.590459 0.410566 0.524752
1 0.543396 0.518452 0.543396 0.559856 0.551698 0.559856 0.551698 0.518452
1 0.421887 0.502250 0.421887 0.510351 0.476226 0.510351 0.476226 0.502250
1 0.496604 0.442844 0.496604 0.485149 0.503396 0.485149 0.503396 0.442844
1 0.543396 0.365437 0.543396 0.405941 0.551698 0.405941 0.551698 0.365437
1 0.543396 0.304230 0.543396 0.347435 0.551698 0.347435 0.551698 0.304230
1 0.543396 0.234023 0.543396 0.276328 0.551698 0.276328 0.551698 0.234023
1 0.543396 0.172817 0.543396 0.216022 0.551698 0.216022 0.551698 0.172817
2 0.906415 0.767777 0.906415 0.857786 0.936604 0.857786 0.936604 0.767777
2 0.070943 0.536454 0.070943 0.649865 0.102642 0.649865 0.102642 0.536454
2 0.070943 0.246625 0.070943 0.401440 0.102642 0.401440 0.102642 0.246625
2 0.773585 0.123312 0.773585 0.159316 0.866415 0.159316 0.866415 0.123312
2 0.564528 0.123312 0.564528 0.159316 0.658868 0.159316 0.658868 0.123312
2 0.348679 0.123312 0.348679 0.159316 0.444528 0.159316 0.444528 0.123312
