0 0.924184 0.851630 0.913148 0.851630 0.912668 0.911413 0.849808 0.911413 0.849808 0.923913 0.924184 0.923913
0 0.516795 0.790761 0.516795 0.923913 0.588772 0.923913 0.588772 0.911413 0.527831 0.910870 0.527831 0.790761
0 0.701536 0.706522 0.701536 0.713587 0.715931 0.714130 0.715931 0.910870 0.639635 0.911413 0.639635 0.923913 0.807582 0.923913 0.807582 0.911413 0.722169 0.910870 0.722169 0.704891 0.715931 0.704891 0.715451 0.706522
0 0.516795 0.660326 0.516795 0.742935 0.527831 0.742935 0.527831 0.660326
0 0.366603 0.604348 0.356046 0.604348 0.356046 0.631522 0.338772 0.632065 0.338772 0.644565 0.366603 0.644565
0 0.596929 0.603804 0.596929 0.609783 0.598848 0.610326 0.598848 0.632609 0.651152 0.633152 0.651152 0.733696 0.579175 0.734239 0.579175 0.741304 0.656430 0.741304 0.656430 0.714130 0.659309 0.713587 0.659309 0.706522 0.656430 0.705978 0.656430 0.626087 0.605086 0.626087 0.604607 0.603804
0 0.572457 0.596739 0.566219 0.596739 0.565739 0.603804 0.528311 0.603804 0.527831 0.602174 0.516795 0.602174 0.516795 0.627174 0.527831 0.627174 0.528311 0.609783 0.573896 0.609783
0 0.715931 0.576630 0.715931 0.661413 0.722169 0.661413 0.722649 0.658152 0.912668 0.658152 0.913148 0.751087 0.924184 0.751087 0.924184 0.595652 0.913148 0.595652 0.912668 0.651087 0.722649 0.651087 0.722169 0.576630
0 0.481286 0.533696 0.481286 0.546196 0.516315 0.546196 0.516795 0.554348 0.527831 0.554348 0.528311 0.519022 0.565739 0.519022 0.566219 0.550543 0.572457 0.550543 0.572457 0.519565 0.573417 0.519022 0.573417 0.509783 0.519674 0.509783 0.519194 0.533696
0 0.924184 0.473913 0.913148 0.473913 0.912668 0.520652 0.722649 0.520652 0.722169 0.487500 0.715931 0.487500 0.715931 0.530435 0.722169 0.530435 0.722649 0.527717 0.912668 0.527717 0.913148 0.547283 0.924184 0.547283
0 0.259597 0.436413 0.262956 0.444565 0.262956 0.631522 0.229846 0.632065 0.229846 0.644565 0.307102 0.644565 0.307102 0.632065 0.271113 0.631522 0.271113 0.452174 0.316699 0.451630 0.316699 0.442391 0.271113 0.442391 0.268234 0.436413 0.261516 0.439674
0 0.356046 0.419022 0.356046 0.441848 0.349328 0.442391 0.349328 0.451630 0.356046 0.452174 0.356046 0.561957 0.366603 0.561957 0.367083 0.546196 0.434741 0.546196 0.434741 0.533696 0.428983 0.533152 0.428983 0.436957 0.421305 0.436957 0.420825 0.442391 0.393954 0.442391 0.393954 0.451630 0.421305 0.452174 0.421305 0.533152 0.361804 0.533152 0.361804 0.452174 0.367083 0.451630 0.367083 0.442391 0.361804 0.441848 0.361804 0.419022
0 0.924184 0.369022 0.913148 0.369022 0.912668 0.403804 0.722649 0.403804 0.722169 0.400543 0.715931 0.400543 0.715931 0.446739 0.722169 0.446739 0.722649 0.410870 0.912668 0.410870 0.913148 0.428261 0.924184 0.428261
0 0.111324 0.288587 0.111324 0.644565 0.146353 0.644565 0.146353 0.632065 0.122361 0.631522 0.122361 0.323913 0.215451 0.323370 0.249040 0.409783 0.256718 0.405978 0.224568 0.323913 0.238004 0.323370 0.238004 0.314674 0.122841 0.314674 0.122361 0.288587
0 0.704894 0.181522 0.704894 0.194022 0.715931 0.194565 0.715931 0.325543 0.711132 0.326087 0.711132 0.332065 0.715931 0.332609 0.715931 0.353261 0.722169 0.353261 0.722169 0.259783 0.729846 0.259239 0.729846 0.252174 0.722169 0.251630 0.722649 0.194022 0.912668 0.194022 0.912668 0.252174 0.764875 0.252174 0.764875 0.259239 0.912668 0.259239 0.913148 0.319565 0.924184 0.319565 0.924184 0.181522
0 0.584453 0.181522 0.584453 0.194022 0.650672 0.194565 0.650672 0.325543 0.604607 0.326087 0.604607 0.332065 0.609405 0.332609 0.609405 0.509239 0.605566 0.509783 0.605566 0.519022 0.624760 0.519022 0.624760 0.509783 0.615163 0.509239 0.615643 0.439674 0.650672 0.440217 0.650672 0.519022 0.656430 0.519022 0.656430 0.433152 0.615163 0.432609 0.615163 0.332609 0.670345 0.332065 0.670345 0.326087 0.656430 0.325543 0.656430 0.194565 0.682342 0.194022 0.682342 0.181522
0 0.488004 0.181522 0.488004 0.194022 0.520633 0.194565 0.520633 0.289130 0.526392 0.289130 0.526392 0.194565 0.559981 0.194022 0.559981 0.181522
0 0.408829 0.181522 0.408829 0.194022 0.421785 0.194565 0.421785 0.290217 0.416987 0.290761 0.416987 0.340761 0.407869 0.341304 0.407869 0.350000 0.421305 0.350543 0.421305 0.400000 0.428983 0.400000 0.429463 0.332065 0.571017 0.332065 0.571017 0.326087 0.526871 0.326087 0.526392 0.319565 0.520633 0.319565 0.520154 0.326087 0.429463 0.326087 0.428983 0.194565 0.459213 0.194022 0.459213 0.181522
0 0.275912 0.157065 0.275912 0.314130 0.271593 0.314674 0.271593 0.323370 0.355566 0.323370 0.356046 0.358696 0.361804 0.358696 0.362284 0.350000 0.371881 0.350000 0.371881 0.341304 0.361804 0.340761 0.361804 0.314674 0.283109 0.314130 0.283109 0.166304 0.350288 0.165761 0.350768 0.194022 0.369002 0.194022 0.369002 0.181522 0.361804 0.180978 0.361804 0.139130 0.350768 0.139130 0.350288 0.157065
0 0.111324 0.250000 0.122361 0.250000 0.122841 0.076087 0.350288 0.076087 0.350768 0.093478 0.361804 0.093478 0.361804 0.063587 0.111324 0.063587
1 0.659789 0.706522 0.659789 0.713587 0.701056 0.713587 0.701056 0.706522
1 0.715931 0.661957 0.715931 0.704348 0.722169 0.704348 0.722169 0.661957
1 0.146833 0.632065 0.146833 0.644565 0.229367 0.644565 0.229367 0.632065
1 0.574376 0.603804 0.574376 0.609783 0.596449 0.609783 0.596449 0.603804
1 0.516795 0.554891 0.516795 0.601630 0.527831 0.601630 0.527831 0.554891
1 0.566219 0.551087 0.566219 0.596196 0.572457 0.596196 0.572457 0.551087
1 0.715931 0.530978 0.715931 0.576087 0.722169 0.576087 0.722169 0.530978
1 0.625240 0.509783 0.625240 0.519022 0.650192 0.519022 0.650192 0.509783
1 0.573896 0.509783 0.573896 0.519022 0.605086 0.519022 0.605086 0.509783
1 0.715931 0.447283 0.715931 0.486957 0.722169 0.486957 0.722169 0.447283
1 0.367562 0.442391 0.367562 0.451630 0.393474 0.451630 0.393474 0.442391
1 0.317179 0.442391 0.317179 0.451630 0.348848 0.451630 0.348848 0.442391
1 0.256238 0.406522 0.249520 0.410326 0.261516 0.439130 0.268234 0.435326
1 0.421305 0.400543 0.421305 0.436413 0.428983 0.436413 0.428983 0.400543
1 0.356046 0.359239 0.356046 0.418478 0.361804 0.418478 0.361804 0.359239
1 0.715931 0.353804 0.715931 0.400000 0.722169 0.400000 0.722169 0.353804
1 0.372361 0.341304 0.372361 0.350000 0.407390 0.350000 0.407390 0.341304
1 0.670825 0.326087 0.670825 0.332065 0.710653 0.332065 0.710653 0.326087
1 0.571497 0.326087 0.571497 0.332065 0.604127 0.332065 0.604127 0.326087
1 0.238484 0.314674 0.238484 0.323370 0.271113 0.323370 0.271113 0.314674
1 0.520633 0.289674 0.520633 0.319022 0.526392 0.319022 0.526392 0.289674
1 0.730326 0.252174 0.730326 0.259239 0.764395 0.259239 0.764395 0.252174
1 0.111324 0.250543 0.111324 0.288043 0.122361 0.288043 0.122361 0.250543
1 0.369482 0.181522 0.369482 0.194022 0.408349 0.194022 0.408349 0.181522
1 0.350768 0.094022 0.350768 0.138587 0.361804 0.138587 0.361804 0.094022
2 0.808061 0.911413 0.808061 0.923913 0.849328 0.923913 0.849328 0.911413
2 0.589251 0.911413 0.589251 0.923913 0.639155 0.923913 0.639155 0.911413
2 0.913148 0.751630 0.913148 0.851087 0.924184 0.851087 0.924184 0.751630
2 0.516795 0.743478 0.516795 0.790217 0.527831 0.790217 0.527831 0.743478
2 0.307582 0.632065 0.307582 0.644565 0.338292 0.644565 0.338292 0.632065
2 0.516795 0.627717 0.516795 0.659783 0.527831 0.659783 0.527831 0.627717
2 0.356046 0.562500 0.356046 0.603804 0.366603 0.603804 0.366603 0.562500
2 0.913148 0.547826 0.913148 0.595109 0.924184 0.595109 0.924184 0.547826
2 0.435221 0.533696 0.435221 0.546196 0.480806 0.546196 0.480806 0.533696
2 0.913148 0.428804 0.913148 0.473370 0.924184 0.473370 0.924184 0.428804
2 0.913148 0.320109 0.913148 0.368478 0.924184 0.368478 0.924184 0.320109
2 0.682821 0.181522 0.682821 0.194022 0.704415 0.194022 0.704415 0.181522
2 0.560461 0.181522 0.560461 0.194022 0.583973 0.194022 0.583973 0.181522
2 0.459693 0.181522 0.459693 0.194022 0.487524 0.194022 0.487524 0.181522
