0 0.270166 0.706952 0.270166 0.759358 0.281690 0.759358 0.282971 0.716578 0.473752 0.716578 0.475032 0.790374 0.486556 0.790374 0.487836 0.777540 0.660691 0.777540 0.661972 0.928342 0.487836 0.929412 0.486556 0.854545 0.475032 0.854545 0.473752 0.929412 0.282971 0.929412 0.281690 0.831016 0.270166 0.831016 0.270166 0.844920 0.257362 0.845989 0.257362 0.862032 0.262484 0.863102 0.262484 0.945455 0.987196 0.945455 0.987196 0.869519 0.942382 0.869519 0.941101 0.929412 0.751601 0.929412 0.750320 0.887701 0.673496 0.886631 0.673496 0.767914 0.487836 0.767914 0.486556 0.706952
0 0.608195 0.214973 0.608195 0.239572 0.610755 0.239572 0.610755 0.214973
0 0.423816 0.214973 0.423816 0.239572 0.469910 0.240642 0.469910 0.585027 0.466069 0.586096 0.466069 0.594652 0.480154 0.594652 0.480154 0.240642 0.507042 0.239572 0.507042 0.214973
0 0.035851 0.043850 0.035851 0.862032 0.142125 0.862032 0.142125 0.845989 0.055058 0.844920 0.056338 0.594652 0.361076 0.594652 0.361076 0.586096 0.055058 0.585027 0.055058 0.240642 0.203585 0.239572 0.203585 0.214973 0.055058 0.213904 0.056338 0.053476 0.941101 0.053476 0.943662 0.213904 0.883483 0.214973 0.883483 0.239572 0.942382 0.240642 0.942382 0.713369 0.987196 0.713369 0.987196 0.043850
1 0.143406 0.845989 0.143406 0.862032 0.256082 0.862032 0.256082 0.845989
1 0.475032 0.791444 0.475032 0.853476 0.486556 0.853476 0.486556 0.791444
1 0.270166 0.760428 0.270166 0.829947 0.281690 0.829947 0.281690 0.760428
1 0.362356 0.586096 0.362356 0.594652 0.464789 0.594652 0.464789 0.586096
1 0.508323 0.214973 0.508323 0.239572 0.606914 0.239572 0.606914 0.214973
2 0.942382 0.714439 0.942382 0.868449 0.987196 0.868449 0.987196 0.714439
2 0.612036 0.214973 0.612036 0.239572 0.882202 0.239572 0.882202 0.214973
2 0.204866 0.214973 0.204866 0.239572 0.422535 0.239572 0.422535 0.214973
