0 0.466488 0.828326 0.466488 0.838340 0.475424 0.839056 0.475424 0.879828 0.610366 0.879828 0.611260 0.932046 0.917784 0.932046 0.917784 0.814735 0.893655 0.814735 0.892761 0.829041 0.730116 0.829041 0.730116 0.835479 0.892761 0.835479 0.892761 0.922031 0.624665 0.922031 0.623771 0.836195 0.677391 0.835479 0.677391 0.829041 0.621090 0.829041 0.620197 0.869814 0.555853 0.869814 0.554960 0.802575 0.550492 0.802575 0.550492 0.828326 0.525469 0.829041 0.525469 0.869099 0.490617 0.869814 0.489723 0.828326
0 0.917784 0.565093 0.893655 0.565093 0.892761 0.577969 0.555853 0.577969 0.554960 0.570815 0.550492 0.570815 0.550492 0.749642 0.554960 0.749642 0.555853 0.585122 0.892761 0.585122 0.893655 0.603004 0.917784 0.603004
0 0.357462 0.286838 0.357462 0.312589 0.343164 0.313305 0.343164 0.334764 0.376229 0.334764 0.376229 0.286838
0 0.357462 0.233190 0.357462 0.234621 0.376229 0.234621 0.376229 0.233190
0 0.917784 0.053648 0.842717 0.053648 0.842717 0.073677 0.893655 0.074392 0.893655 0.328326 0.550492 0.329041 0.550492 0.518598 0.554960 0.518598 0.555853 0.336910 0.892761 0.336910 0.893655 0.353362 0.917784 0.353362
0 0.709562 0.053648 0.347632 0.053648 0.346738 0.061516 0.185880 0.061516 0.185880 0.312589 0.176050 0.313305 0.176050 0.838340 0.402145 0.838340 0.402145 0.828326 0.397676 0.827611 0.397676 0.788984 0.390527 0.788984 0.389634 0.828326 0.315460 0.827611 0.315460 0.707439 0.389634 0.706724 0.390527 0.744635 0.397676 0.744635 0.397676 0.638770 0.390527 0.638770 0.389634 0.701717 0.307417 0.701717 0.307417 0.821173 0.195710 0.821173 0.195710 0.707439 0.254692 0.706724 0.254692 0.701717 0.187668 0.701001 0.187668 0.603720 0.232350 0.603004 0.233244 0.583691 0.389634 0.583691 0.390527 0.588698 0.397676 0.588698 0.398570 0.583691 0.451296 0.583691 0.451296 0.530043 0.444147 0.530043 0.443253 0.573677 0.218945 0.573677 0.218052 0.530758 0.190349 0.530043 0.190349 0.335479 0.214477 0.334764 0.214477 0.313305 0.193923 0.312589 0.193923 0.074392 0.356568 0.073677 0.357462 0.094421 0.376229 0.094421 0.377122 0.073677 0.709562 0.073677
1 0.678284 0.829041 0.678284 0.835479 0.729223 0.835479 0.729223 0.829041
1 0.403038 0.828326 0.403038 0.838340 0.465594 0.838340 0.465594 0.828326
1 0.550492 0.750358 0.550492 0.801860 0.554960 0.801860 0.554960 0.750358
1 0.390527 0.745351 0.390527 0.788269 0.397676 0.788269 0.397676 0.745351
1 0.255585 0.701717 0.255585 0.706724 0.306524 0.706724 0.306524 0.701717
1 0.390527 0.589413 0.390527 0.638054 0.397676 0.638054 0.397676 0.589413
1 0.550492 0.519313 0.550492 0.570100 0.554960 0.570100 0.554960 0.519313
1 0.357462 0.235336 0.357462 0.286123 0.376229 0.286123 0.376229 0.235336
2 0.893655 0.603720 0.893655 0.814020 0.917784 0.814020 0.917784 0.603720
2 0.893655 0.354077 0.893655 0.564378 0.917784 0.564378 0.917784 0.354077
2 0.215371 0.313305 0.215371 0.334764 0.342270 0.334764 0.342270 0.313305
2 0.357462 0.095136 0.357462 0.232475 0.376229 0.232475 0.376229 0.095136
2 0.710456 0.053648 0.710456 0.073677 0.841823 0.073677 0.841823 0.053648
