0 0.496403 0.672131 0.487050 0.672131 0.486331 0.725995 0.400000 0.725995 0.399281 0.674473 0.389928 0.674473 0.389209 0.933255 0.096403 0.933255 0.095683 0.866511 0.079137 0.866511 0.079137 0.960187 0.520863 0.960187 0.520863 0.933255 0.496403 0.932084 0.496403 0.819672 0.487050 0.819672 0.486331 0.933255 0.399281 0.932084 0.399281 0.742389 0.486331 0.741218 0.487050 0.745902 0.496403 0.745902
0 0.958273 0.642857 0.958273 0.737705 0.974820 0.737705 0.974820 0.642857
0 0.317266 0.572600 0.317266 0.593677 0.389209 0.593677 0.389928 0.600703 0.399281 0.600703 0.400000 0.593677 0.486331 0.593677 0.487050 0.603044 0.496403 0.603044 0.496403 0.572600
0 0.626619 0.566745 0.626619 0.932084 0.589928 0.933255 0.589928 0.960187 0.974820 0.960187 0.974820 0.862998 0.958273 0.862998 0.957554 0.933255 0.759712 0.932084 0.759712 0.566745 0.687050 0.566745 0.687050 0.584309 0.748921 0.585480 0.748921 0.932084 0.638129 0.933255 0.638129 0.566745
0 0.145324 0.409836 0.145324 0.425059 0.165468 0.425059 0.165468 0.409836
0 0.974820 0.355972 0.958273 0.355972 0.957554 0.389930 0.702878 0.389930 0.702878 0.413349 0.957554 0.413349 0.958273 0.444965 0.974820 0.444965
0 0.031655 0.562061 0.079137 0.563232 0.079137 0.667447 0.095683 0.667447 0.096403 0.593677 0.258273 0.593677 0.258273 0.572600 0.166187 0.572600 0.165468 0.526932 0.145324 0.526932 0.144604 0.551522 0.042446 0.549180 0.043165 0.055035 0.144604 0.055035 0.145324 0.098361 0.165468 0.098361 0.166187 0.055035 0.484892 0.055035 0.485612 0.413349 0.533813 0.413349 0.533813 0.389930 0.497842 0.388759 0.498561 0.237705 0.626619 0.237705 0.627338 0.388759 0.582014 0.389930 0.582014 0.413349 0.641727 0.413349 0.641727 0.389930 0.636691 0.388759 0.636691 0.185012 0.627338 0.185012 0.626619 0.224824 0.498561 0.224824 0.498561 0.055035 0.626619 0.055035 0.627338 0.099532 0.636691 0.099532 0.637410 0.055035 0.957554 0.055035 0.958273 0.165105 0.974820 0.165105 0.974820 0.028103 0.031655 0.028103
1 0.521583 0.933255 0.521583 0.960187 0.589209 0.960187 0.589209 0.933255
1 0.487050 0.747073 0.487050 0.818501 0.496403 0.818501 0.496403 0.747073
1 0.487050 0.604215 0.487050 0.670960 0.496403 0.670960 0.496403 0.604215
1 0.389928 0.601874 0.389928 0.673302 0.399281 0.673302 0.399281 0.601874
1 0.258993 0.572600 0.258993 0.593677 0.316547 0.593677 0.316547 0.572600
1 0.638849 0.566745 0.638849 0.584309 0.686331 0.584309 0.686331 0.566745
1 0.145324 0.426230 0.145324 0.525761 0.165468 0.525761 0.165468 0.426230
1 0.642446 0.389930 0.642446 0.413349 0.702158 0.413349 0.702158 0.389930
1 0.534532 0.389930 0.534532 0.413349 0.581295 0.413349 0.581295 0.389930
1 0.627338 0.100703 0.627338 0.183841 0.636691 0.183841 0.636691 0.100703
2 0.958273 0.738876 0.958273 0.861827 0.974820 0.861827 0.974820 0.738876
2 0.079137 0.668618 0.079137 0.865340 0.095683 0.865340 0.095683 0.668618
2 0.958273 0.446136 0.958273 0.641686 0.974820 0.641686 0.974820 0.446136
2 0.958273 0.166276 0.958273 0.354801 0.974820 0.354801 0.974820 0.166276
2 0.145324 0.099532 0.145324 0.408665 0.165468 0.408665 0.165468 0.099532
