0 0.210267 0.693269 0.210267 0.715385 0.252977 0.716346 0.252977 0.842308 0.248049 0.843269 0.248049 0.853846 0.252977 0.854808 0.252977 0.946154 0.217659 0.946154 0.217659 0.854808 0.222587 0.853846 0.222587 0.843269 0.209856 0.843269 0.209856 0.853846 0.213142 0.854808 0.213142 0.946154 0.209856 0.947115 0.209856 0.967308 0.255441 0.967308 0.255852 0.999038 0.257906 0.999038 0.257906 0.968269 0.261191 0.967308 0.261191 0.947115 0.257495 0.946154 0.257495 0.816346 0.259548 0.815385 0.259548 0.804808 0.257495 0.803846 0.257495 0.716346 0.265708 0.715385 0.265708 0.693269 0.262423 0.693269 0.262012 0.685577 0.257084 0.685577 0.256674 0.693269
0 0.346201 0.625962 0.342094 0.625962 0.341684 0.693269 0.295277 0.693269 0.295277 0.715385 0.326899 0.716346 0.326899 0.803846 0.289528 0.804808 0.289528 0.815385 0.326899 0.816346 0.326899 0.946154 0.299795 0.947115 0.299795 0.967308 0.335524 0.967308 0.335524 0.716346 0.349487 0.715385 0.349487 0.693269 0.346201 0.692308
0 0.159343 0.568269 0.159343 0.692308 0.135524 0.693269 0.135524 0.715385 0.164271 0.716346 0.164271 0.999038 0.166324 0.999038 0.166324 0.968269 0.175770 0.967308 0.175770 0.947115 0.172895 0.946154 0.172895 0.854808 0.175359 0.853846 0.175359 0.843269 0.172895 0.842308 0.172895 0.716346 0.176591 0.715385 0.176591 0.693269 0.164271 0.692308 0.164271 0.568269
0 0.257084 0.381731 0.257084 0.497115 0.243532 0.498077 0.243532 0.600000 0.256674 0.600000 0.257084 0.606731 0.262012 0.606731 0.262423 0.600000 0.275565 0.600000 0.275975 0.536538 0.341684 0.536538 0.342094 0.552885 0.346201 0.552885 0.346612 0.536538 0.467762 0.536538 0.468172 0.692308 0.396304 0.693269 0.396304 0.715385 0.476386 0.715385 0.476386 0.443269 0.468172 0.443269 0.467762 0.525000 0.275975 0.525000 0.275565 0.498077 0.262012 0.497115 0.262012 0.381731
0 0.508830 0.429808 0.508830 0.725962 0.647228 0.725962 0.647639 0.970192 0.818891 0.970192 0.819302 0.725962 0.958932 0.725962 0.958932 0.437500 0.950308 0.437500 0.949897 0.596154 0.813142 0.596154 0.812731 0.362500 0.791376 0.363462 0.791376 0.375000 0.807392 0.375962 0.806982 0.540385 0.759343 0.540385 0.758932 0.506731 0.746612 0.505769 0.746612 0.375962 0.766324 0.375000 0.766324 0.363462 0.713347 0.363462 0.713347 0.375000 0.741684 0.375962 0.741684 0.505769 0.726899 0.506731 0.726899 0.606731 0.741684 0.607692 0.741684 0.704808 0.738809 0.705769 0.738809 0.725962 0.815195 0.726923 0.815195 0.960577 0.651745 0.961538 0.651335 0.726923 0.705133 0.725962 0.705133 0.705769 0.677618 0.704808 0.677618 0.587500 0.608214 0.586538 0.608214 0.375962 0.680493 0.375000 0.680493 0.363462 0.655441 0.363462 0.655031 0.356731 0.648871 0.356731 0.648460 0.363462 0.602464 0.363462 0.602053 0.587500 0.517864 0.587500 0.517454 0.429808
0 0.024641 0.267308 0.024641 0.715385 0.089528 0.715385 0.089528 0.693269 0.034086 0.692308 0.034086 0.417308 0.134292 0.416346 0.159343 0.477885 0.159343 0.489423 0.164271 0.489423 0.164271 0.473077 0.136345 0.404808 0.034497 0.404808 0.034086 0.267308
0 0.224641 0.143269 0.224641 0.182692 0.228747 0.182692 0.228747 0.143269
0 0.735113 0.037500 0.735113 0.057692 0.743737 0.058654 0.743737 0.282692 0.752772 0.282692 0.752772 0.275000 0.747023 0.274038 0.747433 0.170192 0.806982 0.170192 0.807392 0.274038 0.786037 0.275000 0.786037 0.282692 0.806982 0.282692 0.807392 0.288462 0.812731 0.288462 0.813142 0.170192 0.949897 0.170192 0.950308 0.335577 0.958932 0.335577 0.958932 0.037500
0 0.508830 0.037500 0.508830 0.325000 0.517454 0.325000 0.517864 0.170192 0.648460 0.170192 0.648871 0.276923 0.655031 0.276923 0.655441 0.057692 0.669815 0.058654 0.669815 0.162500 0.705955 0.163462 0.705955 0.285577 0.709651 0.285577 0.709651 0.153846 0.673511 0.152885 0.673511 0.058654 0.684600 0.057692 0.684600 0.037500
0 0.381520 0.032692 0.381520 0.051923 0.468172 0.052885 0.468172 0.300000 0.476386 0.300000 0.476386 0.032692
0 0.024641 0.125962 0.034086 0.125962 0.034497 0.051923 0.184394 0.051923 0.184805 0.145192 0.188912 0.145192 0.189322 0.051923 0.258316 0.051923 0.258727 0.285577 0.262834 0.285577 0.262834 0.052885 0.321150 0.051923 0.321150 0.032692 0.024641 0.032692
1 0.176181 0.947115 0.176181 0.967308 0.209446 0.967308 0.209446 0.947115
1 0.222998 0.843269 0.222998 0.853846 0.247639 0.853846 0.247639 0.843269
1 0.175770 0.843269 0.175770 0.853846 0.209446 0.853846 0.209446 0.843269
1 0.259959 0.804808 0.259959 0.815385 0.289117 0.815385 0.289117 0.804808
1 0.705544 0.705769 0.705544 0.725962 0.738398 0.725962 0.738398 0.705769
1 0.266119 0.693269 0.266119 0.715385 0.294867 0.715385 0.294867 0.693269
1 0.177002 0.693269 0.177002 0.715385 0.209856 0.715385 0.209856 0.693269
1 0.257084 0.607692 0.257084 0.684615 0.262012 0.684615 0.262012 0.607692
1 0.159343 0.490385 0.159343 0.567308 0.164271 0.567308 0.164271 0.490385
1 0.766735 0.363462 0.766735 0.375000 0.790965 0.375000 0.790965 0.363462
1 0.680903 0.363462 0.680903 0.375000 0.712936 0.375000 0.712936 0.363462
1 0.807392 0.289423 0.807392 0.361538 0.812731 0.361538 0.812731 0.289423
1 0.648871 0.277885 0.648871 0.355769 0.655031 0.355769 0.655031 0.277885
1 0.753183 0.275000 0.753183 0.282692 0.785626 0.282692 0.785626 0.275000
2 0.261602 0.947115 0.261602 0.967308 0.299384 0.967308 0.299384 0.947115
2 0.349897 0.693269 0.349897 0.715385 0.395893 0.715385 0.395893 0.693269
2 0.089938 0.693269 0.089938 0.715385 0.135113 0.715385 0.135113 0.693269
2 0.950308 0.336538 0.950308 0.436538 0.958932 0.436538 0.958932 0.336538
2 0.508830 0.325962 0.508830 0.428846 0.517454 0.428846 0.517454 0.325962
2 0.468172 0.300962 0.468172 0.442308 0.476386 0.442308 0.476386 0.300962
2 0.024641 0.126923 0.024641 0.266346 0.034086 0.266346 0.034086 0.126923
2 0.685010 0.037500 0.685010 0.057692 0.734702 0.057692 0.734702 0.037500
2 0.321561 0.032692 0.321561 0.051923 0.381109 0.051923 0.381109 0.032692
