0 0.698789 0.643550 0.692978 0.643550 0.692978 0.793438 0.667312 0.794183 0.667312 0.819538 0.713801 0.819538 0.713801 0.794183 0.698789 0.793438 0.698789 0.701715 0.714286 0.700969 0.714286 0.694258 0.698789 0.693512
0 0.771429 0.641312 0.771429 0.693512 0.752542 0.694258 0.752542 0.700969 0.771429 0.701715 0.771429 0.793438 0.751090 0.794183 0.751090 0.819538 0.809685 0.819538 0.809685 0.794183 0.777240 0.793438 0.777240 0.641312
0 0.196126 0.627144 0.196126 0.821775 0.198547 0.821775 0.198547 0.627144
0 0.472639 0.525727 0.472639 0.533184 0.574334 0.533930 0.574334 0.793438 0.536077 0.794183 0.536077 0.819538 0.579661 0.819538 0.580145 0.577927 0.692494 0.577927 0.692978 0.580910 0.698789 0.580910 0.698789 0.525727 0.692978 0.525727 0.692494 0.568978 0.580145 0.568978 0.579661 0.525727
0 0.425182 0.501119 0.425182 0.793438 0.407748 0.794183 0.407748 0.819538 0.445521 0.819538 0.445521 0.794183 0.430508 0.793438 0.430508 0.533930 0.431477 0.533184 0.431477 0.525727 0.430508 0.524981 0.430508 0.501119
0 0.462470 0.429530 0.430993 0.429530 0.430508 0.424310 0.425182 0.424310 0.424697 0.429530 0.293947 0.429530 0.293462 0.427293 0.279903 0.427293 0.279903 0.819538 0.311864 0.819538 0.311864 0.794183 0.293462 0.793438 0.293462 0.439224 0.424697 0.438479 0.425182 0.439970 0.430508 0.439970 0.430993 0.438479 0.462470 0.438479
0 0.198063 0.312453 0.191768 0.312453 0.191283 0.440716 0.046973 0.440716 0.046489 0.428039 0.041162 0.428039 0.041162 0.822521 0.045036 0.822521 0.045036 0.448919 0.198063 0.448173
0 0.776271 0.269948 0.770944 0.269948 0.770944 0.337062 0.745763 0.337808 0.745763 0.345265 0.767070 0.346010 0.767070 0.416107 0.718160 0.416853 0.717676 0.345265 0.716707 0.343773 0.716707 0.337808 0.711380 0.337808 0.711380 0.424310 0.680387 0.425056 0.680387 0.432513 0.776271 0.432513
0 0.279903 0.332588 0.293462 0.332588 0.293947 0.287845 0.353511 0.287845 0.353511 0.276659 0.293947 0.276659 0.293462 0.266219 0.279903 0.266219
0 0.040194 0.106637 0.040194 0.249814 0.045521 0.249814 0.046005 0.212528 0.191283 0.212528 0.191768 0.255779 0.198063 0.255779 0.198063 0.203579 0.044068 0.203579 0.043099 0.106637
0 0.964649 0.101417 0.944794 0.101417 0.944794 0.122297 0.952058 0.123043 0.952058 0.522744 0.771429 0.523490 0.771429 0.579418 0.777240 0.579418 0.777724 0.530947 0.952058 0.531693 0.952058 0.793438 0.901695 0.794183 0.901695 0.819538 0.964649 0.819538
0 0.837772 0.101417 0.837772 0.122297 0.856174 0.122297 0.856174 0.101417
0 0.738983 0.101417 0.738983 0.122297 0.770460 0.122297 0.770944 0.140940 0.776271 0.140940 0.776271 0.123043 0.781114 0.122297 0.781114 0.101417
0 0.649395 0.101417 0.594673 0.101417 0.594673 0.122297 0.596610 0.123043 0.596126 0.278151 0.504600 0.278151 0.504600 0.286353 0.535109 0.287099 0.535109 0.425802 0.504600 0.426547 0.504600 0.434750 0.563196 0.434750 0.563196 0.426547 0.540436 0.425802 0.540920 0.286353 0.596610 0.287099 0.596610 0.425802 0.595157 0.426547 0.595157 0.434750 0.636320 0.434750 0.636320 0.426547 0.600969 0.425802 0.600969 0.123043 0.649395 0.122297
0 0.484262 0.101417 0.484262 0.122297 0.491525 0.122297 0.491525 0.101417
0 0.189346 0.101417 0.189346 0.106637 0.279419 0.106637 0.279903 0.175988 0.293462 0.175988 0.293947 0.122297 0.384019 0.122297 0.384504 0.275913 0.383051 0.276659 0.383051 0.287845 0.425182 0.288591 0.425182 0.363162 0.430508 0.363162 0.430508 0.288591 0.460533 0.287845 0.460533 0.278896 0.410654 0.278151 0.410654 0.228188 0.438741 0.227442 0.438741 0.123043 0.446005 0.122297 0.446005 0.101417 0.430024 0.101417 0.430024 0.122297 0.433898 0.123043 0.433414 0.216257 0.391768 0.215511 0.391768 0.101417
1 0.714286 0.794183 0.714286 0.819538 0.750605 0.819538 0.750605 0.794183
1 0.714770 0.694258 0.714770 0.700969 0.752058 0.700969 0.752058 0.694258
1 0.692978 0.581655 0.692978 0.642804 0.698789 0.642804 0.698789 0.581655
1 0.771429 0.580164 0.771429 0.640567 0.777240 0.640567 0.777240 0.580164
1 0.431961 0.525727 0.431961 0.533184 0.472155 0.533184 0.472155 0.525727
1 0.425182 0.440716 0.425182 0.500373 0.430508 0.500373 0.430508 0.440716
1 0.563680 0.426547 0.563680 0.434750 0.594673 0.434750 0.594673 0.426547
1 0.425182 0.363908 0.425182 0.423565 0.430508 0.423565 0.430508 0.363908
1 0.717191 0.337808 0.717191 0.343773 0.718160 0.345265 0.745278 0.345265 0.745278 0.337808
1 0.353995 0.276659 0.353995 0.287845 0.382567 0.287845 0.382567 0.276659
1 0.191768 0.256525 0.191768 0.311708 0.198063 0.311708 0.198063 0.256525
1 0.770944 0.141685 0.770944 0.269202 0.776271 0.269202 0.776271 0.141685
1 0.446489 0.101417 0.446489 0.122297 0.483777 0.122297 0.483777 0.101417
1 0.392252 0.101417 0.392252 0.122297 0.429540 0.122297 0.429540 0.101417
2 0.810169 0.794183 0.810169 0.819538 0.901211 0.819538 0.901211 0.794183
2 0.580145 0.794183 0.580145 0.819538 0.666828 0.819538 0.666828 0.794183
2 0.446005 0.794183 0.446005 0.819538 0.535593 0.819538 0.535593 0.794183
2 0.312349 0.794183 0.312349 0.819538 0.407264 0.819538 0.407264 0.794183
2 0.279903 0.333333 0.279903 0.426547 0.293462 0.426547 0.293462 0.333333
2 0.040194 0.250559 0.041162 0.427293 0.046489 0.427293 0.046005 0.250559
2 0.279903 0.176734 0.279903 0.265474 0.293462 0.265474 0.293462 0.176734
2 0.856659 0.101417 0.856659 0.122297 0.944310 0.122297 0.944310 0.101417
2 0.781598 0.101417 0.781598 0.122297 0.837288 0.122297 0.837288 0.101417
2 0.649879 0.101417 0.649879 0.122297 0.738499 0.122297 0.738499 0.101417
2 0.492010 0.101417 0.492010 0.122297 0.594189 0.122297 0.594189 0.101417
