0 0.640187 0.797203 0.640187 0.814297 0.677904 0.814297 0.677904 0.797203
0 0.607143 0.797203 0.607143 0.814297 0.608144 0.814297 0.608144 0.797203
0 0.763351 0.672106 0.759346 0.672106 0.759346 0.796426 0.728638 0.797203 0.728638 0.814297 0.764352 0.814297 0.764352 0.797203 0.763351 0.796426 0.763351 0.721057 0.764019 0.720280 0.764019 0.711733 0.763351 0.710956
0 0.813418 0.599068 0.813418 0.710956 0.795394 0.711733 0.795394 0.720280 0.813418 0.721057 0.813418 0.796426 0.795060 0.797203 0.795060 0.814297 0.839786 0.814297 0.839786 0.797203 0.817089 0.796426 0.817089 0.599068
0 0.637183 0.523699 0.637183 0.578866 0.660547 0.578866 0.660881 0.531469 0.759012 0.531469 0.759346 0.578866 0.763351 0.578866 0.763351 0.523699
0 0.660547 0.442890 0.660547 0.448329 0.763351 0.448329 0.763351 0.442890
0 0.178905 0.434343 0.178905 0.440559 0.246328 0.440559 0.246328 0.434343
0 0.275701 0.327117 0.275701 0.348873 0.285714 0.348873 0.285714 0.327117
0 0.187250 0.327117 0.187250 0.348873 0.220628 0.348873 0.220628 0.327117
0 0.118491 0.327117 0.118491 0.348873 0.129172 0.349650 0.129172 0.529138 0.137183 0.529138 0.137183 0.349650 0.142523 0.348873 0.142523 0.327117
0 0.623164 0.241647 0.623164 0.257187 0.624166 0.257187 0.624166 0.241647
0 0.833111 0.124320 0.803738 0.124320 0.803738 0.139860 0.813418 0.140637 0.813418 0.341880 0.759346 0.342657 0.759346 0.351981 0.813084 0.351981 0.813418 0.354312 0.817089 0.354312 0.817089 0.140637 0.833111 0.139860
0 0.741989 0.124320 0.741989 0.139860 0.752003 0.139860 0.752003 0.124320
0 0.921228 0.076146 0.920895 0.124320 0.894192 0.124320 0.894192 0.139860 0.921228 0.140637 0.921228 0.469308 0.868491 0.470085 0.868158 0.421134 0.817423 0.421134 0.817089 0.418803 0.813418 0.418803 0.813418 0.432012 0.817089 0.432012 0.817423 0.428904 0.864820 0.429681 0.864486 0.523699 0.823431 0.523699 0.823097 0.484848 0.813418 0.483294 0.813418 0.534577 0.817089 0.534577 0.817423 0.531469 0.868158 0.531469 0.868491 0.477855 0.921228 0.478632 0.921228 0.796426 0.900868 0.797203 0.900868 0.814297 0.920227 0.814297 0.920561 0.862471 0.931242 0.862471 0.931242 0.076146
0 0.688251 0.124320 0.521362 0.124320 0.521028 0.076146 0.509346 0.076146 0.509346 0.862471 0.519025 0.862471 0.519025 0.815074 0.528037 0.814297 0.528037 0.797203 0.519025 0.796426 0.519025 0.257964 0.560414 0.257187 0.560414 0.241647 0.521028 0.240870 0.521028 0.130536 0.654539 0.129759 0.654873 0.240870 0.652870 0.241647 0.652870 0.257187 0.657543 0.257964 0.657543 0.351981 0.713618 0.351981 0.713618 0.342657 0.662216 0.341880 0.662216 0.140637 0.688251 0.139860
0 0.043391 0.075369 0.043391 0.859363 0.053405 0.859363 0.053738 0.811189 0.454272 0.811189 0.454606 0.859363 0.465955 0.859363 0.465955 0.075369 0.456609 0.075369 0.456609 0.326340 0.449933 0.327117 0.449933 0.348873 0.456609 0.349650 0.456609 0.794872 0.354139 0.794872 0.354139 0.349650 0.361482 0.348873 0.361482 0.327117 0.336449 0.327117 0.336449 0.348873 0.346128 0.349650 0.346128 0.519037 0.309413 0.519814 0.309413 0.529138 0.346128 0.529915 0.346128 0.788656 0.264352 0.789433 0.264019 0.701632 0.259346 0.701632 0.259012 0.789433 0.194927 0.789433 0.194927 0.648019 0.264019 0.648019 0.264019 0.634810 0.259346 0.634810 0.259012 0.637141 0.194927 0.637141 0.194593 0.529915 0.259012 0.529138 0.259346 0.581197 0.264019 0.581197 0.264019 0.529915 0.287049 0.529138 0.287049 0.519814 0.162216 0.519814 0.162216 0.529138 0.188585 0.529915 0.188251 0.796426 0.053405 0.795649 0.053405 0.349650 0.064753 0.348873 0.064753 0.327117 0.053405 0.326340 0.053405 0.075369
1 0.764686 0.797203 0.764686 0.814297 0.794726 0.814297 0.794726 0.797203
1 0.764352 0.711733 0.764352 0.720280 0.795060 0.720280 0.795060 0.711733
1 0.259346 0.648796 0.259346 0.700855 0.264019 0.700855 0.264019 0.648796
1 0.259346 0.581974 0.259346 0.634033 0.264019 0.634033 0.264019 0.581974
1 0.759346 0.579643 0.759346 0.671329 0.763351 0.671329 0.763351 0.579643
1 0.813418 0.535354 0.813418 0.598291 0.817089 0.598291 0.817089 0.535354
1 0.287383 0.519814 0.287383 0.529138 0.309079 0.529138 0.309079 0.519814
1 0.137517 0.519814 0.137517 0.529138 0.161883 0.529138 0.161883 0.519814
1 0.813418 0.432789 0.813418 0.482517 0.817089 0.482517 0.817089 0.432789
1 0.813418 0.355089 0.813418 0.418026 0.817089 0.418026 0.817089 0.355089
1 0.713952 0.342657 0.713952 0.351981 0.759012 0.351981 0.759012 0.342657
1 0.361816 0.327117 0.361816 0.348873 0.449599 0.348873 0.449599 0.327117
1 0.142857 0.327117 0.142857 0.348873 0.174566 0.348873 0.174566 0.327117
1 0.624499 0.241647 0.624499 0.257187 0.652537 0.257187 0.652537 0.241647
2 0.840120 0.797203 0.840120 0.814297 0.900534 0.814297 0.900534 0.797203
2 0.678238 0.797203 0.678238 0.814297 0.728304 0.814297 0.728304 0.797203
2 0.608478 0.797203 0.608478 0.814297 0.639853 0.814297 0.639853 0.797203
2 0.528371 0.797203 0.528371 0.814297 0.606809 0.814297 0.606809 0.797203
2 0.286048 0.327117 0.286048 0.348873 0.336115 0.348873 0.336115 0.327117
2 0.220961 0.327117 0.220961 0.348873 0.275367 0.348873 0.275367 0.327117
2 0.175567 0.327117 0.175567 0.348873 0.186916 0.348873 0.186916 0.327117
2 0.065087 0.327117 0.065087 0.348873 0.118158 0.348873 0.118158 0.327117
2 0.560748 0.241647 0.560748 0.257187 0.622830 0.257187 0.622830 0.241647
2 0.833445 0.124320 0.833445 0.139860 0.893858 0.139860 0.893858 0.124320
2 0.752336 0.124320 0.752336 0.139860 0.803405 0.139860 0.803405 0.124320
2 0.688585 0.124320 0.688585 0.139860 0.741656 0.139860 0.741656 0.124320
