0 0.688123 0.721934 0.688123 0.742660 0.697189 0.742660 0.697189 0.721934
0 0.365367 0.447323 0.365367 0.457686 0.375340 0.458261 0.375340 0.742660 0.449683 0.742660 0.449683 0.721934 0.399819 0.721359 0.399819 0.636154 0.476881 0.635579 0.476881 0.623489 0.391659 0.622913 0.391659 0.474957 0.442430 0.474381 0.442430 0.456534 0.458749 0.455959 0.458749 0.447323
0 0.912965 0.063903 0.815050 0.063903 0.815050 0.081174 0.880326 0.081750 0.880326 0.301094 0.825929 0.301670 0.825023 0.337363 0.738894 0.337363 0.738894 0.344272 0.880326 0.344847 0.880326 0.721359 0.854941 0.721934 0.854941 0.742660 0.897552 0.743235 0.897552 0.853771 0.601088 0.853771 0.601088 0.743235 0.611967 0.742660 0.611967 0.721934 0.550317 0.721359 0.550317 0.447323 0.533092 0.447323 0.533092 0.455959 0.536718 0.456534 0.536718 0.622913 0.533998 0.623489 0.533998 0.721359 0.515866 0.721934 0.515866 0.742660 0.586582 0.743235 0.586582 0.861255 0.912965 0.861255
0 0.554850 0.063903 0.554850 0.081174 0.628286 0.081750 0.628286 0.336788 0.626473 0.337363 0.626473 0.344272 0.643699 0.344272 0.643699 0.337363 0.639166 0.336788 0.639166 0.081750 0.650952 0.081174 0.650952 0.063903
0 0.303717 0.063903 0.303717 0.081174 0.366274 0.081750 0.366274 0.336788 0.362647 0.337363 0.362647 0.344272 0.377153 0.344272 0.378060 0.310881 0.533092 0.310881 0.533998 0.344272 0.553037 0.344272 0.553037 0.337363 0.544878 0.336788 0.544878 0.303972 0.377153 0.303397 0.377153 0.081750 0.397099 0.081174 0.397099 0.063903
0 0.102448 0.063903 0.102448 0.351180 0.271985 0.351180 0.272892 0.457686 0.288305 0.457686 0.287398 0.344847 0.289211 0.344272 0.289211 0.337363 0.123300 0.336788 0.123300 0.081750 0.146872 0.081174 0.146872 0.063903
1 0.612874 0.721934 0.612874 0.742660 0.687217 0.742660 0.687217 0.721934
1 0.477788 0.623489 0.477788 0.635579 0.533092 0.635579 0.533092 0.623489
1 0.459655 0.447323 0.459655 0.455959 0.532185 0.455959 0.532185 0.447323
1 0.289211 0.447323 0.289211 0.457686 0.364461 0.457686 0.364461 0.447323
1 0.644606 0.337363 0.644606 0.344272 0.737987 0.344272 0.737987 0.337363
1 0.553944 0.337363 0.553944 0.344272 0.625567 0.344272 0.625567 0.337363
1 0.290118 0.337363 0.290118 0.344272 0.361741 0.344272 0.361741 0.337363
2 0.698096 0.721934 0.698096 0.742660 0.854034 0.742660 0.854034 0.721934
2 0.450589 0.721934 0.450589 0.742660 0.514959 0.742660 0.514959 0.721934
2 0.651859 0.063903 0.651859 0.081174 0.814143 0.081174 0.814143 0.063903
2 0.398005 0.063903 0.398005 0.081174 0.553944 0.081174 0.553944 0.063903
2 0.147779 0.063903 0.147779 0.081174 0.302811 0.081174 0.302811 0.063903
