0 0.772296 0.552169 0.763757 0.552169 0.762808 0.835873 0.234345 0.835873 0.233397 0.703400 0.195446 0.703400 0.195446 0.855803 0.790323 0.855803 0.790323 0.835873 0.772296 0.834701
0 0.959203 0.046893 0.926945 0.046893 0.926945 0.084408 0.944972 0.085580 0.944972 0.398593 0.872865 0.399766 0.872865 0.410317 0.886148 0.411489 0.886148 0.461899 0.944972 0.463072 0.944972 0.834701 0.877609 0.835873 0.877609 0.855803 0.959203 0.855803
0 0.332068 0.399766 0.332068 0.410317 0.630930 0.410317 0.631879 0.341149 0.762808 0.341149 0.763757 0.410317 0.795066 0.410317 0.795066 0.399766 0.772296 0.398593 0.772296 0.313013 0.763757 0.313013 0.762808 0.318875 0.636622 0.317702 0.636622 0.096131 0.754269 0.094959 0.755218 0.211020 0.762808 0.211020 0.763757 0.216882 0.772296 0.216882 0.772296 0.085580 0.867173 0.084408 0.867173 0.046893 0.472486 0.046893 0.472486 0.084408 0.622391 0.085580 0.622391 0.398593
0 0.327324 0.046893 0.195446 0.046893 0.194497 0.084408 0.053131 0.084408 0.052182 0.078546 0.019924 0.078546 0.019924 0.477140 0.194497 0.477140 0.195446 0.487691 0.233397 0.487691 0.233397 0.411489 0.243833 0.410317 0.243833 0.399766 0.233397 0.398593 0.233397 0.365768 0.195446 0.365768 0.194497 0.471278 0.024668 0.470106 0.024668 0.085580 0.051233 0.084408 0.052182 0.105510 0.194497 0.105510 0.195446 0.273154 0.233397 0.273154 0.233397 0.085580 0.327324 0.084408
1 0.791271 0.835873 0.791271 0.855803 0.876660 0.855803 0.876660 0.835873
1 0.796015 0.399766 0.796015 0.410317 0.871917 0.410317 0.871917 0.399766
1 0.244782 0.399766 0.244782 0.410317 0.331120 0.410317 0.331120 0.399766
1 0.195446 0.274326 0.195446 0.364596 0.233397 0.364596 0.233397 0.274326
1 0.763757 0.218054 0.763757 0.311841 0.772296 0.311841 0.772296 0.218054
2 0.195446 0.488863 0.195446 0.702227 0.233397 0.702227 0.233397 0.488863
2 0.868121 0.046893 0.868121 0.084408 0.925996 0.084408 0.925996 0.046893
2 0.328273 0.046893 0.328273 0.084408 0.471537 0.084408 0.471537 0.046893
