0 0.483058 0.813590 0.483058 0.834636 0.612511 0.834636 0.612511 0.813590
0 0.291920 0.675286 0.291920 0.812989 0.258036 0.813590 0.258036 0.834636 0.391833 0.834636 0.391833 0.813590 0.303215 0.812989 0.303215 0.675286
0 0.591659 0.579675 0.591659 0.587492 0.699392 0.587492 0.699392 0.579675
0 0.894005 0.546603 0.863597 0.546603 0.863597 0.812989 0.728063 0.813590 0.728063 0.834636 0.894005 0.834636
0 0.521286 0.216476 0.521286 0.237523 0.523023 0.237523 0.523023 0.216476
0 0.052997 0.216476 0.052997 0.834636 0.137272 0.834636 0.137272 0.813590 0.069505 0.812989 0.069505 0.586290 0.196351 0.585689 0.197220 0.624173 0.291051 0.624173 0.291920 0.625376 0.303215 0.625376 0.307559 0.624173 0.307559 0.614552 0.208514 0.613951 0.208514 0.535779 0.197220 0.535779 0.196351 0.574865 0.070374 0.574865 0.069505 0.484065 0.196351 0.483464 0.197220 0.484666 0.208514 0.484666 0.209383 0.445580 0.383145 0.445580 0.384014 0.613951 0.379670 0.614552 0.379670 0.624173 0.397915 0.624173 0.397915 0.292844 0.384014 0.292844 0.383145 0.437763 0.197220 0.437763 0.196351 0.473842 0.070374 0.473842 0.069505 0.238124 0.191138 0.237523 0.191138 0.216476
0 0.392702 0.045099 0.392702 0.215875 0.312772 0.216476 0.312772 0.237523 0.383145 0.237523 0.384014 0.241130 0.397915 0.241130 0.398784 0.237523 0.434405 0.237523 0.434405 0.216476 0.403997 0.215875 0.404865 0.052916 0.781060 0.053518 0.781060 0.215875 0.754996 0.216476 0.754996 0.237523 0.863597 0.238124 0.863597 0.505713 0.894005 0.505713 0.894005 0.216476 0.792354 0.215875 0.792354 0.045099
1 0.392702 0.813590 0.392702 0.834636 0.482189 0.834636 0.482189 0.813590
1 0.291920 0.625977 0.291920 0.674684 0.303215 0.674684 0.303215 0.625977
1 0.308427 0.614552 0.308427 0.624173 0.378801 0.624173 0.378801 0.614552
1 0.197220 0.485268 0.197220 0.535177 0.208514 0.535177 0.208514 0.485268
1 0.384014 0.241732 0.384014 0.292243 0.397915 0.292243 0.397915 0.241732
1 0.435274 0.216476 0.435274 0.237523 0.520417 0.237523 0.520417 0.216476
2 0.613380 0.813590 0.613380 0.834636 0.727194 0.834636 0.727194 0.813590
2 0.138141 0.813590 0.138141 0.834636 0.257168 0.834636 0.257168 0.813590
2 0.863597 0.506314 0.863597 0.546001 0.894005 0.546001 0.894005 0.506314
2 0.523892 0.216476 0.523892 0.237523 0.754127 0.237523 0.754127 0.216476
2 0.192007 0.216476 0.192007 0.237523 0.311903 0.237523 0.311903 0.216476
