0 0.683393 0.910741 0.683393 0.953858 0.702509 0.953858 0.702509 0.945537 0.696535 0.944781 0.696535 0.910741
0 0.455197 0.667927 0.438471 0.667927 0.438471 0.785174 0.379928 0.785930 0.379928 0.810893 0.452808 0.810893 0.452808 0.801059 0.458781 0.800303 0.458781 0.785930 0.452808 0.785174 0.452808 0.677761 0.455197 0.677005
0 0.618877 0.649017 0.598566 0.661876 0.597372 0.667927 0.572282 0.667927 0.572282 0.677005 0.598566 0.677761 0.598566 0.785174 0.575866 0.785930 0.575866 0.810893 0.612903 0.810893 0.614098 0.664145 0.604540 0.658094
0 0.659498 0.173979 0.498208 0.173979 0.498208 0.183812 0.491039 0.184569 0.491039 0.197428 0.545998 0.198185 0.545998 0.490923 0.563919 0.490923 0.563919 0.481846 0.560335 0.481089 0.560335 0.198185 0.659498 0.197428
0 0.385902 0.173979 0.385902 0.197428 0.393070 0.197428 0.393070 0.184569 0.389486 0.183812 0.389486 0.173979
0 0.971326 0.053707 0.956989 0.053707 0.956989 0.173222 0.845878 0.173979 0.845878 0.197428 0.953405 0.198185 0.953405 0.481089 0.669056 0.481846 0.669056 0.490923 0.745520 0.491679 0.745520 0.611195 0.676225 0.611952 0.666667 0.618003 0.676225 0.624811 0.682198 0.621029 0.767025 0.621029 0.767025 0.611952 0.762246 0.611195 0.763441 0.494705 0.953405 0.495461 0.953405 0.611195 0.845878 0.611952 0.845878 0.621029 0.953405 0.621785 0.953405 0.785174 0.684588 0.785930 0.683393 0.841906 0.696535 0.841906 0.697730 0.810893 0.961768 0.810893 0.962963 0.944781 0.771804 0.945537 0.771804 0.953858 0.977300 0.953858 0.977300 0.811649 0.984468 0.810893 0.984468 0.173979 0.971326 0.173222
0 0.052569 0.040091 0.052569 0.173222 0.038232 0.173979 0.038232 0.810893 0.054958 0.811649 0.054958 0.929652 0.068100 0.929652 0.068100 0.811649 0.154122 0.810893 0.154122 0.785930 0.068100 0.785174 0.068100 0.578669 0.106332 0.577912 0.107527 0.552950 0.437276 0.552950 0.438471 0.597579 0.452808 0.597579 0.452808 0.543873 0.068100 0.543116 0.068100 0.198185 0.130227 0.197428 0.130227 0.173979 0.066906 0.173222 0.066906 0.040091
1 0.683393 0.842663 0.683393 0.909985 0.696535 0.909985 0.696535 0.842663
1 0.459976 0.785930 0.459976 0.800303 0.574671 0.800303 0.574671 0.785930
1 0.456392 0.667927 0.456392 0.677005 0.571087 0.677005 0.571087 0.667927
1 0.665472 0.618759 0.605735 0.658094 0.615293 0.664145 0.676225 0.625567
1 0.768220 0.611952 0.768220 0.621029 0.844683 0.621029 0.844683 0.611952
1 0.565114 0.481846 0.565114 0.490923 0.667861 0.490923 0.667861 0.481846
1 0.394265 0.184569 0.394265 0.197428 0.489845 0.197428 0.489845 0.184569
2 0.703704 0.945537 0.703704 0.953858 0.770609 0.953858 0.770609 0.945537
2 0.614098 0.785930 0.614098 0.810893 0.683393 0.810136 0.683393 0.785930
2 0.155317 0.785930 0.155317 0.810893 0.378734 0.810893 0.378734 0.785930
2 0.660693 0.173979 0.660693 0.197428 0.844683 0.197428 0.844683 0.173979
2 0.131422 0.173979 0.131422 0.197428 0.384707 0.197428 0.384707 0.173979
