0 0.488062 0.834838 0.488062 0.858303 0.492504 0.858303 0.492504 0.834838
0 0.434203 0.834838 0.434203 0.858303 0.439756 0.858303 0.439756 0.834838
0 0.963909 0.808664 0.949473 0.808664 0.948917 0.834838 0.898945 0.834838 0.898945 0.858303 0.963909 0.858303
0 0.730705 0.697653 0.730705 0.707581 0.757357 0.708484 0.757357 0.833935 0.724042 0.834838 0.724042 0.858303 0.820100 0.858303 0.820100 0.834838 0.763465 0.833935 0.763465 0.697653
0 0.642421 0.697653 0.642421 0.707581 0.676846 0.708484 0.676846 0.833935 0.642421 0.834838 0.642421 0.858303 0.689617 0.858303 0.689617 0.834838 0.682399 0.833935 0.682399 0.708484 0.684620 0.707581 0.684620 0.697653
0 0.591893 0.615523 0.585786 0.615523 0.585786 0.833935 0.538590 0.834838 0.538590 0.858303 0.594114 0.858303 0.594114 0.834838 0.591893 0.833935 0.591893 0.708484 0.593559 0.707581 0.593559 0.697653 0.591893 0.696751
0 0.377568 0.592960 0.371460 0.592960 0.371460 0.833935 0.353137 0.834838 0.353137 0.858303 0.385341 0.858303 0.385341 0.834838 0.377568 0.833935
0 0.963909 0.750903 0.963909 0.584838 0.949473 0.584838 0.948917 0.611011 0.766796 0.611011 0.761799 0.602888 0.757357 0.606498 0.757357 0.623646 0.763465 0.623646 0.764020 0.619134 0.765130 0.620939 0.948917 0.620939 0.949473 0.750903
0 0.614659 0.316787 0.614659 0.397112 0.715713 0.398014 0.715713 0.542419 0.721821 0.552347 0.725708 0.546931 0.721266 0.538809 0.721821 0.397112 0.948917 0.397112 0.949473 0.455776 0.963909 0.455776 0.963909 0.375451 0.867851 0.375451 0.867296 0.318592 0.853415 0.318592 0.852860 0.388087 0.620766 0.388087 0.620211 0.316787
0 0.014992 0.289711 0.014992 0.402527 0.081621 0.402527 0.081621 0.377256 0.028318 0.376354 0.028318 0.289711
0 0.014992 0.212996 0.028318 0.212996 0.028873 0.155235 0.141033 0.155235 0.141033 0.131769 0.014992 0.131769
0 0.710716 0.241877 0.739034 0.241877 0.739589 0.192238 0.852860 0.192238 0.853415 0.246390 0.867296 0.246390 0.867851 0.037906 0.960577 0.038809 0.960577 0.231047 0.963909 0.231047 0.963909 0.032491 0.803443 0.032491 0.803443 0.055054 0.853415 0.055957 0.853415 0.182310 0.739589 0.183213 0.739034 0.131769 0.731816 0.131769 0.731816 0.231047 0.710716 0.231949
0 0.690727 0.032491 0.690727 0.062274 0.731260 0.062274 0.731816 0.065884 0.739034 0.065884 0.739589 0.055054 0.772904 0.055054 0.772904 0.032491
0 0.584675 0.032491 0.584675 0.055054 0.614659 0.055957 0.614659 0.245487 0.620211 0.245487 0.620766 0.241877 0.667407 0.241877 0.667407 0.231949 0.620211 0.231047 0.620211 0.155235 0.666297 0.154332 0.666297 0.145307 0.620211 0.144404 0.620211 0.063177 0.659078 0.062274 0.659078 0.032491
0 0.493615 0.032491 0.348140 0.032491 0.348140 0.055054 0.371460 0.055957 0.371460 0.293321 0.377568 0.293321 0.377568 0.055957 0.493615 0.055054
0 0.204886 0.032491 0.204886 0.130866 0.188229 0.131769 0.188229 0.155235 0.209883 0.156137 0.209883 0.376354 0.120489 0.377256 0.120489 0.402527 0.207107 0.403430 0.207107 0.858303 0.273737 0.858303 0.273737 0.834838 0.219323 0.833935 0.219323 0.489170 0.300944 0.488267 0.300944 0.479242 0.219878 0.479242 0.219323 0.398014 0.370905 0.397112 0.371460 0.478339 0.337590 0.479242 0.337590 0.488267 0.370905 0.488267 0.371460 0.517148 0.377568 0.517148 0.377568 0.448556 0.398112 0.447653 0.398667 0.397112 0.550250 0.397112 0.550250 0.388087 0.378123 0.388087 0.377568 0.368231 0.371460 0.368231 0.370905 0.388087 0.219878 0.388087 0.219323 0.055957 0.267074 0.055054 0.267074 0.032491
1 0.594670 0.834838 0.594670 0.858303 0.641866 0.858303 0.641866 0.834838
1 0.685175 0.697653 0.685175 0.707581 0.730150 0.707581 0.730150 0.697653
1 0.594114 0.697653 0.594114 0.707581 0.641866 0.707581 0.641866 0.697653
1 0.757357 0.624549 0.757357 0.696751 0.763465 0.696751 0.763465 0.624549
1 0.722376 0.553249 0.756802 0.607401 0.761244 0.601986 0.726263 0.546931
1 0.371460 0.518051 0.371460 0.592058 0.377568 0.592058 0.377568 0.518051
1 0.301499 0.479242 0.301499 0.488267 0.337035 0.488267 0.337035 0.479242
1 0.082177 0.377256 0.082177 0.402527 0.119933 0.402527 0.119933 0.377256
1 0.371460 0.294224 0.371460 0.367329 0.377568 0.367329 0.377568 0.294224
1 0.853415 0.247292 0.853415 0.317690 0.867296 0.317690 0.867296 0.247292
1 0.614659 0.246390 0.614659 0.315884 0.620211 0.315884 0.620211 0.246390
1 0.667962 0.231949 0.667962 0.241877 0.710161 0.241877 0.710161 0.231949
1 0.731816 0.066787 0.731816 0.130866 0.739034 0.130866 0.739034 0.066787
2 0.820655 0.834838 0.820655 0.858303 0.898390 0.858303 0.898390 0.834838
2 0.690172 0.834838 0.690172 0.858303 0.723487 0.858303 0.723487 0.834838
2 0.493059 0.834838 0.493059 0.858303 0.538034 0.858303 0.538034 0.834838
2 0.440311 0.834838 0.440311 0.858303 0.487507 0.858303 0.487507 0.834838
2 0.385897 0.834838 0.385897 0.858303 0.433648 0.858303 0.433648 0.834838
2 0.274292 0.834838 0.274292 0.858303 0.352582 0.858303 0.352582 0.834838
2 0.949473 0.751805 0.949473 0.807762 0.963909 0.807762 0.963909 0.751805
2 0.949473 0.456679 0.949473 0.583935 0.963909 0.583935 0.963909 0.456679
2 0.014992 0.213899 0.014992 0.288809 0.028318 0.288809 0.028318 0.213899
2 0.141588 0.131769 0.141588 0.155235 0.187674 0.155235 0.187674 0.131769
2 0.773459 0.032491 0.773459 0.055054 0.802887 0.055054 0.802887 0.032491
2 0.659634 0.032491 0.659634 0.062274 0.690172 0.062274 0.690172 0.032491
2 0.494170 0.032491 0.494170 0.055054 0.584120 0.055054 0.584120 0.032491
2 0.267629 0.032491 0.267629 0.055054 0.347585 0.055054 0.347585 0.032491
