0 0.406730 0.546411 0.401417 0.546411 0.400826 0.790431 0.208973 0.790431 0.208383 0.644019 0.195986 0.644019 0.195986 0.813397 0.414404 0.813397 0.414404 0.799043 0.406730 0.798086
0 0.401417 0.399043 0.401417 0.472727 0.406730 0.472727 0.406730 0.399043
0 0.195986 0.398086 0.195986 0.508134 0.208383 0.508134 0.208383 0.398086
0 0.820543 0.362679 0.820543 0.367464 0.833530 0.367464 0.833530 0.362679
0 0.195986 0.110048 0.195986 0.254545 0.208383 0.254545 0.208973 0.124402 0.400826 0.124402 0.401417 0.330144 0.406730 0.330144 0.407320 0.324402 0.459268 0.324402 0.459268 0.315789 0.422078 0.314833 0.422078 0.125359 0.524793 0.124402 0.525384 0.314833 0.500000 0.315789 0.500000 0.324402 0.524793 0.324402 0.525384 0.336842 0.530697 0.336842 0.531287 0.124402 0.819953 0.124402 0.820543 0.173206 0.833530 0.173206 0.834120 0.124402 0.930933 0.125359 0.930342 0.496651 0.834120 0.496651 0.833530 0.446890 0.820543 0.446890 0.819953 0.524402 0.531287 0.524402 0.530697 0.409569 0.525384 0.409569 0.525384 0.523445 0.476387 0.524402 0.476387 0.798086 0.464581 0.799043 0.464581 0.813397 0.485242 0.813397 0.485832 0.538756 0.833530 0.538756 0.834120 0.511005 0.936246 0.511005 0.936246 0.110048
1 0.414994 0.799043 0.414994 0.813397 0.463991 0.813397 0.463991 0.799043
1 0.401417 0.473684 0.401417 0.545455 0.406730 0.545455 0.406730 0.473684
1 0.820543 0.368421 0.820543 0.445933 0.833530 0.445933 0.833530 0.368421
1 0.525384 0.337799 0.525384 0.408612 0.530697 0.408612 0.530697 0.337799
1 0.401417 0.331100 0.401417 0.398086 0.406730 0.398086 0.406730 0.331100
1 0.459858 0.315789 0.459858 0.324402 0.499410 0.324402 0.499410 0.315789
2 0.195986 0.509091 0.195986 0.643062 0.208383 0.643062 0.208383 0.509091
2 0.195986 0.255502 0.195986 0.397129 0.208383 0.397129 0.208383 0.255502
2 0.820543 0.174163 0.820543 0.361722 0.833530 0.361722 0.833530 0.174163
