0 0.204798 0.486895 0.204798 0.544355 0.214745 0.544355 0.214745 0.540827 0.209479 0.540323 0.209479 0.486895
0 0.274429 0.471270 0.274429 0.591734 0.272089 0.592238 0.272089 0.599798 0.274429 0.600302 0.274429 0.656754 0.267993 0.657258 0.267993 0.671875 0.297835 0.671875 0.297835 0.657258 0.283207 0.656754 0.283207 0.471270
0 0.458163 0.202117 0.134582 0.202117 0.134582 0.671875 0.136337 0.672379 0.136337 0.889617 0.278525 0.889617 0.278525 0.837702 0.267408 0.837702 0.266823 0.881552 0.142774 0.881048 0.143359 0.745464 0.266823 0.745464 0.267408 0.793851 0.278525 0.793851 0.278525 0.739415 0.143944 0.738911 0.143944 0.672379 0.218841 0.671875 0.218841 0.657258 0.145699 0.656754 0.145699 0.600302 0.221767 0.599798 0.221767 0.592238 0.145699 0.591734 0.145699 0.348286 0.190755 0.347782 0.190755 0.340222 0.145699 0.339718 0.145699 0.220262 0.320070 0.219758 0.320655 0.276210 0.329432 0.276210 0.330018 0.227823 0.440609 0.228327 0.440023 0.316532 0.330018 0.316532 0.329432 0.311492 0.320655 0.311492 0.320070 0.340222 0.234055 0.340222 0.234055 0.347782 0.273844 0.347782 0.274429 0.367440 0.283207 0.367440 0.283792 0.347782 0.329432 0.347782 0.330018 0.324093 0.447045 0.324597 0.446460 0.419859 0.283792 0.419859 0.283207 0.398185 0.274429 0.398185 0.274429 0.429940 0.283207 0.429940 0.283792 0.425907 0.447045 0.426411 0.447045 0.656754 0.393212 0.657258 0.393212 0.671875 0.458163 0.671875
0 0.623171 0.201109 0.623171 0.217238 0.658865 0.217742 0.658865 0.258569 0.664131 0.259073 0.664131 0.415827 0.662961 0.416331 0.662961 0.422883 0.671738 0.422883 0.671738 0.217742 0.685781 0.217238 0.685781 0.201109
0 0.566413 0.201109 0.566413 0.217238 0.571094 0.217238 0.571094 0.201109
0 0.812171 0.069052 0.804564 0.069052 0.804564 0.200605 0.779403 0.201109 0.779403 0.217238 0.807490 0.217742 0.807490 0.656250 0.758338 0.656754 0.758338 0.672379 0.820948 0.672379 0.820948 0.201109 0.812171 0.200605
0 0.493856 0.069052 0.493856 0.672379 0.626097 0.672379 0.626097 0.656754 0.507899 0.656250 0.507899 0.594758 0.572264 0.594254 0.572264 0.474294 0.581627 0.473790 0.581627 0.468750 0.566413 0.468750 0.566413 0.588710 0.508484 0.589214 0.507899 0.423387 0.618490 0.422883 0.618490 0.416331 0.507899 0.415827 0.507899 0.217742 0.513751 0.217238 0.513751 0.201109 0.501463 0.200605 0.501463 0.069052
1 0.267408 0.794355 0.267408 0.837198 0.278525 0.837198 0.278525 0.794355
1 0.219427 0.657258 0.219427 0.671875 0.267408 0.671875 0.267408 0.657258
1 0.222352 0.592238 0.222352 0.599798 0.271504 0.599798 0.271504 0.592238
1 0.274429 0.430444 0.274429 0.470766 0.283207 0.470766 0.283207 0.430444
1 0.619075 0.416331 0.619075 0.422883 0.662376 0.422883 0.662376 0.416331
1 0.274429 0.367944 0.274429 0.397681 0.283207 0.397681 0.283207 0.367944
1 0.191340 0.340222 0.191340 0.347782 0.233470 0.347782 0.233470 0.340222
1 0.320655 0.276714 0.320655 0.310988 0.329432 0.310988 0.329432 0.276714
1 0.571679 0.201109 0.571679 0.217238 0.622586 0.217238 0.622586 0.201109
2 0.298420 0.657258 0.298420 0.671875 0.392627 0.671875 0.392627 0.657258
2 0.626682 0.656754 0.626682 0.672379 0.757753 0.672379 0.757753 0.656754
2 0.686366 0.201109 0.686366 0.217238 0.778818 0.217238 0.778818 0.201109
2 0.514336 0.201109 0.514336 0.217238 0.565828 0.217238 0.565828 0.201109
