0 0.873690 0.626492 0.873690 0.630072 0.884750 0.630072 0.884750 0.626492
0 0.035506 0.529833 0.035506 0.653938 0.391735 0.653938 0.392317 0.856802 0.448196 0.856802 0.448196 0.838902 0.401048 0.837709 0.401048 0.636038 0.052969 0.636038 0.052386 0.529833
0 0.661816 0.511933 0.661816 0.534606 0.667055 0.534606 0.667637 0.527446 0.873108 0.527446 0.873690 0.531026 0.884750 0.531026 0.884750 0.515513 0.667637 0.516706 0.667055 0.511933
0 0.380675 0.415274 0.380675 0.498807 0.468568 0.498807 0.468568 0.486874 0.387078 0.486874 0.386496 0.415274
0 0.629220 0.132458 0.629220 0.170644 0.661816 0.171838 0.661816 0.404535 0.626892 0.405728 0.626892 0.416468 0.661234 0.416468 0.661816 0.418854 0.667055 0.418854 0.667637 0.170644 0.873108 0.170644 0.873690 0.268496 0.884750 0.268496 0.885332 0.170644 0.968568 0.171838 0.968568 0.837709 0.885332 0.838902 0.884750 0.826969 0.873690 0.826969 0.873108 0.838902 0.667637 0.838902 0.667055 0.627685 0.661816 0.627685 0.661234 0.632458 0.627474 0.632458 0.627474 0.643198 0.661816 0.644391 0.661234 0.838902 0.570431 0.838902 0.569849 0.804296 0.552386 0.803103 0.552386 0.644391 0.587311 0.643198 0.587311 0.632458 0.547148 0.632458 0.547148 0.837709 0.500582 0.838902 0.500582 0.856802 0.974389 0.856802 0.974389 0.152745 0.885332 0.152745 0.884750 0.132458
0 0.513970 0.132458 0.513970 0.170644 0.548312 0.171838 0.548312 0.485680 0.511059 0.486874 0.511059 0.498807 0.554133 0.498807 0.554133 0.417661 0.586729 0.416468 0.586729 0.405728 0.554133 0.404535 0.554133 0.251790 0.577998 0.250597 0.579162 0.132458
0 0.356810 0.132458 0.356810 0.170644 0.415017 0.170644 0.415017 0.132458
0 0.035506 0.255370 0.052386 0.255370 0.052969 0.170644 0.305006 0.170644 0.305006 0.132458 0.035506 0.132458
1 0.448778 0.838902 0.448778 0.856802 0.500000 0.856802 0.500000 0.838902
1 0.587893 0.632458 0.587893 0.643198 0.626892 0.643198 0.626892 0.632458
1 0.661816 0.535800 0.661816 0.626492 0.667055 0.626492 0.667055 0.535800
1 0.873690 0.532220 0.873690 0.625298 0.884750 0.625298 0.884750 0.532220
1 0.469150 0.486874 0.469150 0.498807 0.510477 0.498807 0.510477 0.486874
1 0.661816 0.420048 0.661816 0.510740 0.667055 0.510740 0.667055 0.420048
1 0.587311 0.405728 0.587311 0.416468 0.626310 0.416468 0.626310 0.405728
2 0.873690 0.631265 0.873690 0.825776 0.884750 0.825776 0.884750 0.631265
2 0.873690 0.269690 0.873690 0.514320 0.884750 0.514320 0.884750 0.269690
2 0.035506 0.256563 0.035506 0.528640 0.052386 0.528640 0.052386 0.256563
2 0.579744 0.132458 0.579744 0.170644 0.628638 0.170644 0.628638 0.132458
2 0.415600 0.132458 0.415600 0.170644 0.513388 0.170644 0.513388 0.132458
2 0.305588 0.132458 0.305588 0.170644 0.356228 0.170644 0.356228 0.132458
