0 0.685412 0.480043 0.685412 0.493880 0.692650 0.493880 0.692650 0.480043
0 0.268931 0.365088 0.268931 0.416179 0.255011 0.416711 0.255011 0.422565 0.268931 0.423097 0.268931 0.478446 0.255011 0.478978 0.255011 0.492283 0.260022 0.492815 0.260022 0.555082 0.306793 0.555082 0.306793 0.540713 0.275056 0.540181 0.275056 0.365088
0 0.374165 0.262906 0.374165 0.265035 0.420379 0.265035 0.420379 0.262906
0 0.723831 0.070250 0.723831 0.084619 0.768931 0.085152 0.768931 0.145822 0.752784 0.146354 0.752784 0.226184 0.758909 0.226184 0.759465 0.220862 0.796771 0.220862 0.796771 0.215008 0.758909 0.214476 0.758909 0.152741 0.775056 0.152209 0.775056 0.085152 0.825167 0.084619 0.825167 0.070250
0 0.695434 0.070250 0.627506 0.070250 0.627506 0.084619 0.651448 0.085152 0.651448 0.162853 0.649220 0.165514 0.653118 0.169239 0.657572 0.165514 0.658129 0.152209 0.690980 0.152209 0.690980 0.146887 0.657572 0.146354 0.657572 0.085152 0.695434 0.084619
0 0.538419 0.070250 0.538419 0.493880 0.540646 0.494412 0.540646 0.659925 0.648107 0.659925 0.648664 0.561469 0.747773 0.561469 0.748330 0.556147 0.791203 0.556147 0.791203 0.542842 0.758909 0.542310 0.759465 0.424694 0.955457 0.424694 0.956013 0.542310 0.923719 0.542842 0.923719 0.556147 0.967149 0.556147 0.967149 0.070250 0.903118 0.070250 0.903118 0.084619 0.956013 0.085152 0.956013 0.214476 0.841314 0.215008 0.841314 0.220862 0.856347 0.221394 0.856347 0.268228 0.902561 0.268760 0.902004 0.273550 0.858018 0.273550 0.858018 0.275679 0.908686 0.275679 0.908686 0.266099 0.858575 0.265567 0.859131 0.222991 0.953786 0.223523 0.953786 0.316658 0.859131 0.317190 0.859131 0.319319 0.956013 0.319851 0.956013 0.418840 0.759465 0.419372 0.758909 0.355508 0.752784 0.355508 0.752784 0.479510 0.739421 0.480043 0.739421 0.493880 0.743875 0.494412 0.743875 0.555615 0.641982 0.556147 0.641982 0.654071 0.546214 0.654071 0.546214 0.494412 0.605234 0.493880 0.605234 0.480043 0.548998 0.479510 0.548998 0.278340 0.752227 0.277807 0.752784 0.312400 0.758909 0.312400 0.758909 0.269292 0.752784 0.269292 0.752227 0.271953 0.610802 0.271953 0.610245 0.247472 0.604677 0.247472 0.604120 0.255987 0.549555 0.255987 0.549555 0.196381 0.624722 0.196381 0.628619 0.192123 0.625278 0.188398 0.622494 0.190527 0.548998 0.189995 0.548998 0.085152 0.599109 0.084619 0.599109 0.070250
0 0.421492 0.068121 0.421492 0.082491 0.471604 0.083023 0.471604 0.212347 0.325167 0.212879 0.325167 0.218201 0.471604 0.218733 0.471604 0.540181 0.439866 0.540713 0.439866 0.555082 0.473831 0.555615 0.473831 0.662054 0.479399 0.662054 0.479399 0.555615 0.481626 0.555082 0.481626 0.068121
0 0.213252 0.068121 0.213252 0.082491 0.268931 0.083023 0.268931 0.218201 0.280624 0.218201 0.280624 0.212879 0.274499 0.212347 0.274499 0.083023 0.342984 0.082491 0.342984 0.068121
0 0.134187 0.068121 0.055679 0.068121 0.055679 0.872272 0.064031 0.872272 0.064031 0.663651 0.212695 0.663119 0.212695 0.649814 0.168151 0.649814 0.167595 0.643427 0.154788 0.643427 0.154232 0.650878 0.065702 0.650346 0.065702 0.490154 0.154788 0.490154 0.154788 0.600319 0.167595 0.600319 0.167595 0.492815 0.203229 0.492283 0.203229 0.478978 0.160913 0.478446 0.160913 0.423097 0.203786 0.422565 0.203786 0.416711 0.149220 0.416711 0.149220 0.422565 0.154788 0.423097 0.154232 0.478978 0.065702 0.478446 0.065702 0.423097 0.103563 0.422565 0.103563 0.416711 0.065702 0.416179 0.065702 0.341671 0.129176 0.341139 0.129176 0.335817 0.065702 0.335285 0.065702 0.276743 0.193207 0.276211 0.193764 0.335285 0.168708 0.335817 0.168708 0.341139 0.199332 0.341139 0.199332 0.270889 0.065702 0.270357 0.065702 0.083023 0.134187 0.082491
1 0.154788 0.600852 0.154788 0.642895 0.167595 0.642895 0.167595 0.600852
1 0.693207 0.480043 0.693207 0.493880 0.738864 0.493880 0.738864 0.480043
1 0.203786 0.478978 0.203786 0.492283 0.254454 0.492283 0.254454 0.478978
1 0.204343 0.416711 0.204343 0.422565 0.254454 0.422565 0.254454 0.416711
1 0.104120 0.416711 0.104120 0.422565 0.148664 0.422565 0.148664 0.416711
1 0.129733 0.335817 0.129733 0.341139 0.168151 0.341139 0.168151 0.335817
1 0.752784 0.312932 0.752784 0.354976 0.758909 0.354976 0.758909 0.312932
1 0.752784 0.226716 0.752784 0.268760 0.758909 0.268760 0.758909 0.226716
1 0.797327 0.215008 0.797327 0.220862 0.840757 0.220862 0.840757 0.215008
1 0.281180 0.212879 0.281180 0.218201 0.324610 0.218201 0.324610 0.212879
1 0.604677 0.196913 0.604677 0.246940 0.610245 0.246940 0.610245 0.196913
1 0.648664 0.165514 0.625278 0.187866 0.629176 0.192123 0.653118 0.169771
2 0.791759 0.542842 0.791759 0.556147 0.923163 0.556147 0.923163 0.542842
2 0.307350 0.540713 0.307350 0.555082 0.439310 0.555082 0.439310 0.540713
2 0.605791 0.480043 0.605791 0.493880 0.684855 0.493880 0.684855 0.480043
2 0.825724 0.070250 0.825724 0.084619 0.902561 0.084619 0.902561 0.070250
2 0.695991 0.070250 0.695991 0.084619 0.723274 0.084619 0.723274 0.070250
2 0.599666 0.070250 0.599666 0.084619 0.626949 0.084619 0.626949 0.070250
2 0.343541 0.068121 0.343541 0.082491 0.420935 0.082491 0.420935 0.068121
2 0.134744 0.068121 0.134744 0.082491 0.212695 0.082491 0.212695 0.068121
