0 0.295157 0.738631 0.239529 0.739514 0.239529 0.745254 0.280759 0.745695 0.280759 0.965563 0.241492 0.966004 0.241492 0.975717 0.295157 0.975717
0 0.726440 0.661369 0.726440 0.674172 0.776832 0.674172 0.776832 0.661369
0 0.278796 0.602208 0.270942 0.602208 0.270288 0.661369 0.051047 0.661369 0.050393 0.589845 0.031414 0.589845 0.031414 0.975717 0.104712 0.975717 0.104712 0.966004 0.050393 0.965563 0.050393 0.745695 0.162958 0.745254 0.162958 0.739514 0.051047 0.739514 0.050393 0.670640 0.280105 0.670199 0.280759 0.707726 0.295157 0.707726 0.295157 0.674614 0.323953 0.674172 0.323953 0.661369 0.278796 0.660927
0 0.583115 0.558940 0.583115 0.573068 0.572644 0.573510 0.572644 0.578366 0.583115 0.578808 0.583115 0.623841 0.570026 0.624283 0.570026 0.630464 0.571990 0.630905 0.571990 0.674172 0.634817 0.674172 0.634817 0.661369 0.590969 0.660927 0.590969 0.558940
0 0.583115 0.528035 0.619764 0.527594 0.620419 0.501545 0.747382 0.501545 0.747382 0.496247 0.583115 0.496247 0.583115 0.501987 0.613874 0.501987 0.613874 0.523179 0.591623 0.523620 0.590969 0.521854 0.583115 0.521854
0 0.403141 0.496247 0.403141 0.501545 0.477094 0.501987 0.477094 0.660927 0.433901 0.661369 0.433901 0.674172 0.496073 0.674172 0.496073 0.630905 0.498037 0.630464 0.498037 0.624283 0.484948 0.623841 0.484948 0.578808 0.497382 0.578366 0.497382 0.573510 0.484948 0.573068 0.484948 0.496247
0 0.250000 0.496247 0.250000 0.501545 0.352749 0.501545 0.352749 0.496247
0 0.189136 0.463135 0.180628 0.463135 0.179974 0.496247 0.051047 0.496247 0.050393 0.491391 0.031414 0.491391 0.031414 0.515232 0.050393 0.515232 0.051047 0.501545 0.200916 0.501545 0.200916 0.496247 0.189136 0.495806
0 0.849476 0.252097 0.849476 0.264459 0.933246 0.264901 0.933246 0.426490 0.774215 0.426932 0.773560 0.409713 0.765707 0.409713 0.765707 0.432230 0.822644 0.432230 0.823298 0.458278 0.831152 0.458278 0.831806 0.432230 0.933246 0.432671 0.933246 0.522296 0.831806 0.522737 0.831152 0.486093 0.823298 0.486093 0.823298 0.528035 0.933246 0.528477 0.933246 0.660927 0.888743 0.661369 0.888743 0.674172 0.952225 0.674172 0.952225 0.252097
0 0.765052 0.252097 0.765707 0.370861 0.773560 0.370861 0.773560 0.264901 0.774869 0.264459 0.774869 0.252097
0 0.482330 0.250331 0.482330 0.264459 0.519634 0.264901 0.519634 0.359382 0.480366 0.359823 0.480366 0.363797 0.519634 0.364238 0.519634 0.402208 0.480366 0.402649 0.480366 0.432230 0.488220 0.432230 0.488874 0.407947 0.609293 0.407947 0.609948 0.432230 0.617801 0.432230 0.617801 0.402649 0.527487 0.402208 0.527487 0.264901 0.596859 0.264459 0.596859 0.252097 0.498691 0.252097 0.498037 0.250331
0 0.031414 0.247682 0.031414 0.438411 0.050393 0.438411 0.051047 0.432230 0.179974 0.432230 0.180628 0.436645 0.189136 0.436645 0.189791 0.432230 0.402487 0.432230 0.401832 0.285651 0.191754 0.285651 0.191099 0.267108 0.183246 0.267108 0.182592 0.280353 0.051047 0.280353 0.050393 0.247682
0 0.482330 0.211921 0.482330 0.217660 0.498037 0.217660 0.498037 0.211921
0 0.031414 0.196909 0.050393 0.196909 0.051047 0.182340 0.083115 0.182340 0.083115 0.175717 0.051047 0.175717 0.050393 0.169095 0.031414 0.169095
0 0.482330 0.159823 0.482330 0.160706 0.498037 0.160706 0.498037 0.159823
0 0.031414 0.120971 0.050393 0.120971 0.051047 0.102870 0.178665 0.103311 0.178665 0.175276 0.125654 0.175717 0.125654 0.182340 0.183246 0.182781 0.183246 0.237528 0.191099 0.237528 0.191099 0.106402 0.243455 0.105960 0.244110 0.084327 0.291230 0.084327 0.291885 0.107285 0.299738 0.107285 0.300393 0.096247 0.321335 0.096247 0.321335 0.090949 0.299738 0.090508 0.299738 0.072848 0.291885 0.072848 0.291230 0.079029 0.191099 0.078587 0.191099 0.005740 0.291230 0.005298 0.291885 0.042826 0.299738 0.042826 0.300393 0.005298 0.414267 0.005298 0.414921 0.090508 0.365183 0.090949 0.365183 0.096247 0.426702 0.096247 0.426702 0.090949 0.422775 0.090508 0.422775 0.005740 0.481675 0.005298 0.482330 0.090508 0.462696 0.090949 0.462696 0.096247 0.498037 0.096689 0.498037 0.000000 0.114529 0.000000 0.114529 0.005298 0.183246 0.005740 0.183246 0.095806 0.051047 0.096247 0.050393 0.091832 0.031414 0.091832
0 0.031414 0.000000 0.031414 0.055629 0.050393 0.055629 0.050393 0.005740 0.067408 0.005298 0.067408 0.000000
1 0.105366 0.966004 0.105366 0.975717 0.240838 0.975717 0.240838 0.966004
1 0.163613 0.739514 0.163613 0.745254 0.238874 0.745254 0.238874 0.739514
1 0.280759 0.708168 0.280759 0.738190 0.295157 0.738190 0.295157 0.708168
1 0.498691 0.624283 0.498691 0.630464 0.569372 0.630464 0.569372 0.624283
1 0.517016 0.573510 0.517016 0.578366 0.571990 0.578366 0.571990 0.573510
1 0.498037 0.573510 0.498037 0.578366 0.515707 0.578366 0.515707 0.573510
1 0.583115 0.528477 0.583115 0.558499 0.590969 0.558499 0.590969 0.528477
1 0.583115 0.502428 0.583115 0.521413 0.590969 0.521413 0.590969 0.502428
1 0.353403 0.496247 0.353403 0.501545 0.402487 0.501545 0.402487 0.496247
1 0.201571 0.496247 0.201571 0.501545 0.249346 0.501545 0.249346 0.496247
1 0.823298 0.458720 0.823298 0.485651 0.831152 0.485651 0.831152 0.458720
1 0.180628 0.437086 0.180628 0.462693 0.189136 0.462693 0.189136 0.437086
1 0.403141 0.426932 0.403141 0.432230 0.479712 0.432230 0.479712 0.426932
1 0.765707 0.371302 0.765707 0.409272 0.773560 0.409272 0.773560 0.371302
1 0.480366 0.364238 0.480366 0.402208 0.486257 0.402208 0.486257 0.364238
1 0.183246 0.237969 0.183246 0.266667 0.191099 0.266667 0.191099 0.237969
1 0.482330 0.218102 0.482330 0.249890 0.498037 0.249890 0.498037 0.218102
1 0.083770 0.175717 0.083770 0.182340 0.125000 0.182340 0.125000 0.175717
1 0.427356 0.090949 0.427356 0.096247 0.462042 0.096247 0.462042 0.090949
1 0.321990 0.090949 0.321990 0.096247 0.364529 0.096247 0.364529 0.090949
1 0.291885 0.043267 0.291885 0.072406 0.299738 0.072406 0.299738 0.043267
1 0.068063 0.000000 0.068063 0.005298 0.113874 0.005298 0.113874 0.000000
2 0.777487 0.661369 0.777487 0.674172 0.888089 0.674172 0.888089 0.661369
2 0.635471 0.661369 0.635471 0.674172 0.725785 0.674172 0.725785 0.661369
2 0.324607 0.661369 0.324607 0.674172 0.433246 0.674172 0.433246 0.661369
2 0.031414 0.515673 0.031414 0.589404 0.050393 0.589404 0.050393 0.515673
2 0.031414 0.438852 0.031414 0.490949 0.050393 0.490949 0.050393 0.438852
2 0.775524 0.252097 0.775524 0.264459 0.848822 0.264459 0.848822 0.252097
2 0.597513 0.252097 0.597513 0.264459 0.764398 0.264459 0.764398 0.252097
2 0.031414 0.197351 0.031414 0.247241 0.050393 0.247241 0.050393 0.197351
2 0.482330 0.161148 0.482330 0.211479 0.498037 0.211479 0.498037 0.161148
2 0.031414 0.121413 0.031414 0.168653 0.050393 0.168653 0.050393 0.121413
2 0.482330 0.097130 0.482330 0.159382 0.498037 0.159382 0.498037 0.097130
2 0.031414 0.056071 0.031414 0.091391 0.050393 0.091391 0.050393 0.056071
