0 0.384435 0.791121 0.384435 0.816594 0.385106 0.816594 0.385106 0.791121
0 0.352566 0.791121 0.337471 0.791121 0.337471 0.901019 0.311976 0.901747 0.311976 0.926492 0.349212 0.926492 0.349212 0.817322 0.352566 0.816594
0 0.399195 0.791121 0.399195 0.816594 0.421671 0.816594 0.422006 0.832606 0.434083 0.832606 0.434418 0.803493 0.479034 0.803493 0.479034 0.901747 0.434418 0.901747 0.434083 0.894469 0.422006 0.894469 0.422006 0.926492 0.491781 0.926492 0.491781 0.748908 0.479369 0.748908 0.479034 0.791121 0.434418 0.791121 0.434083 0.740175 0.431399 0.740175 0.431063 0.791121
0 0.251258 0.724891 0.251258 0.838428 0.272392 0.838428 0.272392 0.828239 0.255954 0.827511 0.255954 0.724891
0 0.023818 0.705968 0.023818 0.764920 0.035559 0.764920 0.035559 0.754003 0.038913 0.753275 0.038913 0.746725 0.035559 0.745997 0.035559 0.705968
0 0.218048 0.698690 0.218048 0.901019 0.193224 0.901747 0.193224 0.926492 0.276417 0.926492 0.276417 0.901747 0.222073 0.901019 0.222073 0.698690
0 0.518618 0.671761 0.518618 0.756914 0.699430 0.756914 0.699765 0.913392 0.747736 0.913392 0.748071 0.756914 0.969473 0.756914 0.969473 0.670306 0.960416 0.670306 0.960081 0.737263 0.843006 0.737263 0.842670 0.698690 0.839316 0.698690 0.838980 0.737263 0.742368 0.737263 0.742033 0.636827 0.738678 0.636827 0.738678 0.893013 0.709158 0.893741 0.708823 0.629549 0.702449 0.629549 0.702449 0.636827 0.705468 0.637555 0.705133 0.737263 0.654814 0.736536 0.654814 0.637555 0.674270 0.636827 0.674270 0.629549 0.655149 0.629549 0.654814 0.606987 0.651459 0.606987 0.651124 0.737263 0.528011 0.737263 0.527675 0.671761
0 0.252600 0.622999 0.182154 0.622999 0.181818 0.579330 0.117075 0.579330 0.116739 0.574964 0.112714 0.574964 0.112378 0.579330 0.065079 0.579330 0.065079 0.587336 0.112714 0.588064 0.112714 0.745997 0.065750 0.746725 0.065750 0.753275 0.112714 0.754003 0.112714 0.901019 0.035894 0.901747 0.035559 0.842067 0.023818 0.842067 0.023818 0.926492 0.141228 0.926492 0.141228 0.901747 0.116739 0.901019 0.117075 0.587336 0.177122 0.587336 0.177457 0.632460 0.217712 0.632460 0.218048 0.636099 0.222073 0.636099 0.222409 0.632460 0.252600 0.632460
0 0.518618 0.476710 0.518618 0.561863 0.527675 0.561863 0.528011 0.496361 0.651124 0.496361 0.651459 0.545852 0.654814 0.545852 0.655149 0.496361 0.838980 0.496361 0.839316 0.639010 0.842670 0.639010 0.843006 0.496361 0.960081 0.496361 0.960416 0.560408 0.969473 0.560408 0.969473 0.476710
0 0.491781 0.435226 0.479369 0.435226 0.479034 0.622999 0.319020 0.622999 0.319020 0.632460 0.431063 0.632460 0.431399 0.678311 0.434083 0.678311 0.434418 0.632460 0.479034 0.632460 0.479369 0.672489 0.491781 0.672489
0 0.449849 0.307132 0.449849 0.331150 0.479034 0.331150 0.479369 0.360262 0.491781 0.360262 0.491781 0.307132
0 0.397182 0.307132 0.397182 0.331150 0.401543 0.331150 0.401543 0.307132
0 0.342503 0.307132 0.342503 0.331150 0.348541 0.331150 0.348541 0.307132
0 0.173096 0.307132 0.173096 0.331150 0.237169 0.331150 0.237169 0.307132
0 0.109695 0.233624 0.109695 0.306405 0.089232 0.307132 0.089232 0.331150 0.112714 0.331878 0.112714 0.512373 0.116739 0.512373 0.116739 0.331878 0.137873 0.331150 0.137873 0.307132 0.114391 0.306405 0.114391 0.233624
0 0.363301 0.232897 0.363301 0.307132 0.367997 0.307132 0.367997 0.232897
0 0.289165 0.232897 0.289165 0.306405 0.272727 0.307132 0.272727 0.331150 0.313989 0.331150 0.313989 0.307132 0.293861 0.306405 0.293861 0.232897
0 0.023818 0.629549 0.035559 0.629549 0.035559 0.588064 0.039919 0.587336 0.039919 0.579330 0.035559 0.578603 0.035559 0.331878 0.060718 0.331150 0.060718 0.307132 0.039249 0.306405 0.039249 0.233624 0.034552 0.233624 0.034552 0.306405 0.028514 0.306405 0.028849 0.114265 0.373029 0.114265 0.373365 0.307132 0.378061 0.307132 0.378061 0.104076 0.023818 0.104076
1 0.422006 0.833333 0.422006 0.893741 0.434083 0.893741 0.434083 0.833333
1 0.352902 0.791121 0.352902 0.816594 0.384099 0.816594 0.384099 0.791121
1 0.039249 0.746725 0.039249 0.753275 0.065414 0.753275 0.065414 0.746725
1 0.431399 0.679039 0.431399 0.739447 0.434083 0.739447 0.434083 0.679039
1 0.839316 0.639738 0.839316 0.697962 0.842670 0.697962 0.842670 0.639738
1 0.218048 0.636827 0.218048 0.697962 0.222073 0.697962 0.222073 0.636827
1 0.674606 0.629549 0.674606 0.636827 0.702113 0.636827 0.702113 0.629549
1 0.040255 0.579330 0.040255 0.587336 0.064743 0.587336 0.064743 0.579330
1 0.651459 0.546579 0.651459 0.606259 0.654814 0.606259 0.654814 0.546579
1 0.112714 0.513100 0.112714 0.574236 0.116739 0.574236 0.116739 0.513100
1 0.314324 0.307132 0.314324 0.331150 0.342167 0.331150 0.342167 0.307132
1 0.061053 0.307132 0.061053 0.331150 0.088896 0.331150 0.088896 0.307132
2 0.276753 0.901747 0.276753 0.926492 0.311640 0.926492 0.311640 0.901747
2 0.141563 0.901747 0.141563 0.926492 0.192888 0.926492 0.192888 0.901747
2 0.385441 0.791121 0.385441 0.816594 0.398859 0.816594 0.398859 0.791121
2 0.023818 0.765648 0.023818 0.841339 0.035559 0.841339 0.035559 0.765648
2 0.479369 0.673217 0.479369 0.748180 0.491781 0.748180 0.491781 0.673217
2 0.023818 0.630277 0.023818 0.705240 0.035559 0.705240 0.035559 0.630277
2 0.518618 0.562591 0.518618 0.671033 0.527675 0.671033 0.527675 0.562591
2 0.960416 0.561135 0.960416 0.669578 0.969473 0.669578 0.969473 0.561135
2 0.479369 0.360990 0.479369 0.434498 0.491781 0.434498 0.491781 0.360990
2 0.401879 0.307132 0.401879 0.331150 0.449514 0.331150 0.449514 0.307132
2 0.348876 0.307132 0.348876 0.331150 0.396847 0.331150 0.396847 0.307132
2 0.237504 0.307132 0.237504 0.331150 0.272392 0.331150 0.272392 0.307132
2 0.138209 0.307132 0.138209 0.331150 0.172761 0.331150 0.172761 0.307132
