0 0.204146 0.635533 0.204146 0.648731 0.206030 0.648731 0.206030 0.635533
0 0.372487 0.546193 0.372487 0.559391 0.400754 0.559391 0.400754 0.546193
0 0.269472 0.436548 0.269472 0.545178 0.257538 0.546193 0.257538 0.559391 0.269472 0.560406 0.269472 0.634518 0.251884 0.635533 0.251884 0.648731 0.268844 0.648731 0.269472 0.668020 0.277638 0.668020 0.278266 0.648731 0.290201 0.648731 0.290201 0.635533 0.277638 0.634518 0.277638 0.560406 0.326633 0.559391 0.326633 0.546193 0.277638 0.545178 0.277638 0.436548
0 0.517588 0.423350 0.509422 0.423350 0.509422 0.545178 0.463568 0.546193 0.463568 0.559391 0.509422 0.560406 0.509422 0.757360 0.328518 0.758376 0.327889 0.739086 0.319724 0.739086 0.319724 0.790863 0.327889 0.790863 0.328518 0.771574 0.508794 0.771574 0.509422 0.790863 0.517588 0.790863 0.518216 0.771574 0.528894 0.771574 0.528894 0.758376 0.517588 0.757360 0.517588 0.560406 0.528894 0.559391 0.528894 0.546193 0.517588 0.545178
0 0.250000 0.424365 0.140075 0.424365 0.139447 0.383756 0.131281 0.383756 0.131281 0.423350 0.118090 0.424365 0.118090 0.437563 0.131281 0.438579 0.131281 0.634518 0.118090 0.635533 0.118090 0.648731 0.131281 0.649746 0.131281 0.757360 0.118090 0.758376 0.118090 0.771574 0.131281 0.772589 0.131281 0.790863 0.139447 0.790863 0.140075 0.771574 0.198492 0.771574 0.198492 0.758376 0.139447 0.757360 0.139447 0.649746 0.168342 0.648731 0.168342 0.635533 0.144472 0.634518 0.144472 0.438579 0.250000 0.437563
0 0.269472 0.367513 0.269472 0.395939 0.277638 0.395939 0.277638 0.367513
0 0.798367 0.259898 0.798367 0.264975 0.853643 0.264975 0.853643 0.259898
0 0.386935 0.255838 0.386935 0.260914 0.442211 0.260914 0.442211 0.255838
0 0.798367 0.201015 0.798367 0.206091 0.853643 0.206091 0.853643 0.201015
0 0.386935 0.198985 0.386935 0.204061 0.442211 0.204061 0.442211 0.198985
0 0.763819 0.182741 0.763819 0.195939 0.913945 0.196954 0.913945 0.546193 0.807789 0.546193 0.807789 0.275127 0.799623 0.275127 0.799623 0.546193 0.760050 0.547208 0.760050 0.560406 0.798995 0.560406 0.799623 0.580711 0.807789 0.580711 0.808417 0.560406 0.922111 0.560406 0.922111 0.182741
0 0.560930 0.182741 0.560930 0.650761 0.685930 0.650761 0.686558 0.670051 0.694724 0.670051 0.694724 0.651777 0.706658 0.650761 0.706658 0.637563 0.694724 0.636548 0.694724 0.561421 0.722990 0.560406 0.722990 0.547208 0.695352 0.547208 0.694724 0.526904 0.686558 0.526904 0.685930 0.547208 0.674623 0.547208 0.674623 0.560406 0.686558 0.561421 0.685930 0.637563 0.569095 0.636548 0.569095 0.196954 0.718593 0.195939 0.718593 0.182741
0 0.509422 0.163452 0.508794 0.182741 0.478643 0.182741 0.478643 0.195939 0.509422 0.196954 0.509422 0.319797 0.517588 0.319797 0.517588 0.196954 0.528894 0.195939 0.528894 0.182741 0.518216 0.182741 0.517588 0.163452
0 0.118090 0.182741 0.118090 0.195939 0.131281 0.196954 0.131281 0.322843 0.139447 0.322843 0.140075 0.195939 0.268844 0.195939 0.269472 0.304569 0.277638 0.304569 0.278266 0.195939 0.441583 0.195939 0.441583 0.182741 0.278266 0.182741 0.277638 0.163452 0.269472 0.163452 0.268844 0.182741 0.140075 0.182741 0.139447 0.163452 0.131281 0.163452 0.130653 0.182741
1 0.206658 0.635533 0.206658 0.648731 0.251256 0.648731 0.251256 0.635533
1 0.327261 0.546193 0.327261 0.559391 0.371859 0.559391 0.371859 0.546193
1 0.269472 0.305584 0.269472 0.366497 0.277638 0.366497 0.277638 0.305584
2 0.168970 0.635533 0.168970 0.648731 0.203518 0.648731 0.203518 0.635533
2 0.723618 0.547208 0.723618 0.560406 0.759422 0.560406 0.759422 0.547208
2 0.401382 0.546193 0.401382 0.559391 0.462940 0.559391 0.462940 0.546193
2 0.131281 0.323858 0.131281 0.382741 0.139447 0.382741 0.139447 0.323858
2 0.509422 0.320812 0.509422 0.422335 0.517588 0.422335 0.517588 0.320812
2 0.719221 0.182741 0.719221 0.195939 0.763191 0.195939 0.763191 0.182741
2 0.442211 0.182741 0.442211 0.195939 0.478015 0.195939 0.478015 0.182741
