0 0.625657 0.716923 0.625657 0.720000 0.634595 0.720000 0.634595 0.716923
0 0.635121 0.425231 0.635121 0.489846 0.597266 0.490462 0.597266 0.512000 0.625657 0.512615 0.625657 0.680615 0.634595 0.680615 0.635121 0.625846 0.870137 0.626462 0.870137 0.953846 0.635121 0.954462 0.634595 0.766154 0.625657 0.766154 0.625657 0.964923 0.879075 0.964923 0.879075 0.573538 0.860673 0.573538 0.860147 0.604308 0.644585 0.604308 0.644059 0.432000 0.645110 0.431385 0.645110 0.425231
0 0.879075 0.374769 0.860673 0.374769 0.860147 0.425231 0.705047 0.425231 0.704522 0.375385 0.698212 0.375385 0.698212 0.424615 0.687697 0.425231 0.687697 0.431385 0.860147 0.431385 0.860673 0.467692 0.879075 0.467692
0 0.111462 0.346462 0.111462 0.625846 0.165615 0.625846 0.165615 0.604308 0.129863 0.603692 0.129863 0.346462
0 0.347003 0.342154 0.339642 0.342154 0.339642 0.603692 0.288118 0.604308 0.288118 0.625846 0.358570 0.625846 0.358570 0.512615 0.361199 0.512000 0.361199 0.490462 0.347003 0.489846 0.347003 0.412308 0.359096 0.411692 0.359096 0.403077 0.347003 0.402462
0 0.496320 0.336615 0.492639 0.336615 0.492639 0.402462 0.456887 0.403077 0.456887 0.411692 0.488959 0.412308 0.488959 0.489846 0.419558 0.490462 0.419033 0.412308 0.423764 0.411692 0.423764 0.403077 0.405889 0.403077 0.405889 0.411692 0.409569 0.412308 0.409569 0.489846 0.405889 0.490462 0.405889 0.512000 0.509464 0.512000 0.509464 0.490462 0.496320 0.489846
0 0.111462 0.220923 0.111462 0.304000 0.129863 0.304000 0.130389 0.270769 0.242902 0.270769 0.242902 0.262769 0.130389 0.262769 0.129863 0.220923
0 0.541535 0.210462 0.541535 0.262154 0.524185 0.262769 0.524185 0.270769 0.574132 0.270769 0.574132 0.262769 0.551525 0.262154 0.551525 0.210462
0 0.879075 0.169231 0.860673 0.169231 0.860147 0.262769 0.694532 0.262769 0.694532 0.270769 0.698212 0.271385 0.698212 0.328000 0.704522 0.328000 0.705047 0.270769 0.860147 0.270769 0.860673 0.272000 0.879075 0.272000
0 0.541535 0.164308 0.551525 0.164308 0.552050 0.160615 0.626709 0.160615 0.627234 0.241846 0.644585 0.241846 0.645110 0.270769 0.655626 0.270769 0.655626 0.262769 0.652997 0.262154 0.653523 0.045538 0.860147 0.045538 0.860673 0.063385 0.879075 0.063385 0.879075 0.024000 0.584122 0.024000 0.584122 0.045538 0.640904 0.046154 0.640904 0.149538 0.552050 0.150154 0.551525 0.102769 0.541535 0.102769
0 0.540484 0.024000 0.541535 0.061538 0.551525 0.061538 0.552576 0.024000
0 0.496845 0.024000 0.496845 0.045538 0.502629 0.045538 0.502629 0.024000
0 0.111462 0.024000 0.111462 0.111385 0.129863 0.111385 0.130389 0.045538 0.345952 0.045538 0.346477 0.094154 0.358570 0.094154 0.359096 0.045538 0.421661 0.045538 0.422187 0.128615 0.346477 0.128615 0.346477 0.262154 0.308623 0.262769 0.308623 0.270769 0.389064 0.270769 0.389064 0.262769 0.354890 0.262154 0.355415 0.142769 0.431125 0.142769 0.431651 0.262154 0.418507 0.262769 0.418507 0.270769 0.486856 0.270769 0.486856 0.262769 0.437434 0.262154 0.437434 0.046154 0.442692 0.045538 0.442692 0.024000
1 0.625657 0.720615 0.625657 0.765538 0.634595 0.765538 0.634595 0.720615
1 0.361725 0.490462 0.361725 0.512000 0.405363 0.512000 0.405363 0.490462
1 0.645636 0.425231 0.645636 0.431385 0.687171 0.431385 0.687171 0.425231
1 0.424290 0.403077 0.424290 0.411692 0.456362 0.411692 0.456362 0.403077
1 0.359621 0.403077 0.359621 0.411692 0.405363 0.411692 0.405363 0.403077
1 0.698212 0.328615 0.698212 0.374769 0.704522 0.374769 0.704522 0.328615
1 0.656151 0.262769 0.656151 0.270769 0.694006 0.270769 0.694006 0.262769
1 0.487382 0.262769 0.487382 0.270769 0.523659 0.270769 0.523659 0.262769
1 0.389590 0.262769 0.389590 0.270769 0.417981 0.270769 0.417981 0.262769
1 0.243428 0.262769 0.243428 0.270769 0.308097 0.270769 0.308097 0.262769
1 0.541535 0.164923 0.541535 0.209846 0.551525 0.209846 0.551525 0.164923
1 0.346477 0.094769 0.346477 0.128000 0.358570 0.128000 0.358570 0.094769
1 0.541535 0.062154 0.541535 0.102154 0.551525 0.102154 0.551525 0.062154
1 0.503155 0.024000 0.503155 0.045538 0.539958 0.045538 0.539958 0.024000
2 0.625657 0.681231 0.625657 0.716308 0.634595 0.716308 0.634595 0.681231
2 0.166141 0.604308 0.166141 0.625846 0.287592 0.625846 0.287592 0.604308
2 0.509989 0.490462 0.509989 0.512000 0.596740 0.512000 0.596740 0.490462
2 0.860673 0.468308 0.860673 0.572923 0.879075 0.572923 0.879075 0.468308
2 0.111462 0.304615 0.111462 0.345846 0.129863 0.345846 0.129863 0.304615
2 0.860673 0.272615 0.860673 0.374154 0.879075 0.374154 0.879075 0.272615
2 0.111462 0.112000 0.111462 0.220308 0.129863 0.220308 0.129863 0.112000
2 0.860673 0.064000 0.860673 0.168615 0.879075 0.168615 0.879075 0.064000
2 0.553102 0.024000 0.553102 0.045538 0.583596 0.045538 0.583596 0.024000
2 0.443218 0.024000 0.443218 0.045538 0.496320 0.045538 0.496320 0.024000
