0 0.469806 0.711799 0.458412 0.711799 0.458033 0.798839 0.409799 0.798839 0.409799 0.827853 0.469806 0.827853
0 0.000000 0.694391 0.000000 0.827853 0.060008 0.827853 0.060008 0.798839 0.010634 0.798839 0.010254 0.694391
0 0.238511 0.664410 0.238511 0.676015 0.243069 0.676983 0.243069 0.797872 0.237372 0.798839 0.237372 0.827853 0.250285 0.827853 0.250285 0.798839 0.247626 0.797872 0.247626 0.676983 0.248766 0.676015 0.248766 0.664410
0 0.304975 0.661509 0.300418 0.661509 0.300038 0.664410 0.280289 0.664410 0.280289 0.676015 0.300418 0.676983 0.300418 0.797872 0.272693 0.798839 0.272693 0.827853 0.300418 0.828820 0.300418 0.988395 0.258640 0.989362 0.258640 0.999033 0.304216 0.999033 0.304596 0.827853 0.365742 0.827853 0.365742 0.798839 0.304975 0.797872
0 0.770224 0.635397 0.770224 0.645068 0.805545 0.646035 0.805545 0.795938 0.800608 0.796905 0.800608 0.827853 0.974934 0.827853 0.974934 0.663443 0.962780 0.663443 0.962400 0.796905 0.809723 0.796905 0.809343 0.632495 0.805545 0.632495 0.805165 0.635397
0 0.743638 0.635397 0.719332 0.635397 0.718952 0.632495 0.715154 0.632495 0.714774 0.827853 0.720851 0.827853 0.720851 0.796905 0.718952 0.795938 0.718952 0.646035 0.743638 0.645068
0 0.171288 0.558994 0.171288 0.797872 0.104823 0.798839 0.104823 0.827853 0.148500 0.828820 0.148500 0.999033 0.194835 0.999033 0.194835 0.989362 0.152298 0.988395 0.152298 0.828820 0.203570 0.827853 0.203570 0.798839 0.175845 0.797872 0.175845 0.676983 0.203570 0.676015 0.203570 0.664410 0.175845 0.663443 0.175845 0.571567 0.198633 0.570600 0.198633 0.558994
0 0.718952 0.503868 0.670718 0.503868 0.670338 0.500000 0.666920 0.500000 0.666540 0.796905 0.521458 0.796905 0.521079 0.665377 0.508925 0.665377 0.508925 0.827853 0.672617 0.827853 0.672617 0.796905 0.670338 0.795938 0.670338 0.513540 0.714774 0.512573 0.715154 0.573501 0.718952 0.573501
0 0.469806 0.463250 0.458412 0.463250 0.458033 0.550290 0.402583 0.550290 0.402203 0.538685 0.397645 0.538685 0.397265 0.550290 0.365363 0.550290 0.365363 0.561896 0.458033 0.561896 0.458412 0.630561 0.469806 0.630561
0 0.263578 0.360735 0.263578 0.529014 0.266236 0.529014 0.266236 0.360735
0 0.672997 0.343327 0.672997 0.408124 0.692366 0.408124 0.692366 0.343327
0 0.000000 0.336557 0.000000 0.526112 0.010254 0.526112 0.010634 0.413926 0.186100 0.413926 0.186479 0.471954 0.190657 0.471954 0.190657 0.338491 0.166350 0.338491 0.165970 0.403288 0.010634 0.403288 0.010254 0.336557
0 0.508925 0.523211 0.521079 0.523211 0.521458 0.414894 0.666540 0.414894 0.666920 0.421663 0.670338 0.421663 0.670338 0.335590 0.666920 0.335590 0.666540 0.406190 0.521458 0.406190 0.521079 0.335590 0.508925 0.335590
0 0.300418 0.245648 0.300418 0.584139 0.304975 0.584139 0.305355 0.561896 0.334599 0.561896 0.334599 0.550290 0.304975 0.549323 0.304975 0.383946 0.305735 0.382979 0.305735 0.371373 0.304975 0.370406 0.304975 0.245648
0 0.760349 0.242747 0.760349 0.248549 0.805545 0.249516 0.805545 0.538685 0.770984 0.538685 0.770984 0.335590 0.760349 0.335590 0.760349 0.345261 0.767186 0.346228 0.767186 0.549323 0.805165 0.549323 0.805545 0.553191 0.809343 0.553191 0.809723 0.487427 0.843904 0.487427 0.843904 0.477756 0.809343 0.476789 0.809723 0.382979 0.881884 0.382979 0.882264 0.476789 0.867072 0.477756 0.867072 0.487427 0.962400 0.487427 0.962780 0.523211 0.974934 0.523211 0.974934 0.334623 0.962780 0.334623 0.962400 0.373308 0.938853 0.373308 0.938853 0.382979 0.962780 0.383946 0.962400 0.477756 0.886441 0.477756 0.886062 0.383946 0.916065 0.382979 0.916065 0.373308 0.809723 0.373308 0.809343 0.239845 0.805545 0.239845 0.805165 0.242747
0 0.763768 0.031915 0.763768 0.062863 0.767566 0.062863 0.767566 0.031915
0 0.717053 0.031915 0.717053 0.062863 0.721231 0.062863 0.721231 0.031915
0 0.469806 0.030948 0.424991 0.030948 0.424991 0.059961 0.458412 0.060928 0.458412 0.370406 0.333080 0.371373 0.333080 0.382979 0.397265 0.382979 0.397645 0.479691 0.402203 0.479691 0.402583 0.382979 0.458033 0.382979 0.458412 0.408124 0.469806 0.408124
0 0.290923 0.030948 0.290923 0.059961 0.300418 0.060928 0.300418 0.131528 0.304975 0.131528 0.305355 0.059961 0.357767 0.059961 0.357767 0.030948
0 0.255602 0.030948 0.255602 0.059961 0.259020 0.059961 0.259020 0.030948
0 0.207748 0.030948 0.207748 0.059961 0.211166 0.059961 0.211166 0.030948
0 0.129130 0.030948 0.129130 0.059961 0.163312 0.059961 0.163312 0.030948
0 0.000000 0.171180 0.010254 0.171180 0.010634 0.059961 0.061147 0.059961 0.061147 0.030948 0.000000 0.030948
0 0.508925 0.031915 0.508925 0.196325 0.521079 0.196325 0.521458 0.062863 0.666540 0.062863 0.666920 0.258221 0.670338 0.258221 0.670338 0.063830 0.673756 0.062863 0.673756 0.031915 0.665021 0.030948 0.665401 0.000000 0.810482 0.000000 0.810862 0.030948 0.799468 0.031915 0.799468 0.062863 0.805545 0.063830 0.805545 0.165377 0.809343 0.165377 0.809723 0.062863 0.962400 0.062863 0.962780 0.196325 0.974934 0.196325 0.974934 0.031915 0.815040 0.031915 0.814660 0.000000 0.661223 0.000000 0.660843 0.031915
1 0.203950 0.798839 0.203950 0.827853 0.236992 0.827853 0.236992 0.798839
1 0.249145 0.664410 0.249145 0.676015 0.279909 0.676015 0.279909 0.664410
1 0.203950 0.664410 0.203950 0.676015 0.238131 0.676015 0.238131 0.664410
1 0.744018 0.635397 0.744018 0.645068 0.769844 0.645068 0.769844 0.635397
1 0.458412 0.631528 0.458412 0.710832 0.469806 0.710832 0.469806 0.631528
1 0.300418 0.585106 0.300418 0.660542 0.304975 0.660542 0.304975 0.585106
1 0.715154 0.574468 0.715154 0.631528 0.718952 0.631528 0.718952 0.574468
1 0.805545 0.554159 0.805545 0.631528 0.809343 0.631528 0.809343 0.554159
1 0.334979 0.550290 0.334979 0.561896 0.364983 0.561896 0.364983 0.550290
1 0.397645 0.480658 0.397645 0.537718 0.402203 0.537718 0.402203 0.480658
1 0.844284 0.477756 0.844284 0.487427 0.866692 0.487427 0.866692 0.477756
1 0.666920 0.422631 0.666920 0.499033 0.670338 0.499033 0.670338 0.422631
1 0.916445 0.373308 0.916445 0.382979 0.938473 0.382979 0.938473 0.373308
1 0.306115 0.371373 0.306115 0.382979 0.332700 0.382979 0.332700 0.371373
1 0.666920 0.259188 0.666920 0.334623 0.670338 0.334623 0.670338 0.259188
1 0.805545 0.166344 0.805545 0.238878 0.809343 0.238878 0.809343 0.166344
1 0.300418 0.132495 0.300418 0.244681 0.304975 0.244681 0.304975 0.132495
1 0.767945 0.031915 0.767945 0.062863 0.799088 0.062863 0.799088 0.031915
1 0.259400 0.030948 0.259400 0.059961 0.290543 0.059961 0.290543 0.030948
2 0.366122 0.798839 0.366122 0.827853 0.409419 0.827853 0.409419 0.798839
2 0.250665 0.798839 0.250665 0.827853 0.272313 0.827853 0.272313 0.798839
2 0.060387 0.798839 0.060387 0.827853 0.104444 0.827853 0.104444 0.798839
2 0.721231 0.796905 0.721231 0.827853 0.800228 0.827853 0.800228 0.796905
2 0.672997 0.796905 0.672997 0.827853 0.714394 0.827853 0.714394 0.796905
2 0.000000 0.527079 0.000000 0.693424 0.010254 0.693424 0.010254 0.527079
2 0.962780 0.524178 0.962780 0.662476 0.974934 0.662476 0.974934 0.524178
2 0.508925 0.524178 0.508925 0.664410 0.521079 0.664410 0.521079 0.524178
2 0.458412 0.409091 0.458412 0.462282 0.469806 0.462282 0.469806 0.409091
2 0.962780 0.197292 0.962780 0.333656 0.974934 0.333656 0.974934 0.197292
2 0.508925 0.197292 0.508925 0.334623 0.521079 0.334623 0.521079 0.197292
2 0.000000 0.172147 0.000000 0.335590 0.010254 0.335590 0.010254 0.172147
2 0.721610 0.031915 0.721610 0.062863 0.763388 0.062863 0.763388 0.031915
2 0.674136 0.031915 0.674136 0.062863 0.716673 0.062863 0.716673 0.031915
2 0.358147 0.030948 0.358147 0.059961 0.424611 0.059961 0.424611 0.030948
2 0.211546 0.030948 0.211546 0.059961 0.255222 0.059961 0.255222 0.030948
2 0.163692 0.030948 0.163692 0.059961 0.207368 0.059961 0.207368 0.030948
2 0.061527 0.030948 0.061527 0.059961 0.128750 0.059961 0.128750 0.030948
