0 0.235187 0.826367 0.235187 0.870740 0.208751 0.871383 0.208751 0.902894 0.339107 0.902894 0.339107 0.879743 0.244303 0.879100 0.244303 0.826367
0 0.418414 0.757556 0.418414 0.764630 0.427530 0.765273 0.427530 0.879100 0.394713 0.879743 0.394713 0.902894 0.505014 0.902894 0.505014 0.879743 0.436645 0.879100 0.436645 0.765273 0.505925 0.764630 0.505925 0.757556
0 0.649954 0.731833 0.649043 0.757556 0.588879 0.757556 0.588879 0.764630 0.594348 0.765273 0.594348 0.879100 0.587056 0.879743 0.587056 0.902894 0.713765 0.902894 0.713765 0.879743 0.604376 0.879100 0.604376 0.765273 0.659982 0.764630 0.659982 0.731833
0 0.649954 0.668810 0.649954 0.680386 0.659982 0.680386 0.660893 0.677814 0.938924 0.678457 0.938924 0.879100 0.845943 0.879743 0.845943 0.902894 0.967183 0.902894 0.967183 0.666881 0.938924 0.666881 0.938013 0.670740 0.660893 0.670740 0.659982 0.668810
0 0.653601 0.240514 0.653601 0.261736 0.707384 0.261736 0.707384 0.240514
0 0.542388 0.240514 0.542388 0.261736 0.579763 0.261736 0.579763 0.240514
0 0.258888 0.240514 0.258888 0.261736 0.329079 0.262379 0.329079 0.463023 0.339107 0.463023 0.339107 0.262379 0.353692 0.261736 0.353692 0.240514
0 0.961714 0.019293 0.958067 0.019293 0.958067 0.239871 0.844120 0.240514 0.844120 0.261736 0.938924 0.262379 0.938924 0.498392 0.660893 0.499035 0.659982 0.461093 0.649954 0.461093 0.649954 0.617363 0.659982 0.617363 0.660893 0.505466 0.938013 0.505466 0.938924 0.568489 0.967183 0.568489 0.967183 0.240514 0.961714 0.239871
0 0.062899 0.019293 0.062899 0.175563 0.059253 0.176206 0.059253 0.239871 0.051048 0.240514 0.051048 0.902894 0.152233 0.902894 0.152233 0.871383 0.065634 0.870740 0.065634 0.726688 0.155880 0.726045 0.154057 0.714469 0.076572 0.713826 0.076572 0.613505 0.219690 0.612862 0.220602 0.718328 0.212397 0.718971 0.212397 0.726045 0.235187 0.726688 0.235187 0.772990 0.244303 0.772990 0.245214 0.726045 0.328168 0.726045 0.329079 0.764630 0.342753 0.764630 0.342753 0.757556 0.339107 0.756913 0.339107 0.705466 0.329079 0.705466 0.328168 0.718971 0.232452 0.718328 0.232452 0.610289 0.328168 0.609646 0.329079 0.652733 0.339107 0.652733 0.340018 0.609646 0.499544 0.609646 0.500456 0.605788 0.573382 0.605788 0.573382 0.562701 0.567912 0.562701 0.567001 0.601929 0.500456 0.601929 0.499544 0.598714 0.399271 0.598714 0.398359 0.601929 0.340018 0.601929 0.339107 0.514469 0.329079 0.514469 0.328168 0.520257 0.248861 0.520257 0.248861 0.527331 0.329079 0.527974 0.328168 0.601929 0.065634 0.601286 0.066545 0.527331 0.192343 0.527331 0.192343 0.520257 0.065634 0.519614 0.065634 0.262379 0.118505 0.261736 0.118505 0.240514 0.070191 0.239871 0.070191 0.176206 0.066545 0.175563 0.066545 0.019293
1 0.505925 0.879743 0.505925 0.902894 0.586144 0.902894 0.586144 0.879743
1 0.235187 0.773633 0.235187 0.825723 0.244303 0.825723 0.244303 0.773633
1 0.506837 0.757556 0.506837 0.764630 0.587967 0.764630 0.587967 0.757556
1 0.343665 0.757556 0.343665 0.764630 0.417502 0.764630 0.417502 0.757556
1 0.156791 0.718971 0.156791 0.726045 0.211486 0.726045 0.211486 0.718971
1 0.649954 0.681029 0.649954 0.731190 0.659982 0.731190 0.659982 0.681029
1 0.329079 0.653376 0.329079 0.704823 0.339107 0.704823 0.339107 0.653376
1 0.649954 0.618006 0.649954 0.668167 0.659982 0.668167 0.659982 0.618006
1 0.193254 0.520257 0.193254 0.527331 0.247949 0.527331 0.247949 0.520257
1 0.329079 0.463666 0.329079 0.513826 0.339107 0.513826 0.339107 0.463666
1 0.580675 0.240514 0.580675 0.261736 0.652689 0.261736 0.652689 0.240514
2 0.714676 0.879743 0.714676 0.902894 0.845032 0.902894 0.845032 0.879743
2 0.340018 0.879743 0.340018 0.902894 0.393801 0.902894 0.393801 0.879743
2 0.153145 0.871383 0.153145 0.902894 0.207840 0.902894 0.207840 0.871383
2 0.938924 0.569132 0.938924 0.666238 0.967183 0.666238 0.967183 0.569132
2 0.708295 0.240514 0.708295 0.261736 0.843209 0.261736 0.843209 0.240514
2 0.354603 0.240514 0.354603 0.261736 0.541477 0.261736 0.541477 0.240514
2 0.119417 0.240514 0.119417 0.261736 0.257976 0.261736 0.257976 0.240514
