0 0.735680 0.675546 0.704654 0.675013 0.704654 0.626532 0.699284 0.626532 0.698687 0.675546 0.617542 0.675546 0.617542 0.691529 0.735680 0.691529
0 0.186158 0.584443 0.186158 0.675546 0.173628 0.676079 0.173628 0.691529 0.226730 0.691529 0.226730 0.676079 0.193914 0.675546 0.194511 0.649973 0.230310 0.649973 0.230310 0.644113 0.193914 0.643580 0.193914 0.584443
0 0.669451 0.583378 0.669451 0.588173 0.708831 0.588173 0.708831 0.583378
0 0.306086 0.532232 0.306086 0.538093 0.357995 0.538093 0.357995 0.532232
0 0.867542 0.209377 0.834129 0.209377 0.834129 0.225360 0.849642 0.225892 0.849642 0.477357 0.726730 0.477890 0.726730 0.484283 0.750000 0.484816 0.750000 0.537027 0.797733 0.537027 0.797733 0.531700 0.754177 0.531167 0.754773 0.484283 0.849642 0.484816 0.849642 0.582845 0.753580 0.583378 0.753580 0.588173 0.849642 0.588705 0.849642 0.675013 0.794153 0.675546 0.794153 0.691529 0.867542 0.691529
0 0.727327 0.209377 0.727327 0.225360 0.729714 0.225360 0.729714 0.209377
0 0.485680 0.209377 0.485680 0.691529 0.559666 0.691529 0.559666 0.675546 0.496420 0.675013 0.496420 0.596164 0.557279 0.595631 0.557279 0.588173 0.502983 0.587640 0.502983 0.513053 0.602625 0.512520 0.603222 0.587640 0.595465 0.588173 0.595465 0.595631 0.613962 0.595631 0.614558 0.588173 0.624702 0.588173 0.624702 0.583378 0.613962 0.582845 0.613962 0.488013 0.606802 0.488013 0.606205 0.504529 0.497613 0.504529 0.497017 0.423015 0.606205 0.422483 0.606802 0.452318 0.613962 0.452318 0.613962 0.423015 0.619928 0.422483 0.619928 0.416090 0.497017 0.415557 0.497017 0.225892 0.515513 0.225360 0.515513 0.209377
0 0.295346 0.208311 0.295346 0.226958 0.298329 0.226958 0.298329 0.208311
0 0.241050 0.208311 0.185561 0.208311 0.185561 0.226958 0.192124 0.227491 0.192124 0.331913 0.198687 0.331913 0.198687 0.227491 0.241050 0.226958
0 0.821599 0.197123 0.669451 0.197123 0.668854 0.209377 0.621122 0.209377 0.621122 0.225360 0.669451 0.225892 0.669451 0.415557 0.666468 0.416090 0.666468 0.422483 0.669451 0.423015 0.669451 0.484283 0.677208 0.484283 0.676611 0.225892 0.678401 0.225360 0.678401 0.209377 0.676611 0.208844 0.676611 0.204049 0.813842 0.203516 0.814439 0.209377 0.821599 0.209377
0 0.428401 0.048482 0.419451 0.048482 0.419451 0.207778 0.405728 0.208311 0.405728 0.226958 0.409905 0.227491 0.409905 0.477357 0.306086 0.477890 0.306086 0.483751 0.409905 0.484283 0.409905 0.584976 0.347852 0.585509 0.347852 0.612680 0.354415 0.612680 0.355012 0.591369 0.409905 0.591902 0.409905 0.675546 0.355012 0.676079 0.354415 0.645711 0.347852 0.645711 0.347255 0.676079 0.293556 0.676079 0.292959 0.644113 0.282816 0.644113 0.282816 0.649973 0.286396 0.650506 0.286396 0.675546 0.282816 0.676079 0.282816 0.691529 0.295943 0.692062 0.295943 0.765051 0.304296 0.765051 0.304893 0.691529 0.408115 0.692062 0.408115 0.843900 0.304893 0.844433 0.304296 0.806606 0.295943 0.806606 0.295943 0.851891 0.416468 0.851891 0.416468 0.692062 0.430788 0.691529 0.430788 0.208311 0.428401 0.207778
0 0.060263 0.048482 0.051313 0.048482 0.051313 0.207778 0.048926 0.208311 0.048926 0.851891 0.055489 0.851891 0.055489 0.692062 0.066826 0.691529 0.066826 0.676079 0.062053 0.675546 0.062053 0.413426 0.198687 0.412893 0.198687 0.374001 0.192124 0.374001 0.191527 0.407032 0.062053 0.406500 0.062053 0.227491 0.076372 0.226958 0.076372 0.208311 0.060263 0.207778
1 0.295943 0.765583 0.295943 0.806074 0.304296 0.806074 0.304296 0.765583
1 0.227327 0.676079 0.227327 0.691529 0.282220 0.691529 0.282220 0.676079
1 0.230907 0.644113 0.230907 0.649973 0.282220 0.649973 0.282220 0.644113
1 0.347852 0.613213 0.347852 0.645178 0.354415 0.645178 0.354415 0.613213
1 0.699284 0.588705 0.699284 0.625999 0.704654 0.625999 0.704654 0.588705
1 0.557876 0.588173 0.557876 0.595631 0.594869 0.595631 0.594869 0.588173
1 0.709427 0.583378 0.709427 0.588173 0.752983 0.588173 0.752983 0.583378
1 0.625298 0.583378 0.625298 0.588173 0.668854 0.588173 0.668854 0.583378
1 0.677804 0.477890 0.677804 0.484283 0.726134 0.484283 0.726134 0.477890
1 0.606802 0.452850 0.606802 0.487480 0.613962 0.487480 0.613962 0.452850
1 0.620525 0.416090 0.620525 0.422483 0.665871 0.422483 0.665871 0.416090
1 0.192124 0.332445 0.192124 0.373468 0.198687 0.373468 0.198687 0.332445
1 0.678998 0.209377 0.678998 0.225360 0.726730 0.225360 0.726730 0.209377
1 0.241647 0.208311 0.241647 0.226958 0.294749 0.226958 0.294749 0.208311
2 0.067422 0.676079 0.067422 0.691529 0.173031 0.691529 0.173031 0.676079
2 0.736277 0.675546 0.736277 0.691529 0.793556 0.691529 0.793556 0.675546
2 0.560263 0.675546 0.560263 0.691529 0.616945 0.691529 0.616945 0.675546
2 0.730310 0.209377 0.730310 0.225360 0.833532 0.225360 0.833532 0.209377
2 0.516110 0.209377 0.516110 0.225360 0.620525 0.225360 0.620525 0.209377
2 0.298926 0.208311 0.298926 0.226958 0.405131 0.226958 0.405131 0.208311
2 0.076969 0.208311 0.076969 0.226958 0.184964 0.226958 0.184964 0.208311
