0 0.109690 0.616558 0.109690 0.652142 0.130552 0.652142 0.130552 0.616558
0 0.579408 0.636892 0.492598 0.636892 0.491925 0.594045 0.480485 0.594045 0.479812 0.899056 0.151413 0.899056 0.150740 0.797386 0.131225 0.797386 0.130552 0.792302 0.109690 0.792302 0.109690 0.909223 0.592194 0.909223 0.592194 0.899056 0.579408 0.898330 0.579408 0.872912 0.572005 0.872912 0.571332 0.899056 0.491925 0.898330 0.492598 0.795207 0.571332 0.795207 0.572005 0.830065 0.579408 0.830065 0.579408 0.721133 0.572005 0.721133 0.571332 0.787219 0.491925 0.786492 0.491925 0.648511 0.571332 0.647785 0.572005 0.665940 0.579408 0.665940
0 0.109690 0.526507 0.109690 0.557008 0.130552 0.557008 0.130552 0.526507
0 0.109690 0.372549 0.109690 0.393609 0.130552 0.393609 0.130552 0.372549
0 0.480485 0.301380 0.480485 0.414670 0.515478 0.414670 0.515478 0.301380
0 0.109690 0.264343 0.109690 0.291939 0.130552 0.291939 0.130552 0.264343
0 0.777927 0.161946 0.777927 0.254176 0.796097 0.254176 0.796097 0.161946
0 0.109690 0.055919 0.109690 0.139434 0.130552 0.139434 0.131225 0.137255 0.146030 0.137255 0.146703 0.066086 0.479812 0.066086 0.480485 0.227306 0.491252 0.227306 0.491252 0.145243 0.523553 0.144517 0.524226 0.066086 0.610363 0.066086 0.611036 0.076979 0.649394 0.076979 0.650067 0.066086 0.964334 0.066812 0.964334 0.408134 0.858681 0.408860 0.858008 0.379085 0.816958 0.379085 0.816958 0.419027 0.853970 0.419753 0.853970 0.572259 0.806191 0.572985 0.806191 0.591140 0.815612 0.591140 0.816285 0.581699 0.853297 0.581699 0.853970 0.636166 0.816285 0.636892 0.815612 0.628903 0.806191 0.628903 0.805518 0.636892 0.637281 0.636892 0.637281 0.644880 0.853970 0.645606 0.853970 0.852578 0.849260 0.853304 0.849260 0.860566 0.853970 0.861293 0.853297 0.899056 0.815612 0.898330 0.815612 0.861293 0.820323 0.860566 0.820323 0.853304 0.670256 0.853304 0.669583 0.824256 0.646703 0.823529 0.646703 0.708061 0.637281 0.708061 0.637281 0.831518 0.660834 0.832244 0.660834 0.898330 0.654778 0.899056 0.654778 0.909223 0.668237 0.909223 0.668910 0.863471 0.805518 0.863471 0.806191 0.909223 0.863392 0.909223 0.863392 0.419753 0.973755 0.419027 0.973755 0.055919
1 0.592867 0.899056 0.592867 0.909223 0.654105 0.909223 0.654105 0.899056
1 0.820996 0.853304 0.820996 0.860566 0.848587 0.860566 0.848587 0.853304
1 0.572005 0.830792 0.572005 0.872186 0.579408 0.872186 0.579408 0.830792
1 0.572005 0.666667 0.572005 0.720407 0.579408 0.720407 0.579408 0.666667
1 0.806191 0.591866 0.806191 0.628177 0.815612 0.628177 0.815612 0.591866
1 0.109690 0.292665 0.109690 0.371823 0.130552 0.371823 0.130552 0.292665
2 0.109690 0.652869 0.109690 0.791576 0.130552 0.791576 0.130552 0.652869
2 0.109690 0.557734 0.109690 0.615832 0.130552 0.615832 0.130552 0.557734
2 0.109690 0.394336 0.109690 0.525781 0.130552 0.525781 0.130552 0.394336
2 0.109690 0.140160 0.109690 0.263617 0.130552 0.263617 0.130552 0.140160
