0 0.035294 0.645804 0.035294 0.765292 0.247059 0.765292 0.247059 0.743954 0.212217 0.743954 0.211765 0.735420 0.206335 0.735420 0.205882 0.743954 0.055656 0.743954 0.055204 0.645804
0 0.796833 0.509246 0.796833 0.523471 0.807692 0.523471 0.807692 0.509246
0 0.640724 0.344239 0.640724 0.522048 0.672398 0.522048 0.672398 0.507824 0.645249 0.506401 0.645249 0.344239
0 0.908597 0.207681 0.812670 0.207681 0.812217 0.186344 0.623529 0.186344 0.623529 0.248933 0.796380 0.248933 0.796833 0.257468 0.807692 0.257468 0.808145 0.248933 0.812217 0.248933 0.812670 0.227596 0.901810 0.227596 0.901810 0.743954 0.808145 0.743954 0.807692 0.654339 0.796833 0.654339 0.796380 0.743954 0.652489 0.743954 0.652036 0.705548 0.645249 0.704125 0.645249 0.657183 0.640724 0.657183 0.640271 0.743954 0.288235 0.743954 0.288235 0.765292 0.908597 0.765292
0 0.473303 0.186344 0.473303 0.248933 0.504977 0.248933 0.504977 0.186344
0 0.427149 0.186344 0.357014 0.186344 0.357014 0.248933 0.380995 0.250356 0.380995 0.500711 0.354299 0.502134 0.353846 0.544808 0.380543 0.544808 0.380995 0.573257 0.385973 0.573257 0.385973 0.250356 0.427149 0.248933
0 0.281900 0.359886 0.288688 0.359886 0.288688 0.250356 0.331222 0.248933 0.331222 0.186344 0.278281 0.186344 0.278281 0.260313 0.281900 0.261735
0 0.200905 0.186344 0.200905 0.248933 0.206335 0.250356 0.206335 0.605974 0.211765 0.605974 0.212217 0.458037 0.283258 0.458037 0.283710 0.544808 0.318552 0.544808 0.318552 0.529161 0.288688 0.527738 0.288688 0.442390 0.213575 0.443812 0.213122 0.261735 0.220362 0.260313 0.220362 0.186344
0 0.132127 0.186344 0.035294 0.186344 0.035294 0.550498 0.055204 0.550498 0.055204 0.250356 0.132127 0.248933
1 0.247511 0.743954 0.247511 0.765292 0.287783 0.765292 0.287783 0.743954
1 0.206335 0.607397 0.206335 0.733997 0.211765 0.733997 0.211765 0.607397
1 0.319005 0.529161 0.319005 0.544808 0.353394 0.544808 0.353394 0.529161
1 0.796833 0.524893 0.796833 0.652916 0.807692 0.652916 0.807692 0.524893
1 0.281900 0.361309 0.281900 0.440967 0.288688 0.440967 0.288688 0.361309
2 0.035294 0.551920 0.035294 0.644381 0.055204 0.644381 0.055204 0.551920
2 0.796833 0.258890 0.796833 0.507824 0.807692 0.507824 0.807692 0.258890
2 0.505430 0.186344 0.505430 0.248933 0.623077 0.248933 0.623077 0.186344
2 0.427602 0.186344 0.427602 0.248933 0.472851 0.248933 0.472851 0.186344
2 0.331674 0.186344 0.331674 0.248933 0.356561 0.248933 0.356561 0.186344
2 0.220814 0.186344 0.220814 0.260313 0.277828 0.260313 0.277828 0.186344
2 0.132579 0.186344 0.132579 0.248933 0.200452 0.248933 0.200452 0.186344
