0 0.691935 0.858257 0.691935 0.961729 0.679032 0.962438 0.679032 0.973069 0.983871 0.973069 0.983871 0.910702 0.966129 0.910702 0.965323 0.962438 0.803226 0.962438 0.802419 0.912119 0.827419 0.911410 0.827419 0.868179 0.803226 0.868179 0.802419 0.859674 0.796774 0.859674 0.796774 0.961729 0.698387 0.962438 0.697581 0.858257
0 0.966129 0.761162 0.965323 0.807229 0.904032 0.807229 0.904032 0.812190 0.965323 0.812190 0.966129 0.864635 0.983871 0.864635 0.983871 0.761162
0 0.966129 0.636428 0.966129 0.637845 0.983871 0.637845 0.983871 0.636428
0 0.691935 0.630758 0.691935 0.815025 0.697581 0.815025 0.698387 0.812190 0.795968 0.812190 0.796774 0.816442 0.802419 0.816442 0.803226 0.812190 0.846774 0.812190 0.846774 0.807229 0.720968 0.806520 0.720968 0.765415 0.697581 0.764706 0.697581 0.630758
0 0.983871 0.506733 0.966129 0.506733 0.965323 0.562721 0.698387 0.562721 0.697581 0.518781 0.691935 0.518781 0.691935 0.576896 0.697581 0.576896 0.698387 0.572644 0.965323 0.572644 0.966129 0.608079 0.983871 0.608079
0 0.141935 0.474132 0.141935 0.478384 0.161290 0.478384 0.161290 0.474132
0 0.575000 0.292700 0.575000 0.435861 0.582258 0.435861 0.582258 0.292700
0 0.983871 0.258682 0.966129 0.258682 0.965323 0.292700 0.698387 0.292700 0.697581 0.287739 0.691935 0.287739 0.691935 0.459957 0.697581 0.459957 0.698387 0.302622 0.965323 0.302622 0.966129 0.358611 0.983871 0.358611
0 0.015323 0.292700 0.015323 0.571226 0.511290 0.571935 0.511290 0.807229 0.561290 0.807938 0.561290 0.973069 0.605645 0.973069 0.605645 0.962438 0.573387 0.961729 0.573387 0.796598 0.523387 0.795889 0.523387 0.571935 0.573387 0.571226 0.573387 0.560595 0.162097 0.560595 0.161290 0.535082 0.141935 0.535082 0.141129 0.560595 0.021774 0.559887 0.022581 0.303331 0.141129 0.303331 0.141935 0.326010 0.161290 0.326010 0.162097 0.303331 0.573387 0.303331 0.573387 0.288448 0.564516 0.288448 0.563710 0.292700 0.162097 0.292700 0.161290 0.256556 0.141935 0.256556 0.141129 0.292700
0 0.141935 0.047484 0.141935 0.107016 0.161290 0.107016 0.162097 0.058115 0.563710 0.058115 0.564516 0.233877 0.573387 0.233877 0.574194 0.225372 0.604839 0.225372 0.604839 0.220411 0.573387 0.219702 0.573387 0.095677 0.620968 0.094968 0.621774 0.058115 0.691935 0.058824 0.691935 0.219702 0.655645 0.220411 0.655645 0.225372 0.691129 0.225372 0.691935 0.233877 0.697581 0.233877 0.698387 0.058115 0.965323 0.058115 0.966129 0.104890 0.983871 0.104890 0.983871 0.047484
1 0.606452 0.962438 0.606452 0.973069 0.678226 0.973069 0.678226 0.962438
1 0.796774 0.817151 0.796774 0.858965 0.802419 0.858965 0.802419 0.817151
1 0.691935 0.815734 0.691935 0.857548 0.697581 0.857548 0.697581 0.815734
1 0.847581 0.807229 0.847581 0.812190 0.903226 0.812190 0.903226 0.807229
1 0.691935 0.577605 0.691935 0.630050 0.697581 0.630050 0.697581 0.577605
1 0.141935 0.479093 0.141935 0.534373 0.161290 0.534373 0.161290 0.479093
1 0.691935 0.460666 0.691935 0.518072 0.697581 0.518072 0.697581 0.460666
1 0.691935 0.234585 0.691935 0.287030 0.697581 0.287030 0.697581 0.234585
1 0.564516 0.234585 0.564516 0.287739 0.573387 0.287739 0.573387 0.234585
1 0.605645 0.220411 0.605645 0.225372 0.654839 0.225372 0.654839 0.220411
2 0.966129 0.865344 0.966129 0.909993 0.983871 0.909993 0.983871 0.865344
2 0.966129 0.638554 0.966129 0.760454 0.983871 0.760454 0.983871 0.638554
2 0.966129 0.608788 0.966129 0.635719 0.983871 0.635719 0.983871 0.608788
2 0.966129 0.384125 0.966129 0.506024 0.983871 0.506024 0.983871 0.384125
2 0.966129 0.359320 0.966129 0.381999 0.983871 0.381999 0.983871 0.359320
2 0.141935 0.326719 0.141935 0.473423 0.161290 0.473423 0.161290 0.326719
2 0.141935 0.107725 0.141935 0.255847 0.161290 0.255847 0.161290 0.107725
2 0.966129 0.105599 0.966129 0.257973 0.983871 0.257973 0.983871 0.105599
