0 0.633075 0.701378 0.633075 0.709035 0.672481 0.709801 0.672481 0.879020 0.624031 0.879786 0.624031 0.892037 0.919897 0.892037 0.919897 0.838438 0.894703 0.838438 0.894057 0.879786 0.679587 0.879786 0.678941 0.709801 0.720284 0.709035 0.720284 0.701378
0 0.919897 0.671516 0.894703 0.671516 0.894057 0.701378 0.768734 0.701378 0.768734 0.709035 0.894057 0.709035 0.894703 0.731240 0.919897 0.731240
0 0.894703 0.601838 0.894703 0.624043 0.919897 0.624043 0.919897 0.601838
0 0.878553 0.383614 0.878553 0.416539 0.894703 0.417305 0.894703 0.439510 0.919897 0.439510 0.919897 0.383614
0 0.722222 0.383614 0.722222 0.416539 0.742894 0.416539 0.742894 0.383614
0 0.486434 0.383614 0.486434 0.416539 0.492248 0.416539 0.492248 0.383614
0 0.359819 0.383614 0.359819 0.416539 0.394057 0.416539 0.394703 0.424962 0.401809 0.424962 0.402455 0.416539 0.430233 0.416539 0.430233 0.383614
0 0.199612 0.250383 0.198966 0.751914 0.390181 0.751914 0.390827 0.892037 0.567829 0.892037 0.567829 0.879786 0.544574 0.879020 0.544574 0.772588 0.538760 0.772588 0.538114 0.879786 0.403747 0.879020 0.403101 0.709801 0.538114 0.709035 0.538760 0.712864 0.544574 0.712864 0.544574 0.654671 0.536176 0.654671 0.535530 0.702144 0.401163 0.701378 0.401163 0.482389 0.394703 0.482389 0.394057 0.734303 0.226098 0.734303 0.225452 0.628637 0.213178 0.627871 0.213178 0.417305 0.248708 0.416539 0.248708 0.383614 0.211886 0.382848 0.212532 0.257274 0.537468 0.257274 0.537468 0.250383
0 0.539406 0.249617 0.539406 0.287902 0.549742 0.288668 0.549742 0.382848 0.531654 0.383614 0.531654 0.416539 0.589793 0.416539 0.589793 0.383614 0.555556 0.382848 0.555556 0.249617
1 0.568475 0.879786 0.568475 0.892037 0.623385 0.892037 0.623385 0.879786
1 0.538760 0.713629 0.538760 0.771822 0.544574 0.771822 0.544574 0.713629
1 0.720930 0.701378 0.720930 0.709035 0.768088 0.709035 0.768088 0.701378
1 0.430879 0.383614 0.430879 0.416539 0.485788 0.416539 0.485788 0.383614
2 0.894703 0.732006 0.894703 0.837672 0.919897 0.837672 0.919897 0.732006
2 0.894703 0.624809 0.894703 0.670750 0.919897 0.670750 0.919897 0.624809
2 0.894703 0.440276 0.894703 0.601072 0.919897 0.601072 0.919897 0.440276
2 0.743540 0.383614 0.743540 0.416539 0.877907 0.416539 0.877907 0.383614
2 0.590439 0.383614 0.590439 0.416539 0.721576 0.416539 0.721576 0.383614
2 0.492894 0.383614 0.492894 0.416539 0.531008 0.416539 0.531008 0.383614
2 0.249354 0.383614 0.249354 0.416539 0.359173 0.416539 0.359173 0.383614
