0 0.632170 0.845475 0.606150 0.845475 0.605559 0.841060 0.599054 0.841060 0.598462 0.845475 0.497930 0.845475 0.497930 0.864606 0.536369 0.865342 0.536369 0.969095 0.541691 0.969095 0.541691 0.865342 0.632170 0.864606
0 0.289769 0.720383 0.289769 0.844739 0.201064 0.845475 0.201064 0.864606 0.318155 0.864606 0.318746 0.969095 0.324069 0.969095 0.324069 0.865342 0.334122 0.864606 0.334122 0.845475 0.298640 0.844739 0.298640 0.743929 0.332939 0.743194 0.332939 0.735099 0.299231 0.735099 0.298640 0.720383
0 0.414548 0.625460 0.404494 0.637969 0.403903 0.734364 0.389119 0.735099 0.389119 0.743194 0.403903 0.743929 0.402720 0.844739 0.387345 0.845475 0.387345 0.864606 0.425784 0.864606 0.425784 0.845475 0.409225 0.844739 0.410999 0.641648 0.420461 0.629139 0.419279 0.630611
0 0.059137 0.864606 0.126552 0.864606 0.126552 0.845475 0.080426 0.844739 0.081017 0.660780 0.289178 0.660780 0.289769 0.664459 0.298640 0.664459 0.298640 0.647535 0.289769 0.647535 0.289178 0.652686 0.081017 0.652686 0.080426 0.565857 0.059137 0.565857
0 0.949734 0.311994 0.949734 0.417954 0.945003 0.418690 0.945003 0.428256 0.953282 0.428992 0.953282 0.864606 0.958604 0.864606 0.958604 0.311994
0 0.059137 0.273731 0.059137 0.477557 0.080426 0.477557 0.081017 0.472406 0.289178 0.472406 0.289178 0.498896 0.256653 0.498896 0.256653 0.503311 0.289769 0.504047 0.289769 0.590876 0.298640 0.590876 0.298640 0.473142 0.332348 0.472406 0.332348 0.464312 0.081017 0.464312 0.080426 0.273731
0 0.187463 0.168506 0.187463 0.189845 0.192785 0.189845 0.192785 0.168506
0 0.059137 0.222958 0.080426 0.222958 0.081017 0.189845 0.117090 0.189845 0.117090 0.168506 0.059137 0.168506
0 0.332939 0.167770 0.332939 0.189110 0.393258 0.189110 0.393258 0.167770
0 0.227676 0.167770 0.256062 0.167770 0.256653 0.189110 0.259610 0.189110 0.259610 0.167770
0 0.958604 0.036056 0.950325 0.036056 0.949734 0.167035 0.732111 0.167035 0.731520 0.036056 0.723241 0.036056 0.722649 0.167035 0.466588 0.167770 0.466588 0.189110 0.598462 0.188374 0.599054 0.191317 0.605559 0.191317 0.606150 0.188374 0.628031 0.188374 0.628622 0.167035 0.674157 0.167035 0.674749 0.188374 0.714370 0.189110 0.714370 0.447388 0.654642 0.448124 0.654642 0.456218 0.707274 0.456954 0.707274 0.595291 0.657599 0.596026 0.657599 0.604121 0.711413 0.604857 0.710822 0.698308 0.605559 0.697572 0.605559 0.604857 0.607924 0.604121 0.607924 0.596026 0.605559 0.595291 0.605559 0.456954 0.608516 0.456218 0.608516 0.448124 0.605559 0.447388 0.605559 0.253127 0.599054 0.253127 0.598462 0.464312 0.392076 0.464312 0.392076 0.472406 0.506209 0.472406 0.506801 0.504047 0.513306 0.504047 0.513897 0.472406 0.599054 0.473142 0.598462 0.573216 0.513897 0.573216 0.513306 0.562178 0.506801 0.562178 0.506209 0.573216 0.452395 0.573216 0.445299 0.583517 0.450030 0.588668 0.447073 0.592347 0.455352 0.581310 0.599054 0.582046 0.599054 0.796174 0.605559 0.796174 0.606150 0.706402 0.716144 0.707138 0.716144 0.844739 0.668244 0.845475 0.668244 0.864606 0.731520 0.864606 0.731520 0.428992 0.897102 0.428256 0.897102 0.418690 0.731520 0.417954 0.731520 0.178808 0.949143 0.178072 0.949734 0.244297 0.958604 0.244297
1 0.334713 0.845475 0.334713 0.864606 0.386753 0.864606 0.386753 0.845475
1 0.599054 0.796909 0.599054 0.840324 0.605559 0.840324 0.605559 0.796909
1 0.333530 0.735099 0.333530 0.743194 0.388527 0.743194 0.388527 0.735099
1 0.289769 0.665195 0.289769 0.719647 0.298640 0.719647 0.298640 0.665195
1 0.608516 0.596026 0.608516 0.604121 0.657008 0.604121 0.657008 0.596026
1 0.289769 0.591611 0.289769 0.646799 0.298640 0.646799 0.298640 0.591611
1 0.444707 0.583517 0.414548 0.624724 0.419279 0.629875 0.449438 0.588668
1 0.506801 0.504783 0.506801 0.561442 0.513306 0.561442 0.513306 0.504783
1 0.332939 0.464312 0.332939 0.472406 0.391484 0.472406 0.391484 0.464312
1 0.609107 0.448124 0.609107 0.456218 0.654051 0.456218 0.654051 0.448124
1 0.897694 0.418690 0.897694 0.428256 0.944412 0.428256 0.944412 0.418690
1 0.599054 0.192053 0.599054 0.252391 0.605559 0.252391 0.605559 0.192053
1 0.628622 0.167770 0.628622 0.189110 0.674157 0.189110 0.674157 0.167770
2 0.632762 0.845475 0.632762 0.864606 0.667652 0.864606 0.667652 0.845475
2 0.426375 0.845475 0.426375 0.864606 0.497339 0.864606 0.497339 0.845475
2 0.127144 0.845475 0.127144 0.864606 0.200473 0.864606 0.200473 0.845475
2 0.059137 0.478293 0.059137 0.565121 0.080426 0.565121 0.080426 0.478293
2 0.949734 0.245033 0.949734 0.311258 0.958604 0.311258 0.958604 0.245033
2 0.059137 0.223694 0.059137 0.272995 0.080426 0.272995 0.080426 0.223694
2 0.193377 0.168506 0.193377 0.189845 0.256062 0.189845 0.256062 0.168506
2 0.117682 0.168506 0.117682 0.189845 0.186872 0.189845 0.186872 0.168506
2 0.393850 0.167770 0.393850 0.189110 0.465996 0.189110 0.465996 0.167770
2 0.260201 0.167770 0.260201 0.189845 0.332348 0.189110 0.332348 0.167770
