0 0.319927 0.616613 0.319927 0.621938 0.341865 0.621938 0.341865 0.616613
0 0.470445 0.532481 0.470445 0.542066 0.567946 0.542066 0.568556 0.617678 0.574040 0.617678 0.574040 0.532481
0 0.106033 0.402556 0.106033 0.806177 0.672151 0.806177 0.672151 0.787007 0.594150 0.787007 0.593541 0.722045 0.568556 0.722045 0.567946 0.787007 0.342474 0.787007 0.341865 0.709265 0.319927 0.709265 0.319317 0.773163 0.112127 0.773163 0.111517 0.413206 0.319317 0.412141 0.319927 0.447284 0.341865 0.447284 0.341865 0.234292 0.319927 0.234292 0.319317 0.402556
0 0.800731 0.111821 0.800731 0.145900 0.815356 0.146965 0.815356 0.192758 0.820841 0.192758 0.821450 0.145900 0.915296 0.146965 0.915296 0.357827 0.889701 0.358892 0.889092 0.406816 0.821450 0.406816 0.820841 0.268371 0.815356 0.268371 0.815356 0.594249 0.742230 0.595314 0.741621 0.533546 0.698964 0.533546 0.698964 0.542066 0.735527 0.543131 0.735527 0.610224 0.741621 0.610224 0.742230 0.605964 0.828763 0.605964 0.828763 0.587859 0.826935 0.586794 0.826935 0.430245 0.909202 0.429180 0.909811 0.586794 0.865935 0.587859 0.865935 0.605964 0.915296 0.607029 0.915296 0.751864 0.879342 0.752929 0.878732 0.787007 0.742230 0.787007 0.741621 0.697551 0.735527 0.697551 0.735527 0.785942 0.726996 0.787007 0.726996 0.806177 0.926264 0.806177 0.926264 0.111821
0 0.461304 0.111821 0.461304 0.145900 0.639854 0.146965 0.639854 0.542066 0.649604 0.542066 0.649604 0.533546 0.646557 0.532481 0.646557 0.146965 0.655088 0.145900 0.655088 0.111821
0 0.319927 0.111821 0.319927 0.167199 0.341865 0.167199 0.341865 0.146965 0.352224 0.145900 0.352224 0.111821
1 0.672761 0.787007 0.672761 0.806177 0.726386 0.806177 0.726386 0.787007
1 0.319927 0.623003 0.319927 0.708200 0.341865 0.708200 0.341865 0.623003
1 0.735527 0.611289 0.735527 0.696486 0.741621 0.696486 0.741621 0.611289
1 0.829372 0.587859 0.829372 0.605964 0.865326 0.605964 0.865326 0.587859
1 0.650213 0.533546 0.650213 0.542066 0.698355 0.542066 0.698355 0.533546
1 0.815356 0.193823 0.815356 0.267306 0.820841 0.267306 0.820841 0.193823
2 0.319927 0.448349 0.319927 0.615548 0.341865 0.615548 0.341865 0.448349
2 0.319927 0.168264 0.319927 0.233227 0.341865 0.233227 0.341865 0.168264
2 0.655698 0.111821 0.655698 0.145900 0.800122 0.145900 0.800122 0.111821
2 0.352834 0.111821 0.352834 0.145900 0.460695 0.145900 0.460695 0.111821
