0 0.642548 0.793706 0.642548 0.802448 0.649969 0.803322 0.649969 0.896853 0.642548 0.897727 0.642548 0.909965 0.644403 0.910839 0.644403 0.957168 0.745207 0.957168 0.745826 0.972902 0.764997 0.972902 0.763760 0.864510 0.757576 0.864510 0.756957 0.906469 0.723562 0.906469 0.722944 0.940559 0.656153 0.939685 0.656153 0.803322 0.658009 0.802448 0.658009 0.793706
0 0.940012 0.972902 0.940012 0.749126 0.917749 0.749126 0.917130 0.793706 0.712430 0.793706 0.711812 0.791084 0.705628 0.791084 0.705009 0.793706 0.703154 0.793706 0.703154 0.802448 0.818800 0.802448 0.819419 0.807692 0.827458 0.807692 0.828077 0.805070 0.914038 0.805070 0.914657 0.934441 0.828077 0.935315 0.827458 0.861888 0.819419 0.861888 0.819419 0.939685 0.813234 0.940559 0.813234 0.972902
0 0.626469 0.326923 0.626469 0.389860 0.634508 0.389860 0.635127 0.335664 0.705628 0.336538 0.705009 0.512238 0.668522 0.512238 0.667904 0.487762 0.635127 0.487762 0.634508 0.446678 0.626469 0.446678 0.626469 0.638986 0.705009 0.638986 0.705628 0.715909 0.711812 0.715909 0.711812 0.626748 0.705628 0.626748 0.705009 0.630245 0.634508 0.629371 0.635127 0.525350 0.705009 0.525350 0.705628 0.569056 0.711812 0.569056 0.712430 0.525350 0.917130 0.525350 0.917749 0.642483 0.940012 0.642483 0.940012 0.429196 0.917749 0.429196 0.917130 0.512238 0.712430 0.512238 0.711812 0.322552 0.705628 0.322552 0.705009 0.326923
0 0.208411 0.253497 0.208411 0.264860 0.222635 0.264860 0.222635 0.253497
0 0.380334 0.236014 0.380334 0.251748 0.389610 0.251748 0.389610 0.236014
0 0.940012 0.326049 0.940012 0.215909 0.941868 0.213287 0.925788 0.195804 0.917749 0.208042 0.917130 0.237762 0.732839 0.237762 0.732220 0.214161 0.705628 0.214161 0.705628 0.249126 0.711812 0.249126 0.712430 0.246503 0.917130 0.246503 0.917749 0.326049
0 0.380334 0.174825 0.380334 0.186189 0.389610 0.186189 0.389610 0.174825
0 0.974026 0.122378 0.957947 0.140734 0.956092 0.138112 0.974644 0.159965 0.972789 0.162587 0.985776 0.141608
0 0.380334 0.104895 0.380334 0.115385 0.389610 0.115385 0.389610 0.104895
0 0.032777 0.028846 0.032777 0.329545 0.083488 0.399476 0.083488 0.484266 0.223871 0.484266 0.224490 0.402972 0.513915 0.402972 0.543599 0.449301 0.545455 0.909965 0.587508 0.909965 0.587508 0.897727 0.554113 0.896853 0.553494 0.803322 0.588126 0.802448 0.588126 0.793706 0.553494 0.792832 0.552257 0.444930 0.517007 0.388986 0.223253 0.388986 0.222635 0.340909 0.208411 0.340909 0.207792 0.477273 0.089672 0.477273 0.089054 0.395979 0.038343 0.326049 0.038343 0.042832 0.207792 0.041958 0.208411 0.045455 0.222635 0.045455 0.223253 0.041958 0.379716 0.041958 0.380334 0.056818 0.389610 0.056818 0.390229 0.041958 0.547310 0.041958 0.547928 0.251748 0.554113 0.251748 0.554731 0.041958 0.917130 0.041958 0.917749 0.076049 0.925788 0.089161 0.942486 0.071678 0.940012 0.068182 0.940012 0.010490 0.208411 0.010490 0.207792 0.028846
1 0.588126 0.897727 0.588126 0.909965 0.641929 0.909965 0.641929 0.897727
1 0.819419 0.808566 0.819419 0.861014 0.827458 0.861014 0.827458 0.808566
1 0.658627 0.793706 0.658627 0.802448 0.702536 0.802448 0.702536 0.793706
1 0.588745 0.793706 0.588745 0.802448 0.641929 0.802448 0.641929 0.793706
1 0.705628 0.716783 0.705628 0.790210 0.711812 0.790210 0.711812 0.716783
1 0.705628 0.569930 0.705628 0.625874 0.711812 0.625874 0.711812 0.569930
1 0.626469 0.390734 0.626469 0.445804 0.634508 0.445804 0.634508 0.390734
1 0.208411 0.265734 0.208411 0.340035 0.222635 0.340035 0.222635 0.265734
1 0.705628 0.250000 0.705628 0.321678 0.711812 0.321678 0.711812 0.250000
2 0.765615 0.940559 0.765615 0.972902 0.812616 0.972902 0.812616 0.940559
2 0.917749 0.643357 0.917749 0.748252 0.940012 0.748252 0.940012 0.643357
2 0.917749 0.326923 0.917749 0.428322 0.940012 0.428322 0.940012 0.326923
2 0.380334 0.187063 0.380334 0.235140 0.389610 0.235140 0.389610 0.187063
2 0.958565 0.141608 0.925788 0.194930 0.941249 0.213287 0.974026 0.159965
2 0.380334 0.116259 0.380334 0.173951 0.389610 0.173951 0.389610 0.116259
2 0.941868 0.071678 0.926407 0.090035 0.957947 0.139860 0.973408 0.121503
2 0.380334 0.057692 0.380334 0.104021 0.389610 0.104021 0.389610 0.057692
2 0.208411 0.046329 0.208411 0.252622 0.222635 0.252622 0.222635 0.046329
