0 0.939896 0.574657 0.939896 0.577078 0.953886 0.577078 0.953886 0.574657
0 0.060622 0.676352 0.060622 0.757869 0.606736 0.757869 0.606736 0.742534 0.593264 0.741727 0.593264 0.673123 0.589119 0.673123 0.588601 0.742534 0.538342 0.742534 0.537824 0.710250 0.520207 0.709443 0.520207 0.621469 0.546632 0.620662 0.547150 0.593220 0.588601 0.593220 0.589119 0.623890 0.593264 0.623890 0.593264 0.585149 0.358031 0.585149 0.358031 0.593220 0.428497 0.593220 0.429016 0.619048 0.435751 0.619048 0.436269 0.594835 0.512953 0.594835 0.512953 0.733656 0.436269 0.733656 0.435751 0.669895 0.429016 0.669895 0.428497 0.742534 0.266321 0.742534 0.265803 0.594027 0.326943 0.593220 0.326943 0.585149 0.266321 0.585149 0.265803 0.548830 0.261140 0.548830 0.260622 0.742534 0.083938 0.742534 0.083420 0.676352
0 0.265803 0.468927 0.261140 0.468927 0.260622 0.474576 0.207254 0.474576 0.207254 0.481033 0.260622 0.481033 0.261140 0.485069 0.265803 0.485069
0 0.999482 0.482647 0.954404 0.482647 0.953886 0.393059 0.939896 0.393059 0.939896 0.509282 0.953886 0.509282 0.954404 0.489911 0.997409 0.490718 0.999482 0.524617 0.999482 0.711864 0.997409 0.744956 0.954404 0.744956 0.953886 0.699758 0.939896 0.699758 0.939378 0.742534 0.647668 0.742534 0.647668 0.757869 0.953886 0.757869 0.954404 0.752220 0.999482 0.752220
0 0.304663 0.389831 0.304663 0.397094 0.397927 0.397902 0.397927 0.496368 0.365803 0.497175 0.365803 0.504439 0.456995 0.504439 0.456995 0.497175 0.416580 0.496368 0.417098 0.397094 0.448187 0.397094 0.448705 0.421308 0.491710 0.421308 0.492228 0.496368 0.488601 0.497175 0.488601 0.504439 0.532124 0.504439 0.532124 0.497175 0.498446 0.496368 0.498964 0.421308 0.598446 0.421308 0.598964 0.456013 0.617617 0.456820 0.617617 0.496368 0.565285 0.497175 0.565285 0.504439 0.622280 0.504439 0.622280 0.353511 0.617617 0.353511 0.617098 0.363196 0.598964 0.363196 0.598446 0.414044 0.453886 0.414044 0.453368 0.339790 0.448705 0.339790 0.448187 0.389831
0 0.060622 0.266344 0.060622 0.528652 0.083420 0.528652 0.083420 0.266344
0 0.907254 0.208232 0.939896 0.258273 0.939896 0.271186 0.953886 0.271186 0.953886 0.234060 0.937824 0.209847 0.923316 0.233253
0 0.870984 0.142050 0.870984 0.168684 0.881347 0.168684 0.895855 0.191283 0.890155 0.182405 0.904663 0.158999 0.893782 0.142050
0 0.692746 0.142050 0.692746 0.168684 0.822280 0.168684 0.822280 0.142050
0 0.643005 0.142050 0.617617 0.142050 0.604663 0.163035 0.607772 0.168684 0.617617 0.169492 0.617617 0.265537 0.622280 0.265537 0.622280 0.169492 0.643005 0.168684
0 0.060622 0.142050 0.060622 0.191283 0.083420 0.191283 0.083420 0.171106 0.094301 0.170299 0.094301 0.142050
0 0.466839 0.111380 0.447150 0.142050 0.393782 0.142050 0.393782 0.170299 0.448705 0.171106 0.448705 0.267958 0.453368 0.267958 0.453368 0.171106 0.459067 0.170299 0.479793 0.138015 0.465285 0.160613 0.450259 0.137207
0 0.579275 0.080710 0.571503 0.080710 0.571503 0.112187 0.584974 0.090395
0 0.487047 0.080710 0.480829 0.091203 0.495337 0.113801 0.496373 0.112187 0.496373 0.080710
0 0.213472 0.006457 0.178238 0.061340 0.178238 0.141243 0.157513 0.142050 0.157513 0.170299 0.229016 0.171106 0.229016 0.317191 0.261140 0.317998 0.261140 0.404358 0.265803 0.404358 0.265803 0.397902 0.267876 0.397094 0.267876 0.389831 0.265803 0.389023 0.265803 0.309927 0.233679 0.309120 0.233679 0.171106 0.268394 0.170299 0.268394 0.142050 0.183938 0.142050 0.183420 0.064568 0.214508 0.016142 0.284974 0.016142 0.317098 0.066990 0.317098 0.141243 0.305181 0.142050 0.305181 0.170299 0.329016 0.170299 0.329016 0.142050 0.321762 0.141243 0.321762 0.063761 0.285492 0.006457
1 0.607254 0.742534 0.607254 0.757869 0.647150 0.757869 0.647150 0.742534
1 0.589119 0.624697 0.589119 0.672316 0.593264 0.672316 0.593264 0.624697
1 0.429016 0.619855 0.429016 0.669088 0.435751 0.669088 0.435751 0.619855
1 0.327461 0.585149 0.327461 0.593220 0.357513 0.593220 0.357513 0.585149
1 0.939896 0.510089 0.939896 0.573850 0.953886 0.573850 0.953886 0.510089
1 0.532642 0.497175 0.532642 0.504439 0.564767 0.504439 0.564767 0.497175
1 0.457513 0.497175 0.457513 0.504439 0.488083 0.504439 0.488083 0.497175
1 0.261140 0.485876 0.261140 0.548023 0.265803 0.548023 0.265803 0.485876
1 0.261140 0.405165 0.261140 0.468119 0.265803 0.468119 0.265803 0.405165
1 0.268394 0.389831 0.268394 0.397094 0.304145 0.397094 0.304145 0.389831
1 0.448705 0.268765 0.448705 0.338983 0.453368 0.338983 0.453368 0.268765
1 0.617617 0.266344 0.617617 0.352704 0.622280 0.352704 0.622280 0.266344
1 0.268912 0.142050 0.268912 0.170299 0.304663 0.170299 0.304663 0.142050
2 0.939896 0.577885 0.939896 0.698951 0.953886 0.698951 0.953886 0.577885
2 0.060622 0.529459 0.060622 0.675545 0.083420 0.675545 0.083420 0.529459
2 0.939896 0.271994 0.939896 0.392252 0.953886 0.392252 0.953886 0.271994
2 0.060622 0.192090 0.060622 0.265537 0.083420 0.265537 0.083420 0.192090
2 0.905181 0.159806 0.890674 0.182405 0.923316 0.232446 0.937824 0.209040
2 0.822798 0.142050 0.822798 0.168684 0.870466 0.168684 0.870466 0.142050
2 0.643523 0.142050 0.643523 0.168684 0.692228 0.168684 0.692228 0.142050
2 0.329534 0.142050 0.329534 0.170299 0.393264 0.170299 0.393264 0.142050
2 0.094819 0.142050 0.094819 0.170299 0.156995 0.170299 0.156995 0.142050
2 0.480311 0.091203 0.450777 0.137207 0.465285 0.159806 0.494819 0.114609
2 0.496891 0.080710 0.496891 0.112187 0.570984 0.112187 0.604145 0.163035 0.618135 0.141243 0.585492 0.090395 0.571503 0.112994 0.570984 0.080710
