0 0.241803 0.856498 0.241803 0.871049 0.250000 0.871049 0.250000 0.856498
0 0.184426 0.856498 0.184426 0.871049 0.213115 0.871049 0.213115 0.856498
0 0.520492 0.817361 0.520492 0.872554 0.722678 0.872554 0.722678 0.857501 0.548497 0.857501 0.547814 0.817361
0 0.348361 0.772203 0.340164 0.772203 0.340164 0.815855 0.328552 0.816357 0.328552 0.822378 0.333333 0.822880 0.333333 0.851480 0.328552 0.851982 0.327869 0.856498 0.314208 0.856498 0.314208 0.871049 0.327869 0.871550 0.327869 0.962870 0.334016 0.962870 0.334016 0.871550 0.349727 0.871049 0.349727 0.856498 0.348361 0.855996
0 0.822404 0.693929 0.814208 0.693929 0.814208 0.716006 0.812842 0.716508 0.812842 0.722027 0.814208 0.722529 0.814208 0.856999 0.764344 0.857501 0.764344 0.872554 0.845628 0.872554 0.845628 0.853487 0.828552 0.852985 0.828552 0.770697 0.831284 0.770196 0.831284 0.760161 0.822404 0.759659
0 0.756831 0.716508 0.741120 0.716006 0.741120 0.679880 0.733607 0.679880 0.732923 0.686402 0.702869 0.686402 0.702186 0.716508 0.548497 0.716508 0.547814 0.710988 0.520492 0.710988 0.520492 0.726543 0.547814 0.726543 0.548497 0.722027 0.756831 0.722027
0 0.194672 0.616658 0.194672 0.704466 0.241803 0.704967 0.241803 0.796789 0.194672 0.797291 0.194672 0.802810 0.249317 0.802810 0.249317 0.698946 0.202186 0.698445 0.202186 0.622679 0.252049 0.622178 0.252049 0.616658
0 0.037568 0.605118 0.037568 0.871049 0.086066 0.871049 0.086066 0.856498 0.066257 0.855996 0.066257 0.605118
0 0.340164 0.567486 0.340164 0.575514 0.347678 0.575514 0.348361 0.573006 0.401639 0.573006 0.401639 0.567486
0 0.520492 0.373808 0.520492 0.620672 0.547814 0.620672 0.548497 0.523332 0.732923 0.523332 0.733607 0.638736 0.741120 0.638736 0.741120 0.523833 0.745902 0.523332 0.745902 0.517812 0.548497 0.517812 0.547814 0.373808
0 0.823770 0.318615 0.823770 0.335675 0.834699 0.335675 0.834699 0.318615
0 0.728142 0.318615 0.728142 0.335675 0.747951 0.335675 0.747951 0.318615
0 0.246585 0.317110 0.246585 0.335675 0.269126 0.335675 0.269126 0.317110
0 0.174863 0.317110 0.174863 0.335675 0.185792 0.335675 0.185792 0.317110
0 0.164617 0.216759 0.037568 0.216759 0.037568 0.484696 0.066257 0.484696 0.066257 0.346713 0.083333 0.346212 0.084016 0.335675 0.105874 0.335675 0.105874 0.317110 0.060792 0.316608 0.060792 0.220773 0.164617 0.220271
0 0.514344 0.214752 0.514344 0.318615 0.520492 0.319117 0.520492 0.353236 0.547814 0.353236 0.548497 0.335675 0.584699 0.335675 0.584699 0.318615 0.520492 0.318113 0.521175 0.219267 0.942623 0.219769 0.942623 0.318113 0.896175 0.318615 0.896175 0.335675 0.940574 0.336177 0.940574 0.517311 0.799863 0.517812 0.799863 0.523332 0.814208 0.523833 0.814208 0.574511 0.879098 0.574511 0.879098 0.568991 0.821721 0.568490 0.822404 0.523332 0.940574 0.523833 0.940574 0.617662 0.814208 0.618164 0.814208 0.653287 0.822404 0.653287 0.823087 0.623683 0.903005 0.623683 0.903689 0.639739 0.940574 0.640241 0.940574 0.759659 0.889344 0.760161 0.889344 0.770196 0.935109 0.770697 0.935109 0.852985 0.913251 0.853487 0.913251 0.872554 0.956284 0.872554 0.956284 0.219267 0.943306 0.219267 0.942623 0.214752
0 0.476093 0.019067 0.463115 0.019067 0.463115 0.316608 0.422131 0.317110 0.422131 0.335675 0.462432 0.336177 0.462432 0.517311 0.340164 0.517812 0.340164 0.522328 0.462432 0.522830 0.461749 0.616658 0.348361 0.616658 0.347678 0.611139 0.340164 0.611139 0.340164 0.624686 0.348361 0.624686 0.349044 0.622679 0.420765 0.622679 0.421448 0.638736 0.462432 0.639237 0.461749 0.687406 0.349044 0.687406 0.348361 0.665329 0.340164 0.665329 0.340164 0.731560 0.348361 0.731560 0.349044 0.693427 0.462432 0.693929 0.462432 0.855996 0.411885 0.856498 0.411885 0.871049 0.476093 0.871049
0 0.037568 0.018063 0.037568 0.202709 0.045082 0.202709 0.045082 0.018063
1 0.250683 0.856498 0.250683 0.871049 0.313525 0.871049 0.313525 0.856498
1 0.831967 0.760161 0.831967 0.770196 0.888661 0.770196 0.888661 0.760161
1 0.340164 0.732062 0.340164 0.771701 0.348361 0.771701 0.348361 0.732062
1 0.757514 0.716508 0.757514 0.722027 0.812158 0.722027 0.812158 0.716508
1 0.814208 0.653788 0.814208 0.693427 0.822404 0.693427 0.822404 0.653788
1 0.733607 0.639237 0.733607 0.679378 0.741120 0.679378 0.741120 0.639237
1 0.340164 0.625188 0.340164 0.664827 0.348361 0.664827 0.348361 0.625188
1 0.340164 0.576016 0.340164 0.610637 0.347678 0.610637 0.347678 0.576016
1 0.746585 0.517812 0.746585 0.523332 0.799180 0.523332 0.799180 0.517812
1 0.835383 0.318615 0.835383 0.335675 0.895492 0.335675 0.895492 0.318615
1 0.186475 0.317110 0.186475 0.335675 0.245902 0.335675 0.245902 0.317110
2 0.723361 0.857501 0.723361 0.872554 0.763661 0.872554 0.763661 0.857501
2 0.350410 0.856498 0.350410 0.871049 0.411202 0.871049 0.411202 0.856498
2 0.213798 0.856498 0.213798 0.871049 0.241120 0.871049 0.241120 0.856498
2 0.086749 0.856498 0.086749 0.871049 0.183743 0.871049 0.183743 0.856498
2 0.846311 0.853487 0.846311 0.872554 0.912568 0.872554 0.912568 0.853487
2 0.520492 0.727045 0.520492 0.816859 0.547814 0.816859 0.547814 0.727045
2 0.520492 0.621174 0.520492 0.710487 0.547814 0.710487 0.547814 0.621174
2 0.037568 0.485198 0.037568 0.604616 0.066257 0.604616 0.066257 0.485198
2 0.520492 0.353738 0.520492 0.373307 0.547814 0.373307 0.547814 0.353738
2 0.748634 0.318615 0.748634 0.335675 0.823087 0.335675 0.823087 0.318615
2 0.585383 0.318615 0.585383 0.335675 0.727459 0.335675 0.727459 0.318615
2 0.269809 0.317110 0.269809 0.335675 0.421448 0.335675 0.421448 0.317110
2 0.106557 0.317110 0.106557 0.335675 0.174180 0.335675 0.174180 0.317110
