0 0.584016 0.821549 0.572746 0.821549 0.571721 0.957576 0.253074 0.957576 0.252049 0.909091 0.230533 0.909091 0.230533 0.971717 0.594262 0.971717 0.594262 0.855219 0.599385 0.854545 0.599385 0.840404 0.584016 0.839731
0 0.584016 0.716498 0.572746 0.716498 0.571721 0.720539 0.534836 0.720539 0.533811 0.761616 0.397541 0.761616 0.396516 0.704377 0.387295 0.704377 0.386270 0.761616 0.253074 0.761616 0.252049 0.714478 0.230533 0.714478 0.230533 0.824242 0.252049 0.824242 0.253074 0.767677 0.571721 0.767677 0.572746 0.771044 0.584016 0.771044
0 0.230533 0.546801 0.230533 0.657912 0.252049 0.657912 0.253074 0.655892 0.319672 0.655892 0.320697 0.620875 0.386270 0.620875 0.387295 0.662626 0.396516 0.662626 0.397541 0.620875 0.571721 0.620875 0.572746 0.665993 0.584016 0.665993 0.584016 0.571044 0.572746 0.571044 0.571721 0.614815 0.253074 0.614815 0.252049 0.546801
0 0.942623 0.279461 0.920082 0.279461 0.920082 0.442424 0.733607 0.443098 0.733607 0.839731 0.675205 0.840404 0.675205 0.854545 0.755123 0.854545 0.755123 0.457912 0.942623 0.457239
0 0.718238 0.193939 0.718238 0.208754 0.919057 0.208754 0.920082 0.211448 0.942623 0.211448 0.942623 0.193939
0 0.470287 0.193939 0.470287 0.208754 0.473361 0.208754 0.473361 0.193939
0 0.230533 0.026936 0.230533 0.465993 0.252049 0.465993 0.253074 0.420202 0.571721 0.420202 0.572746 0.476094 0.584016 0.476094 0.584016 0.315825 0.572746 0.315825 0.571721 0.412795 0.252049 0.412121 0.252049 0.209428 0.369877 0.208754 0.369877 0.193939 0.251025 0.193266 0.251025 0.058586 0.571721 0.081481 0.572746 0.193266 0.551230 0.193939 0.551230 0.208754 0.572746 0.209428 0.572746 0.240404 0.584016 0.240404 0.584016 0.209428 0.615779 0.208754 0.615779 0.193939 0.584016 0.193266 0.584016 0.074747 0.256148 0.051852 0.251025 0.050505 0.251025 0.026936
1 0.600410 0.840404 0.600410 0.854545 0.674180 0.854545 0.674180 0.840404
1 0.572746 0.771717 0.572746 0.820875 0.584016 0.820875 0.584016 0.771717
1 0.572746 0.666667 0.572746 0.715825 0.584016 0.715825 0.584016 0.666667
1 0.387295 0.663300 0.387295 0.703704 0.396516 0.703704 0.396516 0.663300
1 0.572746 0.476768 0.572746 0.570370 0.584016 0.570370 0.584016 0.476768
1 0.572746 0.241077 0.572746 0.315152 0.584016 0.315152 0.584016 0.241077
1 0.474385 0.193939 0.474385 0.208754 0.550205 0.208754 0.550205 0.193939
2 0.230533 0.824916 0.230533 0.908418 0.252049 0.908418 0.252049 0.824916
2 0.230533 0.658586 0.230533 0.713805 0.252049 0.713805 0.252049 0.658586
2 0.230533 0.466667 0.230533 0.546128 0.252049 0.546128 0.252049 0.466667
2 0.920082 0.212121 0.920082 0.278788 0.942623 0.278788 0.942623 0.212121
2 0.616803 0.193939 0.616803 0.208754 0.717213 0.208754 0.717213 0.193939
2 0.370902 0.193939 0.370902 0.208754 0.469262 0.208754 0.469262 0.193939
