0 0.265530 0.872850 0.265530 0.899028 0.275274 0.899028 0.275274 0.872850
0 0.445798 0.774869 0.419001 0.774869 0.419001 0.872102 0.344702 0.872850 0.344702 0.899028 0.444580 0.899028 0.444580 0.872850 0.431181 0.872102 0.431181 0.783844 0.445798 0.783096
0 0.339829 0.599102 0.339829 0.607330 0.419001 0.608078 0.419001 0.700823 0.431181 0.700823 0.431181 0.599102
0 0.710110 0.256545 0.710110 0.284218 0.723508 0.284218 0.723508 0.256545
0 0.405603 0.256545 0.405603 0.284218 0.408039 0.284218 0.408039 0.256545
0 0.242387 0.256545 0.242387 0.284218 0.252132 0.284218 0.252132 0.256545
0 0.602923 0.107704 0.594397 0.107704 0.594397 0.255797 0.512789 0.256545 0.512789 0.284218 0.540804 0.284966 0.540804 0.435303 0.554202 0.435303 0.554202 0.284966 0.644336 0.284218 0.644336 0.256545 0.602923 0.255797
0 0.913520 0.031414 0.902558 0.031414 0.902558 0.255797 0.876979 0.256545 0.876979 0.284218 0.894032 0.284966 0.894032 0.550486 0.555420 0.551234 0.554202 0.496634 0.540804 0.496634 0.540804 0.608078 0.554202 0.608078 0.555420 0.558714 0.894032 0.559461 0.894032 0.739716 0.880633 0.740464 0.880633 0.754675 0.883069 0.755423 0.883069 0.868362 0.673569 0.869110 0.672351 0.755423 0.802680 0.754675 0.802680 0.740464 0.663825 0.740464 0.662607 0.673149 0.555420 0.673149 0.554202 0.670905 0.540804 0.670905 0.540804 0.681376 0.576127 0.682124 0.576127 0.698579 0.649208 0.699327 0.649208 0.774121 0.561510 0.774869 0.561510 0.783096 0.649208 0.783844 0.649208 0.872102 0.560292 0.872850 0.560292 0.899028 0.732034 0.899028 0.733252 0.890052 0.913520 0.890052
0 0.112058 0.031414 0.112058 0.255797 0.098660 0.256545 0.098660 0.899028 0.192448 0.899028 0.192448 0.872850 0.123021 0.872102 0.123021 0.608078 0.200974 0.607330 0.200974 0.599102 0.123021 0.598355 0.123021 0.284966 0.171742 0.284218 0.171742 0.256545 0.123021 0.255797 0.123021 0.031414
1 0.445798 0.872850 0.445798 0.899028 0.559074 0.899028 0.559074 0.872850
1 0.447016 0.774869 0.447016 0.783096 0.560292 0.783096 0.560292 0.774869
1 0.803898 0.740464 0.803898 0.754675 0.879415 0.754675 0.879415 0.740464
1 0.540804 0.608826 0.540804 0.670157 0.554202 0.670157 0.554202 0.608826
1 0.540804 0.436051 0.540804 0.495886 0.554202 0.495886 0.554202 0.436051
1 0.409257 0.256545 0.409257 0.284218 0.511571 0.284218 0.511571 0.256545
2 0.276492 0.872850 0.276492 0.899028 0.343484 0.899028 0.343484 0.872850
2 0.193666 0.872850 0.193666 0.899028 0.264312 0.899028 0.264312 0.872850
2 0.724726 0.256545 0.724726 0.284218 0.875761 0.284218 0.875761 0.256545
2 0.645554 0.256545 0.645554 0.284218 0.708892 0.284218 0.708892 0.256545
2 0.253350 0.256545 0.253350 0.284218 0.404385 0.284218 0.404385 0.256545
2 0.172960 0.256545 0.172960 0.284218 0.241169 0.284218 0.241169 0.256545
