0 0.521605 0.911411 0.519547 0.911411 0.484568 0.962462 0.362140 0.962462 0.362140 0.975225 0.484568 0.975225 0.513889 0.933183 0.521605 0.933183
0 0.586934 0.911411 0.586934 0.933183 0.595165 0.933183 0.599794 0.925676 0.590021 0.910661
0 0.870885 0.787538 0.855967 0.787538 0.855453 0.843093 0.794753 0.843093 0.794753 0.864865 0.870885 0.864865
0 0.715535 0.843093 0.674383 0.843093 0.673868 0.786787 0.669239 0.786787 0.669239 0.842342 0.635802 0.843093 0.622942 0.862613 0.633230 0.876877 0.641975 0.864865 0.715535 0.864865
0 0.376029 0.702703 0.371399 0.710210 0.340535 0.710210 0.340535 0.718468 0.371914 0.719219 0.371914 0.842342 0.340021 0.843093 0.340021 0.864865 0.379630 0.864865 0.379630 0.843093 0.377572 0.842342 0.377572 0.711712 0.379630 0.707958
0 0.280864 0.650150 0.282922 0.653153 0.278807 0.659159 0.284465 0.668168 0.284465 0.842342 0.217593 0.843093 0.217593 0.864865 0.277263 0.865616 0.277263 0.975225 0.286008 0.975225 0.286008 0.865616 0.293210 0.864865 0.293210 0.843093 0.290123 0.842342 0.290123 0.719219 0.294239 0.718468 0.294239 0.710210 0.290123 0.709459 0.290123 0.665165
0 0.439300 0.596096 0.439300 0.663664 0.402263 0.664414 0.399691 0.668168 0.403292 0.674174 0.404835 0.672673 0.439300 0.673423 0.439300 0.842342 0.410494 0.843093 0.410494 0.864865 0.469136 0.864865 0.478909 0.879129 0.475823 0.874625 0.486626 0.859610 0.476337 0.843093 0.444959 0.842342 0.444959 0.605105 0.477366 0.604354 0.477366 0.596096
0 0.762346 0.535285 0.762346 0.620871 0.764918 0.621622 0.758745 0.628378 0.761317 0.633634 0.762860 0.634384 0.767490 0.629129 0.855453 0.629129 0.855967 0.716967 0.870885 0.716967 0.870885 0.548799 0.855967 0.548799 0.855453 0.620871 0.768519 0.620871 0.768004 0.535285
0 0.663066 0.367117 0.663066 0.417417 0.647634 0.418168 0.647634 0.504505 0.605453 0.505255 0.605453 0.560811 0.611626 0.560811 0.612140 0.514264 0.669239 0.515015 0.669239 0.598348 0.637860 0.599099 0.637860 0.608108 0.669239 0.608859 0.669239 0.733483 0.673868 0.733483 0.674383 0.672673 0.727366 0.672673 0.731481 0.667417 0.728909 0.661411 0.725823 0.664414 0.673868 0.663664 0.673868 0.611111 0.695988 0.610360 0.695988 0.602853 0.673868 0.602102 0.673868 0.480480 0.719650 0.479730 0.719650 0.472973 0.669239 0.472222 0.669239 0.367117
0 0.736626 0.180180 0.736626 0.201952 0.765947 0.201952 0.765947 0.180180
0 0.449074 0.180180 0.388374 0.180180 0.388374 0.201952 0.403807 0.202703 0.403807 0.459459 0.295782 0.460210 0.295782 0.468468 0.409465 0.468468 0.409465 0.202703 0.449074 0.201952
0 0.309156 0.180180 0.212963 0.180180 0.212963 0.201952 0.243827 0.202703 0.243827 0.475225 0.249486 0.475225 0.249486 0.469219 0.253086 0.468468 0.253086 0.460210 0.249486 0.459459 0.249486 0.202703 0.309156 0.201952
0 0.077675 0.180180 0.078189 0.864865 0.137860 0.864865 0.137860 0.843093 0.093107 0.842342 0.093107 0.647898 0.148663 0.647147 0.181584 0.597598 0.182099 0.549550 0.243313 0.549550 0.243827 0.602102 0.250514 0.613363 0.255658 0.608108 0.249486 0.598348 0.249486 0.538288 0.243827 0.538288 0.243313 0.541291 0.149177 0.541291 0.149177 0.549550 0.175926 0.550300 0.175926 0.593844 0.146605 0.638889 0.093107 0.638138 0.093107 0.550300 0.118313 0.549550 0.118313 0.541291 0.093107 0.540541 0.092593 0.202703 0.133745 0.201952 0.133745 0.180180
0 0.663066 0.054805 0.663066 0.179429 0.610082 0.180180 0.610082 0.201952 0.662551 0.201952 0.663066 0.260511 0.669239 0.260511 0.669239 0.202703 0.695473 0.201952 0.695473 0.180180 0.671811 0.179429 0.671811 0.054805
0 0.870885 0.054054 0.862140 0.054054 0.861626 0.058559 0.761317 0.058559 0.761317 0.066817 0.862140 0.067568 0.862140 0.179429 0.845679 0.180180 0.845679 0.201952 0.855967 0.202703 0.855967 0.472222 0.750514 0.472973 0.750514 0.479730 0.761831 0.479730 0.762346 0.485736 0.768004 0.485736 0.768519 0.479730 0.855453 0.479730 0.855967 0.499249 0.870885 0.499249
1 0.293724 0.843093 0.293724 0.864865 0.339506 0.864865 0.339506 0.843093
1 0.669239 0.734234 0.669239 0.786036 0.673868 0.786036 0.673868 0.734234
1 0.855967 0.717718 0.855967 0.786787 0.870885 0.786787 0.870885 0.717718
1 0.294753 0.710210 0.294753 0.718468 0.340021 0.718468 0.340021 0.710210
1 0.399177 0.668919 0.376029 0.701952 0.380144 0.707958 0.403292 0.674925
1 0.758230 0.628378 0.729938 0.659159 0.728909 0.660661 0.731481 0.666667 0.733025 0.666667 0.761317 0.635886
1 0.255144 0.608108 0.251029 0.614114 0.278292 0.658408 0.282407 0.653153
1 0.118827 0.541291 0.118827 0.549550 0.148663 0.549550 0.148663 0.541291
1 0.762346 0.486486 0.762346 0.534535 0.768004 0.534535 0.768004 0.486486
1 0.243827 0.475976 0.243827 0.537538 0.249486 0.537538 0.249486 0.475976
1 0.720165 0.472973 0.720165 0.479730 0.750000 0.479730 0.750000 0.472973
1 0.253601 0.460210 0.253601 0.468468 0.295267 0.468468 0.295267 0.460210
1 0.663066 0.261261 0.663066 0.366366 0.669239 0.366366 0.669239 0.261261
1 0.695988 0.180180 0.695988 0.201952 0.736111 0.201952 0.736111 0.180180
2 0.522119 0.911411 0.522119 0.933183 0.586420 0.933183 0.586420 0.911411
2 0.622428 0.862613 0.590021 0.909910 0.600309 0.925676 0.633230 0.877628
2 0.487140 0.860360 0.476337 0.874625 0.508745 0.925676 0.519547 0.910661
2 0.716049 0.843093 0.716049 0.864865 0.794239 0.864865 0.794239 0.843093
2 0.380144 0.843093 0.380144 0.864865 0.409979 0.864865 0.409979 0.843093
2 0.138374 0.843093 0.138374 0.864865 0.217078 0.864865 0.217078 0.843093
2 0.855967 0.500000 0.855967 0.548048 0.870885 0.548048 0.870885 0.500000
2 0.766461 0.180180 0.766461 0.201952 0.845165 0.201952 0.845165 0.180180
2 0.449588 0.180180 0.449588 0.201952 0.609568 0.201952 0.609568 0.180180
2 0.309671 0.180180 0.309671 0.201952 0.387860 0.201952 0.387860 0.180180
2 0.134259 0.180180 0.134259 0.201952 0.212449 0.201952 0.212449 0.180180
