0 0.457831 0.901068 0.432229 0.899944 0.429217 0.908375 0.435241 0.908938 0.435241 0.970770 0.343373 0.971332 0.343373 0.979764 0.457831 0.979764
0 0.120482 0.885329 0.120482 0.979764 0.218373 0.979764 0.218373 0.971332 0.143072 0.970770 0.143072 0.895447 0.301205 0.902192 0.302711 0.893761
0 0.373494 0.679033 0.373494 0.695897 0.370482 0.696459 0.370482 0.702642 0.373494 0.703204 0.373494 0.791456 0.367470 0.792018 0.367470 0.808319 0.513554 0.808319 0.513554 0.792018 0.393072 0.791456 0.393072 0.679033
0 0.079819 0.391793 0.079819 0.808319 0.224398 0.808319 0.224398 0.792018 0.125000 0.791456 0.125000 0.703204 0.227410 0.702642 0.227410 0.696459 0.218373 0.695897 0.218373 0.683530 0.125000 0.682968 0.125000 0.391793
0 0.927711 0.121417 0.843373 0.121417 0.843373 0.138842 0.894578 0.139404 0.894578 0.455312 0.394578 0.455874 0.393072 0.420461 0.373494 0.420461 0.373494 0.495222 0.393072 0.495222 0.394578 0.462057 0.894578 0.462619 0.894578 0.532884 0.790663 0.533446 0.790663 0.541877 0.881024 0.542440 0.879518 0.622822 0.655120 0.622260 0.655120 0.542440 0.661145 0.541877 0.661145 0.533446 0.638554 0.533446 0.637048 0.578977 0.394578 0.578977 0.393072 0.542440 0.373494 0.542440 0.373494 0.632378 0.393072 0.632378 0.394578 0.630691 0.531627 0.630691 0.531627 0.624508 0.394578 0.624508 0.394578 0.585160 0.637048 0.585160 0.638554 0.623946 0.635542 0.624508 0.635542 0.630691 0.894578 0.631254 0.894578 0.791456 0.748494 0.792018 0.748494 0.808319 0.927711 0.808319
0 0.460843 0.121417 0.460843 0.138842 0.469880 0.138842 0.469880 0.121417
0 0.665663 0.021360 0.649096 0.021360 0.649096 0.120854 0.599398 0.121417 0.599398 0.138842 0.668675 0.138842 0.668675 0.121417 0.665663 0.120854
0 0.200301 0.021360 0.183735 0.021360 0.183735 0.120854 0.079819 0.121417 0.079819 0.306352 0.125000 0.306352 0.125000 0.139404 0.183735 0.138842 0.183735 0.121979 0.200301 0.121417
1 0.304217 0.893761 0.302711 0.902192 0.427711 0.908375 0.430723 0.899944
1 0.225904 0.792018 0.225904 0.808319 0.365964 0.808319 0.365964 0.792018
1 0.228916 0.696459 0.228916 0.702642 0.368976 0.702642 0.368976 0.696459
1 0.373494 0.632940 0.373494 0.678471 0.393072 0.678471 0.393072 0.632940
1 0.533133 0.624508 0.533133 0.630691 0.634036 0.630691 0.634036 0.624508
1 0.662651 0.533446 0.662651 0.541877 0.789157 0.541877 0.789157 0.533446
1 0.373494 0.495784 0.373494 0.541877 0.393072 0.541877 0.393072 0.495784
1 0.471386 0.121417 0.471386 0.138842 0.597892 0.138842 0.597892 0.121417
2 0.219880 0.971332 0.219880 0.979764 0.341867 0.979764 0.341867 0.971332
2 0.515060 0.792018 0.515060 0.808319 0.746988 0.808319 0.746988 0.792018
2 0.079819 0.306914 0.079819 0.391231 0.125000 0.391231 0.125000 0.306914
2 0.670181 0.121417 0.670181 0.138842 0.841867 0.138842 0.841867 0.121417
2 0.185241 0.121979 0.185241 0.138842 0.459337 0.138842 0.459337 0.121417
