0 0.437635 0.602704 0.437635 0.637476 0.434751 0.638120 0.434751 0.644559 0.437635 0.645203 0.437635 0.714102 0.435472 0.714746 0.435472 0.734063 0.713771 0.734063 0.713771 0.673535 0.693583 0.673535 0.692862 0.714746 0.445566 0.714746 0.444845 0.602704
0 0.308580 0.586607 0.258832 0.586607 0.258111 0.714746 0.097332 0.714746 0.096611 0.589182 0.076424 0.589182 0.076424 0.734063 0.145638 0.734707 0.145638 0.854475 0.349676 0.854475 0.349676 0.799099 0.338140 0.799099 0.337419 0.844173 0.157895 0.843529 0.158616 0.734063 0.337419 0.734063 0.338140 0.740502 0.349676 0.740502 0.350397 0.734063 0.369863 0.734063 0.369863 0.714746 0.366979 0.714102 0.366979 0.645203 0.370584 0.644559 0.370584 0.638120 0.359048 0.638120 0.359048 0.714746 0.309301 0.714746 0.308580 0.698648 0.266042 0.698004 0.266042 0.645203 0.312906 0.644559 0.312906 0.638120 0.266042 0.637476 0.266042 0.593690 0.308580 0.593046
0 0.374189 0.478429 0.374189 0.535737 0.381399 0.535737 0.381399 0.478429
0 0.076424 0.459755 0.096611 0.459755 0.097332 0.420476 0.692862 0.420476 0.693583 0.488731 0.713771 0.488731 0.714492 0.423696 0.841384 0.423696 0.841384 0.417257 0.714492 0.417257 0.713771 0.410818 0.076424 0.410818
0 0.078587 0.358661 0.078587 0.378622 0.713050 0.378622 0.713050 0.319382 0.684211 0.319382 0.683490 0.352865 0.584715 0.352865 0.583994 0.303928 0.571017 0.303928 0.570296 0.358661 0.387167 0.358661 0.386446 0.249195 0.387888 0.248551 0.387888 0.242756 0.356164 0.242756 0.356164 0.248551 0.380678 0.249195 0.380678 0.358017 0.349676 0.358661 0.348955 0.341275 0.310022 0.340631 0.310022 0.249195 0.312185 0.248551 0.312185 0.242756 0.310743 0.242112 0.310743 0.226658 0.303533 0.226658 0.302812 0.358661
0 0.078587 0.192531 0.078587 0.319382 0.100937 0.319382 0.100937 0.192531
0 0.692141 0.167418 0.692141 0.169994 0.713050 0.169994 0.713050 0.167418
0 0.078587 0.054733 0.078587 0.106246 0.100937 0.106246 0.101658 0.066323 0.302812 0.066323 0.303533 0.174501 0.310743 0.174501 0.311464 0.066323 0.436914 0.066323 0.437635 0.159047 0.379236 0.159691 0.378515 0.123632 0.371305 0.123632 0.371305 0.166130 0.436914 0.166130 0.437635 0.167418 0.444845 0.167418 0.445566 0.066323 0.691420 0.066323 0.692141 0.127495 0.713050 0.127495 0.713771 0.065679 0.845710 0.065679 0.845710 0.238249 0.713771 0.238249 0.713050 0.220219 0.692141 0.220219 0.691420 0.242756 0.445566 0.242756 0.444845 0.221507 0.437635 0.221507 0.437635 0.242112 0.435472 0.242756 0.435472 0.248551 0.570296 0.248551 0.571017 0.260142 0.583994 0.260142 0.584715 0.258854 0.683490 0.258854 0.684211 0.281391 0.713050 0.281391 0.713771 0.244688 0.853641 0.244688 0.853641 0.059240 0.713771 0.059240 0.713050 0.054733
1 0.338140 0.741146 0.338140 0.798455 0.349676 0.798455 0.349676 0.741146
1 0.370584 0.714746 0.370584 0.734063 0.434751 0.734063 0.434751 0.714746
1 0.371305 0.638120 0.371305 0.644559 0.434030 0.644559 0.434030 0.638120
1 0.313627 0.638120 0.313627 0.644559 0.358327 0.644559 0.358327 0.638120
1 0.693583 0.536381 0.693583 0.588538 0.713771 0.588538 0.713771 0.536381
1 0.571017 0.260786 0.571017 0.303284 0.583994 0.303284 0.583994 0.260786
1 0.388609 0.242756 0.388609 0.248551 0.434751 0.248551 0.434751 0.242756
1 0.312906 0.242756 0.312906 0.248551 0.355443 0.248551 0.355443 0.242756
1 0.303533 0.175145 0.303533 0.226014 0.310743 0.226014 0.310743 0.175145
1 0.692141 0.170637 0.692141 0.219575 0.713050 0.219575 0.713050 0.170637
1 0.437635 0.168062 0.437635 0.220863 0.444845 0.220863 0.444845 0.168062
2 0.693583 0.589826 0.693583 0.672891 0.713771 0.672891 0.713771 0.589826
2 0.693583 0.489375 0.693583 0.535093 0.713771 0.535093 0.713771 0.489375
2 0.076424 0.460399 0.076424 0.588538 0.096611 0.588538 0.096611 0.460399
2 0.078587 0.320026 0.078587 0.358017 0.100937 0.358017 0.100937 0.320026
2 0.684211 0.282035 0.684211 0.318738 0.713050 0.318738 0.713050 0.282035
2 0.692141 0.128139 0.692141 0.166774 0.713050 0.166774 0.713050 0.128139
2 0.078587 0.106890 0.078587 0.191887 0.100937 0.191887 0.100937 0.106890
