0 0.198847 0.775139 0.198847 0.836896 0.216859 0.836896 0.216859 0.775139
0 0.664265 0.855899 0.664265 0.867775 0.987752 0.867775 0.987752 0.790974 0.969020 0.790974 0.968300 0.849565 0.734150 0.849565 0.733429 0.752177 0.729107 0.752177 0.729107 0.848773 0.678674 0.849565 0.677954 0.855899
0 0.676513 0.653998 0.676513 0.753761 0.684438 0.753761 0.684438 0.653998
0 0.579971 0.571655 0.428674 0.571655 0.427954 0.961995 0.291787 0.961995 0.291066 0.913698 0.268732 0.913698 0.268012 0.961995 0.217579 0.961995 0.216859 0.908947 0.198847 0.908947 0.198847 0.974663 0.579971 0.974663 0.579971 0.868567 0.598703 0.867775 0.598703 0.855899 0.579971 0.855107 0.579971 0.785432 0.572046 0.785432 0.571326 0.787807 0.565562 0.787807 0.563401 0.961995 0.459654 0.961995 0.458934 0.855899 0.437320 0.855107 0.437320 0.794141 0.493516 0.758511 0.490634 0.752177 0.437320 0.784640 0.438040 0.680127 0.571326 0.680127 0.572046 0.699129 0.532421 0.725257 0.535303 0.731591 0.571326 0.709422 0.572046 0.732383 0.579971 0.732383 0.579971 0.669042 0.572046 0.669042 0.571326 0.672209 0.471182 0.671417 0.471182 0.588282 0.571326 0.587490 0.572046 0.618369 0.579971 0.618369
0 0.198847 0.498812 0.198847 0.502771 0.216859 0.502771 0.216859 0.498812
0 0.676513 0.463183 0.676513 0.586698 0.684438 0.586698 0.685159 0.584323 0.968300 0.584323 0.969020 0.646081 0.987752 0.646081 0.987752 0.494062 0.969020 0.494062 0.968300 0.571655 0.682997 0.571655 0.682277 0.463183
0 0.987752 0.219319 0.969020 0.219319 0.968300 0.260491 0.682997 0.260491 0.682277 0.258116 0.676513 0.258116 0.676513 0.360253 0.682277 0.360253 0.682997 0.276326 0.968300 0.276326 0.969020 0.352336 0.987752 0.352336
0 0.987752 0.024545 0.582853 0.024545 0.582133 0.259699 0.090778 0.259699 0.090778 0.587490 0.198127 0.587490 0.198847 0.633413 0.216859 0.633413 0.217579 0.587490 0.332133 0.587490 0.332133 0.571655 0.217579 0.571655 0.216859 0.569279 0.198847 0.569279 0.198127 0.571655 0.102305 0.571655 0.102305 0.578781 0.097983 0.578781 0.098703 0.267617 0.102305 0.268409 0.102305 0.276326 0.596542 0.276326 0.596542 0.174980 0.626081 0.174188 0.626081 0.167854 0.617435 0.167063 0.617435 0.142518 0.596542 0.141726 0.597262 0.039588 0.676513 0.040380 0.676513 0.167063 0.670749 0.167854 0.670749 0.174188 0.676513 0.174980 0.676513 0.194774 0.682277 0.194774 0.682997 0.039588 0.968300 0.039588 0.969020 0.078385 0.987752 0.078385
1 0.599424 0.855899 0.599424 0.867775 0.663545 0.867775 0.663545 0.855899
1 0.572046 0.733175 0.572046 0.784640 0.579971 0.784640 0.579971 0.733175
1 0.532421 0.726049 0.527378 0.727633 0.491354 0.750594 0.493516 0.757720 0.498559 0.756136 0.534582 0.733175
1 0.572046 0.619161 0.572046 0.668250 0.579971 0.668250 0.579971 0.619161
1 0.676513 0.587490 0.676513 0.653207 0.684438 0.653207 0.684438 0.587490
1 0.198847 0.503563 0.198847 0.568488 0.216859 0.568488 0.216859 0.503563
1 0.676513 0.361045 0.676513 0.462391 0.682277 0.462391 0.682277 0.361045
1 0.676513 0.195566 0.676513 0.257324 0.682277 0.257324 0.682277 0.195566
1 0.626801 0.167854 0.626801 0.174188 0.670029 0.174188 0.670029 0.167854
2 0.198847 0.837688 0.198847 0.908155 0.216859 0.908155 0.216859 0.837688
2 0.969020 0.646873 0.969020 0.790182 0.987752 0.790182 0.987752 0.646873
2 0.198847 0.634204 0.198847 0.774347 0.216859 0.774347 0.216859 0.634204
2 0.969020 0.353127 0.969020 0.493270 0.987752 0.493270 0.987752 0.353127
2 0.198847 0.277910 0.198847 0.498021 0.216859 0.498021 0.216859 0.277910
2 0.969020 0.079177 0.969020 0.218527 0.987752 0.218527 0.987752 0.079177
