0 0.337991 0.637302 0.331878 0.642120 0.344105 0.650379 0.344105 0.767378 0.288210 0.768066 0.288210 0.789401 0.366812 0.789401 0.366812 0.768066 0.357205 0.767378 0.357205 0.657949 0.372052 0.657261 0.372052 0.649002 0.354585 0.649002
0 0.682969 0.550585 0.674236 0.550585 0.674236 0.650379 0.668996 0.651067 0.668996 0.657949 0.674236 0.658637 0.674236 0.770131 0.618341 0.770819 0.618341 0.790089 0.730131 0.790089 0.730131 0.772884 0.682969 0.772195 0.682969 0.562973 0.685590 0.562285 0.685590 0.554026 0.682969 0.553338
0 0.303057 0.437027 0.303057 0.447350 0.382533 0.447350 0.382533 0.437027
0 0.830568 0.167240 0.830568 0.188575 0.841048 0.188575 0.841048 0.167240
0 0.506550 0.167240 0.505677 0.790089 0.574672 0.790089 0.574672 0.770819 0.527511 0.770131 0.528384 0.658637 0.599127 0.657949 0.599127 0.651067 0.525764 0.650379 0.525764 0.448039 0.673362 0.447350 0.674236 0.493462 0.682969 0.493462 0.682969 0.382657 0.702183 0.381968 0.702183 0.375086 0.643668 0.375086 0.643668 0.381968 0.674236 0.382657 0.673362 0.440468 0.525764 0.439780 0.525764 0.382657 0.588646 0.381968 0.588646 0.375086 0.525764 0.374398 0.525764 0.189264 0.574672 0.188575 0.574672 0.167240
0 0.356332 0.164487 0.356332 0.183758 0.364192 0.183758 0.364192 0.164487
0 0.240175 0.164487 0.240175 0.183758 0.297817 0.183758 0.297817 0.164487
0 0.716157 0.058500 0.716157 0.166552 0.618341 0.167240 0.618341 0.188575 0.775546 0.188575 0.775546 0.167240 0.725764 0.166552 0.726638 0.067447 0.936245 0.068135 0.936245 0.166552 0.924891 0.167240 0.924891 0.188575 0.936245 0.189264 0.936245 0.374398 0.778166 0.375086 0.778166 0.381968 0.936245 0.382657 0.936245 0.509291 0.802620 0.509979 0.801747 0.454921 0.863755 0.454233 0.863755 0.439780 0.797380 0.439780 0.797380 0.553338 0.759825 0.554026 0.759825 0.562285 0.805240 0.562285 0.806114 0.517550 0.936245 0.518238 0.936245 0.772195 0.844541 0.772884 0.844541 0.790089 0.953712 0.790089 0.953712 0.066758 0.948472 0.066070 0.948472 0.058500
0 0.462009 0.041982 0.462882 0.163799 0.447162 0.164487 0.447162 0.183758 0.458515 0.184446 0.458515 0.504474 0.328384 0.505162 0.328384 0.512732 0.458515 0.513421 0.458515 0.648314 0.454148 0.649002 0.454148 0.657261 0.458515 0.657949 0.458515 0.767378 0.450655 0.768066 0.450655 0.789401 0.458515 0.790089 0.458515 0.877495 0.471616 0.877495 0.471616 0.790089 0.475983 0.789401 0.475109 0.041982
0 0.039301 0.041294 0.039301 0.163799 0.034934 0.164487 0.033188 0.789401 0.148472 0.789401 0.148472 0.768066 0.050655 0.767378 0.051528 0.537509 0.216594 0.536820 0.265502 0.580179 0.271616 0.576050 0.220087 0.529250 0.220087 0.499656 0.209607 0.499656 0.208734 0.529250 0.051528 0.528562 0.052402 0.430145 0.208734 0.430145 0.209607 0.443909 0.220087 0.443909 0.220087 0.423262 0.051528 0.422574 0.052402 0.184446 0.103057 0.183758 0.103057 0.164487 0.052402 0.163799 0.052402 0.041294
1 0.367686 0.768066 0.367686 0.789401 0.449782 0.789401 0.449782 0.768066
1 0.600000 0.651067 0.600000 0.657949 0.668122 0.657949 0.668122 0.651067
1 0.372926 0.649002 0.372926 0.657261 0.453275 0.657261 0.453275 0.649002
1 0.686463 0.554026 0.686463 0.562285 0.758952 0.562285 0.758952 0.554026
1 0.674236 0.494150 0.674236 0.549897 0.682969 0.549897 0.682969 0.494150
1 0.209607 0.444597 0.209607 0.498968 0.220087 0.498968 0.220087 0.444597
1 0.703057 0.375086 0.703057 0.381968 0.777293 0.381968 0.777293 0.375086
1 0.589520 0.375086 0.589520 0.381968 0.642795 0.381968 0.642795 0.375086
1 0.841921 0.167240 0.841921 0.188575 0.924017 0.188575 0.924017 0.167240
1 0.365066 0.164487 0.365066 0.183758 0.446288 0.183758 0.446288 0.164487
2 0.731004 0.772884 0.731004 0.790089 0.843668 0.790089 0.843668 0.772884
2 0.575546 0.770819 0.575546 0.790089 0.617467 0.790089 0.617467 0.770819
2 0.149345 0.768066 0.149345 0.789401 0.287336 0.789401 0.287336 0.768066
2 0.776419 0.167240 0.776419 0.188575 0.829694 0.188575 0.829694 0.167240
2 0.575546 0.167240 0.575546 0.188575 0.617467 0.188575 0.617467 0.167240
2 0.298690 0.164487 0.298690 0.183758 0.355459 0.183758 0.355459 0.164487
2 0.103930 0.164487 0.103930 0.183758 0.239301 0.183758 0.239301 0.164487
