0 0.446994 0.698281 0.440665 0.703374 0.440665 0.739656 0.436709 0.740293 0.436709 0.754933 0.453323 0.754933 0.453323 0.740293 0.449367 0.739656 0.449367 0.706556 0.452532 0.702737
0 0.361551 0.740293 0.329114 0.740293 0.328323 0.725016 0.318038 0.724379 0.318038 0.652451 0.309335 0.652451 0.308544 0.740293 0.071994 0.740293 0.071203 0.698918 0.053797 0.698918 0.053797 0.739020 0.034019 0.739656 0.034019 0.754933 0.053797 0.755570 0.053797 0.772120 0.072785 0.772120 0.073576 0.754933 0.308544 0.754933 0.309335 0.771483 0.328323 0.771483 0.328323 0.755570 0.361551 0.754933
0 0.492880 0.656906 0.498418 0.661362 0.500791 0.660089 0.570411 0.660726 0.570411 0.721833 0.567247 0.722470 0.567247 0.739656 0.496044 0.740293 0.496044 0.754933 0.566456 0.754933 0.567247 0.770210 0.586234 0.770210 0.587025 0.754933 0.821203 0.754933 0.821994 0.769574 0.840981 0.769574 0.841772 0.754933 0.861551 0.754933 0.861551 0.739656 0.840981 0.739020 0.840981 0.722470 0.822785 0.722470 0.821994 0.740293 0.713608 0.740293 0.712816 0.670910 0.704114 0.670910 0.703323 0.740293 0.587025 0.740293 0.586234 0.722470 0.579114 0.721833 0.579114 0.647358 0.570411 0.647358 0.569620 0.653087 0.496835 0.653087
0 0.822785 0.603437 0.822785 0.687460 0.840981 0.687460 0.840981 0.603437
0 0.860759 0.556970 0.860759 0.541693 0.840981 0.541057 0.840981 0.520687 0.822785 0.520687 0.821994 0.541693 0.435127 0.541693 0.435127 0.548695 0.569620 0.548695 0.570411 0.591343 0.579114 0.591343 0.579905 0.548695 0.703323 0.548695 0.704114 0.618714 0.712816 0.618714 0.713608 0.548695 0.801424 0.548695 0.802215 0.556970 0.822785 0.557607 0.822785 0.570974 0.840981 0.570974 0.841772 0.556970
0 0.032437 0.541693 0.032437 0.556970 0.053797 0.557607 0.053797 0.606620 0.071203 0.606620 0.071203 0.557607 0.091772 0.556970 0.092563 0.548695 0.308544 0.548695 0.309335 0.591980 0.318038 0.591980 0.318038 0.549332 0.320411 0.548695 0.320411 0.541693 0.071994 0.541693 0.071203 0.504774 0.053797 0.504774 0.053797 0.541057
0 0.545886 0.294717 0.545886 0.308721 0.560127 0.308721 0.560127 0.294717
0 0.324367 0.294717 0.324367 0.308721 0.325949 0.308721 0.325949 0.294717
0 0.223892 0.294717 0.223892 0.308721 0.226266 0.308721 0.226266 0.294717
0 0.441456 0.278167 0.441456 0.294080 0.420095 0.294717 0.420095 0.308721 0.440665 0.308721 0.441456 0.325907 0.460443 0.325907 0.460443 0.309357 0.479430 0.308721 0.479430 0.294717 0.460443 0.294080 0.460443 0.278167
0 0.053797 0.278167 0.053797 0.294080 0.033228 0.294717 0.033228 0.309994 0.053797 0.310630 0.053797 0.471674 0.071203 0.471674 0.071203 0.309357 0.136076 0.308721 0.136076 0.294717 0.073576 0.294717 0.072785 0.278167
0 0.821994 0.274984 0.821203 0.294717 0.759494 0.294717 0.759494 0.308721 0.822785 0.309357 0.822785 0.486314 0.840981 0.486314 0.840981 0.310630 0.861551 0.309994 0.861551 0.294717 0.841772 0.294717 0.840981 0.274984
1 0.362342 0.740293 0.362342 0.754933 0.435918 0.754933 0.435918 0.740293
1 0.492089 0.657543 0.446994 0.697645 0.453323 0.702737 0.498418 0.661999
1 0.704114 0.619351 0.704114 0.670274 0.712816 0.670274 0.712816 0.619351
1 0.309335 0.592616 0.309335 0.651814 0.318038 0.651814 0.318038 0.592616
1 0.570411 0.591980 0.570411 0.646722 0.579114 0.646722 0.579114 0.591980
1 0.321203 0.541693 0.321203 0.548695 0.434335 0.548695 0.434335 0.541693
1 0.480222 0.294717 0.480222 0.308721 0.545095 0.308721 0.545095 0.294717
2 0.454114 0.740293 0.454114 0.754933 0.495253 0.754933 0.495253 0.740293
2 0.822785 0.688097 0.822785 0.721833 0.840981 0.721833 0.840981 0.688097
2 0.053797 0.607257 0.053797 0.698281 0.071203 0.698281 0.071203 0.607257
2 0.822785 0.571610 0.822785 0.602801 0.840981 0.602801 0.840981 0.571610
2 0.822785 0.486951 0.822785 0.520051 0.840981 0.520051 0.840981 0.486951
2 0.053797 0.472311 0.053797 0.504137 0.071203 0.504137 0.071203 0.472311
2 0.560918 0.294717 0.560918 0.308721 0.758703 0.308721 0.758703 0.294717
2 0.326741 0.294717 0.326741 0.308721 0.419304 0.308721 0.419304 0.294717
2 0.227057 0.294717 0.227057 0.308721 0.323576 0.308721 0.323576 0.294717
2 0.136867 0.294717 0.136867 0.308721 0.223101 0.308721 0.223101 0.294717
