0 0.460476 0.813581 0.417619 0.812940 0.417143 0.865471 0.310952 0.865471 0.310952 0.884049 0.430952 0.884049 0.430952 0.830237 0.460476 0.829596
0 0.744286 0.750160 0.739048 0.750160 0.739048 0.864830 0.655714 0.865471 0.655714 0.884049 0.783333 0.884049 0.783333 0.865471 0.744286 0.864830
0 0.500952 0.744395 0.500952 0.751441 0.544286 0.752082 0.544286 0.812940 0.500476 0.813581 0.500476 0.829596 0.536190 0.830237 0.536190 0.884049 0.582857 0.884049 0.582857 0.865471 0.549524 0.864830 0.549524 0.744395
0 0.021905 0.686739 0.021905 0.884049 0.051429 0.884049 0.051429 0.865471 0.035714 0.864830 0.035714 0.686739
0 0.334762 0.529789 0.334762 0.725817 0.373333 0.725817 0.373333 0.718770 0.340000 0.718129 0.340476 0.649584 0.417143 0.649584 0.417619 0.718129 0.413810 0.718770 0.413810 0.725817 0.417619 0.726457 0.417619 0.756566 0.422857 0.756566 0.423333 0.751441 0.460000 0.751441 0.460000 0.744395 0.422857 0.743754 0.422857 0.630365 0.417619 0.630365 0.417143 0.642537 0.340000 0.641896 0.340476 0.543882 0.417143 0.543882 0.417619 0.575913 0.422857 0.575913 0.422857 0.531070 0.417619 0.531070 0.417143 0.536835 0.340476 0.536835 0.340000 0.529789
0 0.021905 0.533632 0.021905 0.628443 0.035714 0.628443 0.036190 0.565663 0.187619 0.566304 0.187619 0.864830 0.168095 0.865471 0.168095 0.884049 0.237619 0.884049 0.237619 0.865471 0.192857 0.864830 0.192857 0.664958 0.285714 0.664318 0.285714 0.657271 0.282857 0.656630 0.282857 0.531070 0.271429 0.531070 0.271429 0.538117 0.277619 0.538757 0.277143 0.657271 0.192857 0.656630 0.192857 0.538757 0.240476 0.538117 0.240476 0.531070 0.193333 0.531070 0.192857 0.519539 0.187619 0.519539 0.187143 0.558616 0.036190 0.558616 0.035714 0.533632
0 0.926190 0.884049 0.926190 0.491352 0.912381 0.491352 0.911905 0.536835 0.797619 0.536835 0.797619 0.543882 0.809048 0.544523 0.808571 0.638053 0.544286 0.638053 0.544286 0.686739 0.549524 0.686739 0.550000 0.645099 0.738571 0.645099 0.739048 0.695708 0.744286 0.695708 0.744762 0.645099 0.850000 0.645099 0.850000 0.638053 0.814286 0.637412 0.814762 0.543882 0.911905 0.543882 0.912381 0.637412 0.880952 0.638053 0.880952 0.645099 0.912381 0.645740 0.912381 0.864830 0.854286 0.865471 0.854286 0.884049
0 0.656667 0.219090 0.656667 0.237668 0.680952 0.237668 0.680952 0.219090
0 0.320476 0.219090 0.320476 0.237668 0.334762 0.238309 0.334762 0.474696 0.340000 0.474696 0.340000 0.333760 0.342857 0.333120 0.342857 0.326073 0.340000 0.325432 0.340476 0.237668 0.437143 0.238309 0.437143 0.325432 0.373333 0.326073 0.373333 0.333120 0.417619 0.333760 0.417619 0.476618 0.422857 0.476618 0.423333 0.359385 0.497619 0.359385 0.498095 0.333120 0.544762 0.333120 0.544762 0.238309 0.555238 0.237668 0.555238 0.219090 0.509524 0.219090 0.509524 0.237668 0.539524 0.238309 0.539048 0.326073 0.442381 0.325432 0.442381 0.238309 0.470476 0.237668 0.470476 0.219090
0 0.217619 0.219090 0.126667 0.219090 0.126667 0.237668 0.187619 0.238309 0.187143 0.371557 0.036190 0.371557 0.035714 0.306214 0.021905 0.306214 0.021905 0.472774 0.035714 0.472774 0.036190 0.378603 0.187143 0.378603 0.187619 0.463805 0.192857 0.463805 0.192857 0.238309 0.217619 0.237668
0 0.926190 0.125561 0.865714 0.125561 0.865714 0.144138 0.912381 0.144779 0.911905 0.322229 0.865238 0.322229 0.864762 0.363869 0.745714 0.363869 0.745238 0.353619 0.740000 0.352979 0.739048 0.543882 0.757619 0.543882 0.757619 0.536835 0.744286 0.536195 0.745714 0.370916 0.870476 0.370916 0.870952 0.329276 0.911905 0.329276 0.912381 0.398463 0.926190 0.398463
0 0.793333 0.125561 0.732381 0.125561 0.732381 0.218450 0.726667 0.219090 0.726667 0.237668 0.740952 0.238309 0.740476 0.299167 0.745714 0.299167 0.746190 0.144779 0.793333 0.144138
0 0.021905 0.246637 0.035714 0.246637 0.036190 0.237668 0.087143 0.237668 0.087143 0.219090 0.035238 0.218450 0.035714 0.133248 0.153333 0.133248 0.153333 0.122357 0.021905 0.122357
1 0.051905 0.865471 0.051905 0.884049 0.167619 0.884049 0.167619 0.865471
1 0.460952 0.813581 0.460952 0.829596 0.500000 0.829596 0.500000 0.813581
1 0.417619 0.757207 0.417619 0.812300 0.422857 0.812300 0.422857 0.757207
1 0.460476 0.744395 0.460476 0.751441 0.500476 0.751441 0.500476 0.744395
1 0.373810 0.718770 0.373810 0.725817 0.413333 0.725817 0.413333 0.718770
1 0.739048 0.696348 0.739048 0.749520 0.744286 0.749520 0.744286 0.696348
1 0.544286 0.687380 0.544286 0.743754 0.549524 0.743754 0.549524 0.687380
1 0.286190 0.657271 0.286190 0.664318 0.334286 0.664318 0.334286 0.657271
1 0.850476 0.638053 0.850476 0.645099 0.880476 0.645099 0.880476 0.638053
1 0.417619 0.576553 0.417619 0.629725 0.422857 0.629725 0.422857 0.576553
1 0.758095 0.536835 0.758095 0.543882 0.797143 0.543882 0.797143 0.536835
1 0.240952 0.531070 0.240952 0.538117 0.270952 0.538117 0.270952 0.531070
1 0.417619 0.477258 0.417619 0.530429 0.422857 0.530429 0.422857 0.477258
1 0.334762 0.475336 0.334762 0.529148 0.340000 0.529148 0.340000 0.475336
1 0.187619 0.464446 0.187619 0.518898 0.192857 0.518898 0.192857 0.464446
1 0.343333 0.326073 0.343333 0.333120 0.372857 0.333120 0.372857 0.326073
1 0.740476 0.299808 0.740476 0.352979 0.745714 0.352979 0.745714 0.299808
1 0.681429 0.219090 0.681429 0.237668 0.726190 0.237668 0.726190 0.219090
1 0.470952 0.219090 0.470952 0.237668 0.509048 0.237668 0.509048 0.219090
1 0.087619 0.219090 0.087619 0.237668 0.126190 0.237668 0.126190 0.219090
2 0.783810 0.865471 0.783810 0.884049 0.853810 0.884049 0.853810 0.865471
2 0.583333 0.865471 0.583333 0.884049 0.655238 0.884049 0.655238 0.865471
2 0.238095 0.865471 0.238095 0.884049 0.310476 0.884049 0.310476 0.865471
2 0.021905 0.629084 0.021905 0.686099 0.035714 0.686099 0.035714 0.629084
2 0.021905 0.473414 0.021905 0.532992 0.035714 0.532992 0.035714 0.473414
2 0.912381 0.399103 0.912381 0.490711 0.926190 0.490711 0.926190 0.399103
2 0.021905 0.247277 0.021905 0.305573 0.035714 0.305573 0.035714 0.247277
2 0.555714 0.219090 0.555714 0.237668 0.656190 0.237668 0.656190 0.219090
2 0.218095 0.219090 0.218095 0.237668 0.320000 0.237668 0.320000 0.219090
2 0.793810 0.125561 0.793810 0.144138 0.865238 0.144138 0.865238 0.125561
