0 0.379109 0.748335 0.379109 0.754256 0.390066 0.754996 0.390066 0.861584 0.379839 0.862324 0.379839 0.881569 0.395909 0.881569 0.395909 0.754996 0.398831 0.754256 0.398831 0.748335
0 0.441198 0.748335 0.441198 0.754256 0.485026 0.754996 0.485026 0.861584 0.444850 0.862324 0.444850 0.881569 0.544923 0.881569 0.544923 0.862324 0.490869 0.861584 0.490869 0.746114 0.485026 0.746114 0.484295 0.748335
0 0.910153 0.712805 0.891161 0.712805 0.891161 0.737232 0.886779 0.737972 0.886779 0.743893 0.891161 0.744634 0.891161 0.861584 0.809350 0.862324 0.809350 0.881569 0.910153 0.881569
0 0.311176 0.651369 0.305332 0.651369 0.305332 0.782383 0.264427 0.783124 0.264427 0.861584 0.248356 0.862324 0.248356 0.881569 0.319211 0.881569 0.319211 0.862324 0.270270 0.861584 0.270270 0.789785 0.311176 0.789045 0.311176 0.754996 0.319942 0.754256 0.319942 0.748335 0.311176 0.747594
0 0.485026 0.580311 0.485026 0.672095 0.490869 0.672095 0.491600 0.629904 0.754565 0.630644 0.754565 0.861584 0.681519 0.862324 0.681519 0.881569 0.761870 0.881569 0.761870 0.862324 0.760409 0.861584 0.760409 0.744634 0.842951 0.743893 0.842951 0.737972 0.760409 0.737232 0.760409 0.578090 0.754565 0.578090 0.753835 0.623982 0.641344 0.623982 0.640614 0.574389 0.634770 0.574389 0.634039 0.623982 0.491600 0.623982 0.490869 0.580311
0 0.632579 0.328645 0.626735 0.328645 0.626735 0.509252 0.486486 0.509993 0.486486 0.515914 0.634039 0.515914 0.634770 0.521095 0.640614 0.521095 0.641344 0.515914 0.689554 0.515914 0.689554 0.509993 0.632579 0.509252
0 0.254200 0.316802 0.254200 0.336788 0.305332 0.337528 0.305332 0.519615 0.311176 0.519615 0.311907 0.515914 0.392257 0.515914 0.392257 0.509993 0.311176 0.509252 0.311176 0.312361 0.291454 0.312361 0.290723 0.316802
0 0.590212 0.228719 0.590212 0.247964 0.685172 0.247964 0.685172 0.228719
0 0.291454 0.228719 0.291454 0.250185 0.311176 0.250185 0.311907 0.247964 0.374726 0.247964 0.374726 0.228719
0 0.054054 0.096965 0.054054 0.881569 0.120526 0.881569 0.120526 0.862324 0.066472 0.861584 0.066472 0.590674 0.304602 0.589933 0.305332 0.593634 0.311176 0.593634 0.311176 0.578830 0.305332 0.578830 0.304602 0.584012 0.066472 0.583272 0.066472 0.337528 0.121256 0.336788 0.121256 0.316802 0.061359 0.316062 0.061359 0.096965
0 0.910153 0.003701 0.904310 0.003701 0.904310 0.227979 0.814463 0.228719 0.814463 0.247964 0.891161 0.248705 0.891161 0.509252 0.732652 0.509993 0.732652 0.515914 0.890431 0.515914 0.891161 0.595115 0.910153 0.595115
1 0.319942 0.862324 0.319942 0.881569 0.379109 0.881569 0.379109 0.862324
1 0.399562 0.748335 0.399562 0.754256 0.440467 0.754256 0.440467 0.748335
1 0.320672 0.748335 0.320672 0.754256 0.378378 0.754256 0.378378 0.748335
1 0.843682 0.737972 0.843682 0.743893 0.886048 0.743893 0.886048 0.737972
1 0.485026 0.672835 0.485026 0.745374 0.490869 0.745374 0.490869 0.672835
1 0.305332 0.594375 0.305332 0.650629 0.311176 0.650629 0.311176 0.594375
1 0.634770 0.521836 0.634770 0.573649 0.640614 0.573649 0.640614 0.521836
1 0.305332 0.520355 0.305332 0.578090 0.311176 0.578090 0.311176 0.520355
1 0.690285 0.509993 0.690285 0.515914 0.731921 0.515914 0.731921 0.509993
1 0.392988 0.509993 0.392988 0.515914 0.485756 0.515914 0.485756 0.509993
1 0.291454 0.250925 0.291454 0.311621 0.311176 0.311621 0.311176 0.250925
1 0.626735 0.247964 0.626735 0.327905 0.632579 0.327905 0.632579 0.247964
2 0.762600 0.862324 0.762600 0.881569 0.808619 0.881569 0.808619 0.862324
2 0.545654 0.862324 0.545654 0.881569 0.680789 0.881569 0.680789 0.862324
2 0.396640 0.862324 0.396640 0.881569 0.444120 0.881569 0.444120 0.862324
2 0.121256 0.862324 0.121256 0.881569 0.247626 0.881569 0.247626 0.862324
2 0.891161 0.595855 0.891161 0.712065 0.910153 0.712065 0.910153 0.595855
2 0.121987 0.316802 0.121987 0.336788 0.253470 0.336788 0.253470 0.316802
2 0.685902 0.228719 0.685902 0.247964 0.813733 0.247964 0.813733 0.228719
2 0.375457 0.228719 0.375457 0.247964 0.589481 0.247964 0.589481 0.228719
