0 0.210172 0.842812 0.210172 0.881789 0.189230 0.882428 0.189230 0.907348 0.231862 0.907348 0.231862 0.903514 0.234854 0.902875 0.234854 0.882428 0.219147 0.881789 0.219147 0.851118 0.236350 0.850479 0.236350 0.842812
0 0.303665 0.821725 0.302169 0.902875 0.319372 0.902875 0.320120 0.907348 0.341062 0.907348 0.341062 0.882428 0.311892 0.881789 0.311892 0.821725
0 0.676141 0.727796 0.676141 0.778914 0.670157 0.779553 0.670157 0.789137 0.672401 0.789776 0.672401 0.878594 0.669409 0.879233 0.669409 0.906070 0.735228 0.906070 0.735228 0.881789 0.684368 0.881150 0.684368 0.738019 0.723261 0.737380 0.723261 0.729712 0.685116 0.729712 0.684368 0.727796
0 0.179506 0.629393 0.179506 0.635783 0.225131 0.636422 0.225131 0.746965 0.180254 0.747604 0.180254 0.755272 0.232610 0.755272 0.232610 0.629393
0 0.303665 0.628115 0.303665 0.637700 0.316380 0.637700 0.317128 0.636422 0.390426 0.636422 0.390426 0.628115
0 0.159312 0.456869 0.159312 0.480511 0.190726 0.480511 0.190726 0.456869
0 0.093493 0.456869 0.093493 0.480511 0.097981 0.480511 0.097981 0.456869
0 0.637996 0.454952 0.637996 0.479233 0.713538 0.479872 0.713538 0.573802 0.724757 0.573802 0.724757 0.566773 0.721765 0.566134 0.721765 0.472843 0.669409 0.472843 0.668661 0.454952
0 0.572924 0.454952 0.572924 0.479233 0.576664 0.479233 0.576664 0.454952
0 0.523560 0.326518 0.523560 0.906070 0.578160 0.906070 0.578160 0.879233 0.538519 0.878594 0.538519 0.789776 0.614809 0.789137 0.614809 0.779553 0.535527 0.778914 0.535527 0.656230 0.579656 0.655591 0.580404 0.635144 0.675393 0.635144 0.676141 0.676677 0.684368 0.676677 0.684368 0.628115 0.535527 0.627476 0.535527 0.454952 0.532536 0.454313 0.532536 0.326518
0 0.782349 0.319489 0.782349 0.345687 0.947644 0.346326 0.947644 0.566134 0.784592 0.566773 0.784592 0.573802 0.786836 0.574441 0.786836 0.635783 0.883321 0.635783 0.883321 0.628115 0.796559 0.628115 0.796559 0.573802 0.946896 0.573802 0.947644 0.692013 0.787584 0.692652 0.787584 0.729073 0.783844 0.729712 0.783844 0.737380 0.796559 0.737380 0.797307 0.700319 0.926702 0.700958 0.926702 0.738019 0.947644 0.738658 0.947644 0.881150 0.824981 0.881789 0.824981 0.906070 0.962603 0.906070 0.962603 0.319489
0 0.639491 0.319489 0.639491 0.345048 0.670157 0.345687 0.670157 0.319489
0 0.161556 0.318211 0.161556 0.343770 0.190726 0.343770 0.190726 0.318211
0 0.298429 0.026198 0.298429 0.063259 0.311144 0.063259 0.311892 0.037061 0.470456 0.037700 0.469708 0.175719 0.311892 0.175719 0.311144 0.118211 0.298429 0.118211 0.298429 0.186581 0.470456 0.187220 0.470456 0.317572 0.299177 0.318211 0.299177 0.343131 0.465221 0.343770 0.465221 0.562939 0.303665 0.563578 0.303665 0.574441 0.464473 0.574441 0.465221 0.686901 0.317128 0.687540 0.316380 0.676677 0.303665 0.676677 0.303665 0.698403 0.357517 0.699042 0.357517 0.759744 0.303665 0.760383 0.303665 0.769968 0.311892 0.769968 0.312640 0.767412 0.365744 0.767412 0.366492 0.698403 0.465221 0.699042 0.465221 0.881789 0.428571 0.882428 0.428571 0.907348 0.469708 0.907987 0.469708 0.967412 0.480180 0.967412 0.480180 0.907987 0.483171 0.907348 0.483171 0.026198
0 0.041137 0.026198 0.041137 0.907348 0.100224 0.907348 0.100224 0.882428 0.056844 0.881789 0.056844 0.654952 0.101720 0.654313 0.101720 0.629393 0.056844 0.628754 0.057592 0.456869 0.054600 0.456230 0.054600 0.026198
1 0.235602 0.882428 0.235602 0.902875 0.301421 0.902875 0.301421 0.882428
1 0.237098 0.842812 0.237098 0.850479 0.301421 0.850479 0.301421 0.842812
1 0.615557 0.779553 0.615557 0.789137 0.669409 0.789137 0.669409 0.779553
1 0.303665 0.770607 0.303665 0.821086 0.311892 0.821086 0.311892 0.770607
1 0.724009 0.729712 0.724009 0.737380 0.783096 0.737380 0.783096 0.729712
1 0.676141 0.677316 0.676141 0.727157 0.684368 0.727157 0.684368 0.677316
1 0.303665 0.638339 0.303665 0.676038 0.316380 0.676038 0.316380 0.638339
1 0.725505 0.566773 0.725505 0.573802 0.783844 0.573802 0.783844 0.566773
1 0.098728 0.456869 0.098728 0.480511 0.158564 0.480511 0.158564 0.456869
1 0.577412 0.454952 0.577412 0.479233 0.637248 0.479233 0.637248 0.454952
1 0.298429 0.063898 0.298429 0.117572 0.311144 0.117572 0.311144 0.063898
2 0.341810 0.882428 0.341810 0.907348 0.427823 0.907348 0.427823 0.882428
2 0.100972 0.882428 0.100972 0.907348 0.188482 0.907348 0.188482 0.882428
2 0.735976 0.881789 0.735976 0.906070 0.824233 0.906070 0.824233 0.881789
2 0.578908 0.879233 0.578908 0.906070 0.668661 0.906070 0.668661 0.879233
2 0.058340 0.456869 0.058340 0.480511 0.092745 0.480511 0.092745 0.456869
2 0.536275 0.454952 0.536275 0.479233 0.572177 0.479233 0.572177 0.454952
2 0.639491 0.345687 0.639491 0.454313 0.668661 0.454313 0.668661 0.345687
2 0.161556 0.344409 0.161556 0.456230 0.190726 0.456230 0.190726 0.344409
2 0.670905 0.319489 0.670905 0.345687 0.781601 0.345687 0.781601 0.319489
2 0.191473 0.318211 0.191473 0.343131 0.298429 0.343131 0.298429 0.318211
