0 0.339989 0.602564 0.335672 0.602564 0.335132 0.800855 0.153805 0.800855 0.153265 0.641026 0.135456 0.641026 0.135456 0.849573 0.273610 0.849573 0.274150 0.812821 0.390718 0.812821 0.390718 0.800855 0.339989 0.800000
0 0.335672 0.464103 0.335672 0.526496 0.339989 0.526496 0.339989 0.464103
0 0.135456 0.461538 0.135456 0.482051 0.203454 0.480342 0.203454 0.468376 0.153805 0.468376 0.153265 0.461538
0 0.781975 0.408547 0.781975 0.414530 0.793308 0.414530 0.793308 0.408547
0 0.135456 0.201709 0.135456 0.305128 0.153265 0.305128 0.153805 0.214530 0.335132 0.214530 0.335672 0.393162 0.339989 0.393162 0.340529 0.389744 0.379385 0.389744 0.379385 0.382051 0.339989 0.381197 0.339989 0.250427 0.378845 0.249573 0.379385 0.214530 0.458716 0.215385 0.458716 0.381197 0.418241 0.382051 0.418241 0.389744 0.463033 0.389744 0.463573 0.214530 0.781436 0.214530 0.781975 0.226496 0.793308 0.226496 0.793848 0.213675 0.880194 0.214530 0.879655 0.538462 0.793848 0.538462 0.793308 0.491453 0.781975 0.491453 0.781436 0.538462 0.453859 0.538462 0.453859 0.800000 0.440367 0.800855 0.440367 0.812821 0.461414 0.812821 0.461954 0.550427 0.889369 0.550427 0.889369 0.201709
1 0.391257 0.800855 0.391257 0.812821 0.439827 0.812821 0.439827 0.800855
1 0.335672 0.527350 0.335672 0.601709 0.339989 0.601709 0.339989 0.527350
1 0.781975 0.415385 0.781975 0.490598 0.793308 0.490598 0.793308 0.415385
1 0.335672 0.394017 0.335672 0.463248 0.339989 0.463248 0.339989 0.394017
1 0.379924 0.382051 0.379924 0.389744 0.417701 0.389744 0.417701 0.382051
2 0.135456 0.482906 0.135456 0.640171 0.153265 0.640171 0.153265 0.482906
2 0.135456 0.305983 0.135456 0.460684 0.153265 0.460684 0.153265 0.305983
2 0.781975 0.227350 0.781975 0.407692 0.793308 0.407692 0.793308 0.227350
