0 0.532811 0.832340 0.532811 0.843404 0.589618 0.844255 0.589618 0.902979 0.536729 0.903830 0.536729 0.921702 0.580803 0.922553 0.580803 0.965106 0.654261 0.965106 0.654261 0.945532 0.602351 0.944681 0.602351 0.832340
0 0.439765 0.832340 0.413320 0.832340 0.413320 0.948936 0.357493 0.949787 0.357493 0.965106 0.434868 0.965106 0.434868 0.922553 0.441724 0.921702 0.441724 0.903830 0.425073 0.902979 0.425073 0.844255 0.439765 0.843404
0 0.536729 0.512340 0.536729 0.657872 0.551420 0.656170 0.551420 0.646809 0.547502 0.645957 0.548482 0.522553 0.703232 0.522553 0.704212 0.643404 0.618022 0.644255 0.616063 0.646809 0.616063 0.656170 0.709109 0.657021 0.708129 0.760851 0.548482 0.760851 0.547502 0.707234 0.536729 0.707234 0.536729 0.770213 0.719882 0.770213 0.719882 0.522553 0.778648 0.521702 0.778648 0.512340
0 0.852106 0.208511 0.852106 0.228085 0.936337 0.228936 0.936337 0.511489 0.877571 0.512340 0.877571 0.521702 0.936337 0.522553 0.936337 0.944681 0.879530 0.945532 0.879530 0.965106 0.954946 0.965106 0.954946 0.208511
0 0.615083 0.208511 0.615083 0.228085 0.618022 0.228085 0.618022 0.208511
0 0.532811 0.208511 0.532811 0.228085 0.536729 0.228085 0.536729 0.208511
0 0.413320 0.208511 0.413320 0.512340 0.407444 0.513191 0.407444 0.522553 0.425073 0.522553 0.426053 0.208511
0 0.104799 0.049362 0.104799 0.207660 0.100881 0.208511 0.100881 0.965106 0.243879 0.965106 0.243879 0.949787 0.118511 0.948936 0.118511 0.718298 0.412341 0.717447 0.413320 0.768511 0.425073 0.768511 0.425073 0.707234 0.326151 0.707234 0.325171 0.702979 0.315377 0.702979 0.314398 0.707234 0.118511 0.706383 0.119491 0.619574 0.314398 0.619574 0.315377 0.646809 0.325171 0.646809 0.325171 0.611064 0.270323 0.610213 0.270323 0.523404 0.330069 0.522553 0.330069 0.513191 0.256611 0.513191 0.256611 0.522553 0.260529 0.523404 0.259549 0.611064 0.118511 0.610213 0.118511 0.523404 0.178257 0.522553 0.178257 0.513191 0.118511 0.512340 0.118511 0.228936 0.305583 0.228085 0.305583 0.208511 0.116552 0.208511 0.115573 0.049362
1 0.442703 0.903830 0.442703 0.921702 0.535749 0.921702 0.535749 0.903830
1 0.440744 0.832340 0.440744 0.843404 0.531832 0.843404 0.531832 0.832340
1 0.536729 0.658723 0.536729 0.706383 0.547502 0.706383 0.547502 0.658723
1 0.315377 0.647660 0.315377 0.702128 0.325171 0.702128 0.325171 0.647660
1 0.552400 0.646809 0.552400 0.656170 0.615083 0.656170 0.615083 0.646809
1 0.331048 0.513191 0.331048 0.522553 0.406464 0.522553 0.406464 0.513191
1 0.179236 0.513191 0.179236 0.522553 0.255632 0.522553 0.255632 0.513191
1 0.537708 0.208511 0.537708 0.228085 0.614104 0.228085 0.614104 0.208511
2 0.244858 0.949787 0.244858 0.965106 0.356513 0.965106 0.356513 0.949787
2 0.655240 0.945532 0.655240 0.965106 0.878550 0.965106 0.878550 0.945532
2 0.619001 0.208511 0.619001 0.228085 0.851126 0.228085 0.851126 0.208511
2 0.427032 0.208511 0.427032 0.228085 0.531832 0.228085 0.531832 0.208511
2 0.306562 0.208511 0.306562 0.228085 0.412341 0.228085 0.412341 0.208511
