0 0.828194 0.774329 0.828194 0.786913 0.920705 0.786913 0.920705 0.774329
0 0.134047 0.691275 0.134047 0.786913 0.207678 0.786913 0.207678 0.774329 0.143486 0.773490 0.143486 0.704698 0.193833 0.703859 0.194462 0.718960 0.203902 0.718960 0.203902 0.691275
0 0.266205 0.629195 0.266205 0.773490 0.264317 0.774329 0.264317 0.786913 0.282568 0.786913 0.282568 0.774329 0.275645 0.773490 0.275645 0.629195
0 0.811831 0.565436 0.757080 0.565436 0.756451 0.562919 0.747011 0.562919 0.746381 0.774329 0.633103 0.774329 0.633103 0.786913 0.783512 0.786913 0.783512 0.774329 0.756451 0.773490 0.756451 0.578859 0.811831 0.578020
0 0.338578 0.479027 0.338578 0.501678 0.350535 0.501678 0.351164 0.491611 0.417873 0.491611 0.417873 0.479027
0 0.702329 0.334732 0.702329 0.412752 0.711768 0.412752 0.712398 0.411074 0.762115 0.411074 0.762115 0.398490 0.712398 0.398490 0.711768 0.334732
0 0.632473 0.164430 0.632473 0.177013 0.636249 0.177013 0.636249 0.164430
0 0.145374 0.163591 0.145374 0.176174 0.148521 0.176174 0.148521 0.163591
0 0.230963 0.162752 0.205790 0.163591 0.205790 0.176174 0.230963 0.176174
0 0.702329 0.161913 0.701699 0.164430 0.692889 0.164430 0.692889 0.177013 0.702329 0.177852 0.702329 0.258389 0.711768 0.258389 0.711768 0.161913
0 0.033354 0.134228 0.033354 0.786913 0.074261 0.786913 0.074261 0.774329 0.042794 0.773490 0.042794 0.250000 0.050975 0.249161 0.050975 0.177013 0.052234 0.176174 0.052234 0.163591 0.043424 0.162752 0.043424 0.134228
0 0.312775 0.050336 0.312775 0.062919 0.482694 0.063758 0.482694 0.398490 0.320327 0.399329 0.320327 0.411913 0.482694 0.412752 0.482064 0.566275 0.351164 0.566275 0.350535 0.560403 0.338578 0.560403 0.338578 0.578859 0.482694 0.579698 0.482694 0.773490 0.389553 0.774329 0.389553 0.786913 0.492133 0.786913 0.492133 0.050336
0 0.221523 0.050336 0.221523 0.062081 0.230963 0.062081 0.230963 0.050336
0 0.795469 0.049497 0.795469 0.062081 0.940843 0.062919 0.940843 0.397651 0.815607 0.398490 0.815607 0.411074 0.817495 0.411913 0.817495 0.491611 0.910006 0.491611 0.910006 0.479027 0.827565 0.479027 0.827565 0.411074 0.966646 0.411913 0.966646 0.564597 0.862807 0.565436 0.862807 0.578020 0.966646 0.578859 0.966646 0.773490 0.964758 0.774329 0.964758 0.786913 0.976086 0.786913 0.976086 0.398490 0.950283 0.397651 0.950283 0.049497
0 0.711768 0.049497 0.512901 0.050336 0.512901 0.786913 0.527376 0.786913 0.527376 0.774329 0.522341 0.773490 0.522970 0.495805 0.756451 0.495805 0.755821 0.483221 0.522341 0.482383 0.522341 0.250839 0.531152 0.250000 0.531152 0.177852 0.533040 0.177013 0.533040 0.164430 0.522341 0.163591 0.522341 0.063758 0.711768 0.062919
1 0.208307 0.774329 0.208307 0.786913 0.263688 0.786913 0.263688 0.774329
1 0.194462 0.719799 0.194462 0.772651 0.203902 0.772651 0.203902 0.719799
1 0.812461 0.565436 0.812461 0.578020 0.862177 0.578020 0.862177 0.565436
1 0.338578 0.502517 0.338578 0.559564 0.350535 0.559564 0.350535 0.502517
1 0.747011 0.496644 0.747011 0.562081 0.756451 0.562081 0.756451 0.496644
1 0.702329 0.413591 0.702329 0.481544 0.711768 0.481544 0.711768 0.413591
1 0.280680 0.399329 0.280680 0.411913 0.319698 0.411913 0.319698 0.399329
1 0.762744 0.398490 0.762744 0.411074 0.814978 0.411074 0.814978 0.398490
1 0.702329 0.259228 0.702329 0.333893 0.711768 0.333893 0.711768 0.259228
1 0.636879 0.164430 0.636879 0.177013 0.692259 0.177013 0.692259 0.164430
1 0.149150 0.163591 0.149150 0.176174 0.205160 0.176174 0.205160 0.163591
2 0.921334 0.774329 0.921334 0.786913 0.964128 0.786913 0.964128 0.774329
2 0.784141 0.774329 0.784141 0.786913 0.827565 0.786913 0.827565 0.774329
2 0.528005 0.774329 0.528005 0.786913 0.632473 0.786913 0.632473 0.774329
2 0.283197 0.774329 0.283197 0.786913 0.388924 0.786913 0.388924 0.774329
2 0.074890 0.774329 0.074890 0.786913 0.133417 0.786913 0.133417 0.774329
2 0.533669 0.164430 0.533669 0.177013 0.631844 0.177013 0.631844 0.164430
2 0.052863 0.163591 0.052863 0.176174 0.144745 0.176174 0.144745 0.163591
2 0.702329 0.063758 0.702329 0.161074 0.711768 0.161074 0.711768 0.063758
2 0.312146 0.050336 0.231592 0.050336 0.230963 0.062919 0.221523 0.062919 0.221523 0.161913 0.230963 0.161913 0.231592 0.062919 0.312146 0.062919
2 0.712398 0.049497 0.712398 0.062081 0.794840 0.062081 0.794840 0.049497
