0 0.569704 0.822497 0.569704 0.839402 0.570872 0.839402 0.570872 0.822497
0 0.475467 0.810793 0.475467 0.839402 0.496106 0.839402 0.496106 0.822497 0.487150 0.822497 0.486760 0.810793
0 0.612928 0.810143 0.612928 0.821847 0.607477 0.822497 0.607477 0.839402 0.624611 0.839402 0.624611 0.810143
0 0.798676 0.687256 0.798676 0.704811 0.820483 0.704811 0.820483 0.687256
0 0.359813 0.687256 0.327103 0.687256 0.326713 0.665800 0.321262 0.665800 0.320872 0.687256 0.269860 0.687256 0.269860 0.704811 0.359813 0.704811
0 0.517523 0.603381 0.506231 0.603381 0.506231 0.686606 0.468069 0.687256 0.468069 0.704811 0.475467 0.705462 0.475467 0.729519 0.486760 0.729519 0.487150 0.704811 0.516745 0.704811 0.516745 0.687256 0.511682 0.686606 0.511682 0.611834 0.517523 0.611183
0 0.943146 0.590377 0.932632 0.590377 0.932632 0.686606 0.915109 0.687256 0.915109 0.704811 0.943146 0.704811
0 0.268692 0.496099 0.268692 0.498700 0.303349 0.498700 0.303349 0.496099
0 0.932632 0.475293 0.932632 0.527958 0.943146 0.527958 0.943146 0.475293
0 0.612928 0.447334 0.612928 0.555917 0.586838 0.556567 0.584112 0.561769 0.587227 0.566970 0.588785 0.564369 0.612928 0.565020 0.612928 0.686606 0.563084 0.686606 0.563084 0.611834 0.567368 0.604031 0.563863 0.598179 0.565810 0.594928 0.561137 0.603381 0.554128 0.603381 0.554128 0.611183 0.558411 0.611834 0.558411 0.686606 0.552181 0.687256 0.552181 0.704811 0.612539 0.704811 0.612928 0.728869 0.624611 0.728869 0.625000 0.704811 0.654595 0.704811 0.654595 0.687256 0.617601 0.686606 0.617601 0.455137 0.623442 0.454486 0.623442 0.447334
0 0.162773 0.436281 0.162773 0.704811 0.208723 0.704811 0.208723 0.687256 0.173287 0.686606 0.173287 0.465540 0.214174 0.464889 0.214174 0.457087 0.177960 0.457087 0.177570 0.436281
0 0.217679 0.262679 0.213006 0.262679 0.212617 0.271131 0.173676 0.271131 0.173287 0.263329 0.162773 0.263329 0.162773 0.350455 0.117212 0.351105 0.117212 0.353706 0.162383 0.353706 0.162773 0.362159 0.177570 0.362159 0.177570 0.279584 0.218458 0.278934
0 0.245717 0.271131 0.245717 0.278934 0.246885 0.279584 0.246885 0.397269 0.251558 0.397269 0.251947 0.394018 0.254673 0.394018 0.255062 0.329649 0.317757 0.329649 0.318146 0.368661 0.308411 0.369311 0.308022 0.447334 0.251947 0.447334 0.251558 0.444083 0.246885 0.444083 0.246885 0.456437 0.243380 0.457087 0.243380 0.464889 0.251558 0.464889 0.251947 0.455137 0.320872 0.455137 0.321262 0.557867 0.326713 0.557867 0.326713 0.260078 0.321262 0.260078 0.320872 0.318596 0.251947 0.318596 0.251558 0.271131
0 0.869938 0.144343 0.869938 0.161899 0.932243 0.161899 0.932632 0.234720 0.943146 0.234720 0.943146 0.144343
0 0.833723 0.144343 0.711838 0.144343 0.711838 0.161899 0.748442 0.162549 0.748442 0.362159 0.655374 0.362809 0.655374 0.370611 0.663162 0.371261 0.663162 0.446684 0.657321 0.447334 0.657321 0.454486 0.695483 0.454486 0.695483 0.447334 0.667835 0.446684 0.668224 0.370611 0.748442 0.371261 0.748442 0.446684 0.724299 0.447334 0.724299 0.454486 0.748442 0.455137 0.748442 0.686606 0.714564 0.687256 0.714564 0.704811 0.762072 0.704811 0.762072 0.687256 0.756231 0.686606 0.756620 0.370611 0.932243 0.370611 0.932632 0.409623 0.943146 0.409623 0.943146 0.298440 0.932632 0.298440 0.932243 0.362809 0.756231 0.362159 0.756231 0.162549 0.833723 0.161899
0 0.652259 0.144343 0.607866 0.144343 0.607866 0.161899 0.611371 0.162549 0.611371 0.362159 0.607087 0.362809 0.607087 0.370611 0.622664 0.370611 0.622664 0.362809 0.616044 0.362159 0.616044 0.162549 0.652259 0.161899
0 0.455218 0.144343 0.455218 0.161899 0.506620 0.162549 0.506620 0.370611 0.574377 0.370611 0.574377 0.362809 0.511293 0.362159 0.511293 0.162549 0.545561 0.161899 0.545561 0.144343
0 0.280763 0.144343 0.280763 0.161899 0.320872 0.161899 0.321262 0.210663 0.326713 0.210663 0.327103 0.161899 0.382399 0.161899 0.382399 0.144343
0 0.117212 0.148895 0.117212 0.151495 0.162383 0.151495 0.162773 0.209363 0.173287 0.209363 0.173676 0.161899 0.212617 0.161899 0.213006 0.210663 0.217679 0.210663 0.217679 0.162549 0.219626 0.161899 0.219626 0.144343 0.162773 0.144343 0.162383 0.148895
1 0.532710 0.822497 0.532710 0.839402 0.569315 0.839402 0.569315 0.822497
1 0.820872 0.687256 0.820872 0.704811 0.914720 0.704811 0.914720 0.687256
1 0.762461 0.687256 0.762461 0.704811 0.798287 0.704811 0.798287 0.687256
1 0.517134 0.687256 0.517134 0.704811 0.551791 0.704811 0.551791 0.687256
1 0.517913 0.603381 0.517913 0.611183 0.553738 0.611183 0.553738 0.603381
1 0.583723 0.562419 0.564252 0.598179 0.567757 0.603381 0.587227 0.567620
1 0.321262 0.558518 0.321262 0.665150 0.326713 0.665150 0.326713 0.558518
1 0.214564 0.457087 0.214564 0.464889 0.242991 0.464889 0.242991 0.457087
1 0.695872 0.447334 0.695872 0.454486 0.723910 0.454486 0.723910 0.447334
1 0.623832 0.447334 0.623832 0.454486 0.656931 0.454486 0.656931 0.447334
1 0.246885 0.397919 0.246885 0.443433 0.251558 0.443433 0.251558 0.397919
1 0.623053 0.362809 0.623053 0.370611 0.654984 0.370611 0.654984 0.362809
1 0.574766 0.362809 0.574766 0.370611 0.606698 0.370611 0.606698 0.362809
1 0.218847 0.271131 0.218847 0.278934 0.245327 0.278934 0.245327 0.271131
1 0.321262 0.211313 0.321262 0.259428 0.326713 0.259428 0.326713 0.211313
1 0.213006 0.211313 0.213006 0.262029 0.217679 0.262029 0.217679 0.211313
1 0.162773 0.210013 0.162773 0.262679 0.173287 0.262679 0.173287 0.210013
1 0.834112 0.144343 0.834112 0.161899 0.869548 0.161899 0.869548 0.144343
2 0.571262 0.822497 0.571262 0.839402 0.607087 0.839402 0.607087 0.822497
2 0.496495 0.822497 0.496495 0.839402 0.531542 0.839402 0.531542 0.822497
2 0.475467 0.730169 0.475467 0.810143 0.486760 0.810143 0.486760 0.730169
2 0.612928 0.729519 0.612928 0.809493 0.624611 0.809493 0.624611 0.729519
2 0.654984 0.687256 0.654984 0.704811 0.714174 0.704811 0.714174 0.687256
2 0.360202 0.687256 0.360202 0.704811 0.467679 0.704811 0.467679 0.687256
2 0.209112 0.687256 0.209112 0.704811 0.269470 0.704811 0.269470 0.687256
2 0.932632 0.528609 0.932632 0.589727 0.943146 0.589727 0.943146 0.528609
2 0.932632 0.410273 0.932632 0.474642 0.943146 0.474642 0.943146 0.410273
2 0.162773 0.362809 0.162773 0.435631 0.177570 0.435631 0.177570 0.362809
2 0.932632 0.235371 0.932632 0.297789 0.943146 0.297789 0.943146 0.235371
2 0.652648 0.144343 0.652648 0.161899 0.711449 0.161899 0.711449 0.144343
2 0.545950 0.144343 0.545950 0.161899 0.607477 0.161899 0.607477 0.144343
2 0.382788 0.144343 0.382788 0.161899 0.454829 0.161899 0.454829 0.144343
2 0.220016 0.144343 0.220016 0.161899 0.280374 0.161899 0.280374 0.144343
