0 0.922904 0.238365 0.855539 0.238365 0.855539 0.266742 0.907186 0.267877 0.907186 0.793417 0.671407 0.794552 0.670659 0.738933 0.653443 0.738933 0.652695 0.708286 0.645210 0.708286 0.645210 0.793417 0.635479 0.794552 0.635479 0.818388 0.922904 0.818388
0 0.592814 0.238365 0.592814 0.266742 0.645210 0.267877 0.645210 0.603859 0.630240 0.604994 0.630240 0.616345 0.644461 0.616345 0.645210 0.629966 0.652695 0.629966 0.652695 0.267877 0.708084 0.266742 0.708084 0.238365
0 0.486527 0.238365 0.486527 0.266742 0.534431 0.267877 0.534431 0.536890 0.488772 0.538025 0.488772 0.603859 0.483533 0.604994 0.483533 0.616345 0.592814 0.616345 0.592814 0.604994 0.541916 0.603859 0.541916 0.238365
0 0.096557 0.063564 0.096557 0.818388 0.585329 0.818388 0.585329 0.794552 0.382485 0.794552 0.381737 0.717367 0.374251 0.717367 0.373503 0.794552 0.113024 0.793417 0.112275 0.238365 0.104042 0.237230 0.104042 0.076050 0.372006 0.076050 0.372006 0.237230 0.291916 0.238365 0.291916 0.266742 0.374251 0.267877 0.374251 0.616345 0.431138 0.616345 0.431138 0.604994 0.381737 0.603859 0.381737 0.267877 0.436377 0.266742 0.436377 0.238365 0.379491 0.237230 0.379491 0.063564
1 0.586078 0.794552 0.586078 0.818388 0.634731 0.818388 0.634731 0.794552
1 0.645210 0.631101 0.645210 0.707151 0.652695 0.707151 0.652695 0.631101
1 0.374251 0.617480 0.374251 0.716232 0.381737 0.716232 0.381737 0.617480
1 0.593563 0.604994 0.593563 0.616345 0.629491 0.616345 0.629491 0.604994
1 0.431886 0.604994 0.431886 0.616345 0.482784 0.616345 0.482784 0.604994
1 0.239521 0.238365 0.239521 0.266742 0.291168 0.266742 0.291168 0.238365
2 0.708832 0.238365 0.708832 0.266742 0.854790 0.266742 0.854790 0.238365
2 0.542665 0.238365 0.542665 0.266742 0.592066 0.266742 0.592066 0.238365
2 0.437126 0.238365 0.437126 0.266742 0.485778 0.266742 0.485778 0.238365
2 0.113024 0.238365 0.113772 0.266742 0.238024 0.266742 0.238024 0.238365
