0 0.560606 0.803119 0.560606 0.821313 0.562937 0.821313 0.562937 0.803119
0 0.559441 0.711501 0.559441 0.718648 0.561772 0.718648 0.561772 0.711501
0 0.447552 0.593242 0.433566 0.593242 0.433566 0.802469 0.332168 0.803119 0.332168 0.821313 0.522145 0.821313 0.522145 0.803119 0.447552 0.802469 0.447552 0.719298 0.525641 0.718648 0.525641 0.711501 0.447552 0.710851
0 0.502331 0.159194 0.502331 0.450942 0.522145 0.450942 0.522145 0.445094 0.513986 0.444444 0.513986 0.174789 0.576923 0.174139 0.576923 0.161793 0.536131 0.161793 0.534965 0.159194
0 0.433566 0.081222 0.433566 0.100065 0.501166 0.100065 0.502331 0.103964 0.534965 0.103964 0.534965 0.081222
0 0.912587 0.000000 0.900932 0.000000 0.900932 0.161144 0.794872 0.161793 0.794872 0.174139 0.888112 0.174789 0.888112 0.444444 0.607226 0.445094 0.607226 0.450942 0.664336 0.451592 0.664336 0.487979 0.677156 0.487979 0.678322 0.450942 0.888112 0.451592 0.886946 0.533463 0.678322 0.533463 0.677156 0.531514 0.664336 0.531514 0.664336 0.612086 0.677156 0.612086 0.678322 0.540611 0.888112 0.541261 0.888112 0.694607 0.763403 0.695257 0.763403 0.702404 0.888112 0.703054 0.888112 0.802469 0.677156 0.802469 0.677156 0.703054 0.685315 0.702404 0.685315 0.695257 0.677156 0.694607 0.677156 0.654971 0.664336 0.654971 0.664336 0.710851 0.659674 0.711501 0.659674 0.718648 0.664336 0.719298 0.664336 0.802469 0.662005 0.803119 0.662005 0.821313 0.670163 0.821962 0.670163 0.890838 0.682984 0.890838 0.684149 0.821313 0.902098 0.821313 0.903263 0.944120 0.684149 0.944769 0.682984 0.938272 0.670163 0.938272 0.670163 0.951917 0.916084 0.951917 0.916084 0.161793 0.912587 0.161144
0 0.053613 0.000000 0.053613 0.080572 0.046620 0.081222 0.046620 0.821313 0.111888 0.821313 0.111888 0.803119 0.072261 0.802469 0.072261 0.530864 0.185315 0.530214 0.185315 0.524366 0.072261 0.523717 0.072261 0.451592 0.284382 0.450942 0.285548 0.523717 0.261072 0.524366 0.261072 0.530214 0.432401 0.530214 0.433566 0.546459 0.447552 0.546459 0.447552 0.524366 0.298368 0.523717 0.298368 0.451592 0.369464 0.450942 0.369464 0.445094 0.072261 0.444444 0.072261 0.100715 0.093240 0.100065 0.093240 0.081222 0.065268 0.080572 0.065268 0.000000
1 0.670163 0.891488 0.670163 0.937622 0.682984 0.937622 0.682984 0.891488
1 0.564103 0.803119 0.564103 0.821313 0.660839 0.821313 0.660839 0.803119
1 0.562937 0.711501 0.562937 0.718648 0.658508 0.718648 0.658508 0.711501
1 0.686480 0.695257 0.686480 0.702404 0.762238 0.702404 0.762238 0.695257
1 0.664336 0.612736 0.664336 0.654321 0.677156 0.654321 0.677156 0.612736
1 0.433566 0.547109 0.433566 0.592593 0.447552 0.592593 0.447552 0.547109
1 0.186480 0.524366 0.186480 0.530214 0.259907 0.530214 0.259907 0.524366
1 0.664336 0.488629 0.664336 0.530864 0.677156 0.530864 0.677156 0.488629
1 0.523310 0.445094 0.523310 0.450942 0.606061 0.450942 0.606061 0.445094
1 0.502331 0.104613 0.502331 0.158545 0.534965 0.158545 0.534965 0.104613
2 0.523310 0.803119 0.523310 0.821313 0.559441 0.821313 0.559441 0.803119
2 0.113054 0.803119 0.113054 0.821313 0.331002 0.821313 0.331002 0.803119
2 0.526807 0.711501 0.526807 0.718648 0.558275 0.718648 0.558275 0.711501
2 0.578089 0.161793 0.578089 0.174139 0.793706 0.174139 0.793706 0.161793
2 0.094406 0.081222 0.094406 0.100065 0.432401 0.100065 0.432401 0.081222
