0 0.942808 0.044032 0.781629 0.044032 0.781629 0.113557 0.835355 0.114716 0.835355 0.651217 0.866551 0.652375 0.866551 0.767092 0.610052 0.768250 0.608319 0.697567 0.592721 0.697567 0.590988 0.705678 0.511265 0.704519 0.511265 0.650058 0.590988 0.648899 0.592721 0.653534 0.608319 0.653534 0.608319 0.637312 0.464471 0.637312 0.464471 0.648899 0.502600 0.650058 0.502600 0.714948 0.514731 0.714948 0.516464 0.712630 0.597920 0.713789 0.597920 0.779838 0.516464 0.780997 0.514731 0.772885 0.502600 0.772885 0.502600 0.803013 0.514731 0.803013 0.516464 0.790267 0.892548 0.790267 0.894281 0.880649 0.752166 0.881808 0.750433 0.860950 0.516464 0.860950 0.514731 0.858633 0.502600 0.858633 0.500867 0.882966 0.441941 0.882966 0.441941 0.922364 0.433276 0.923523 0.433276 0.939745 0.639515 0.939745 0.641248 0.893395 0.942808 0.893395
0 0.462738 0.044032 0.259965 0.044032 0.259965 0.690614 0.024263 0.691773 0.024263 0.939745 0.287695 0.939745 0.287695 0.923523 0.280763 0.922364 0.280763 0.823870 0.261698 0.823870 0.259965 0.884125 0.057192 0.882966 0.057192 0.712630 0.259965 0.711472 0.261698 0.748552 0.280763 0.748552 0.280763 0.712630 0.292894 0.711472 0.292894 0.650058 0.318891 0.648899 0.318891 0.637312 0.292894 0.636153 0.292894 0.114716 0.301560 0.113557 0.301560 0.105446 0.292894 0.104287 0.292894 0.081112 0.379549 0.079954 0.381282 0.104287 0.370884 0.105446 0.370884 0.113557 0.462738 0.113557
1 0.289428 0.923523 0.289428 0.939745 0.431542 0.939745 0.431542 0.923523
1 0.502600 0.804171 0.502600 0.857474 0.514731 0.857474 0.514731 0.804171
1 0.261698 0.749710 0.261698 0.822711 0.280763 0.822711 0.280763 0.749710
1 0.502600 0.716107 0.502600 0.771727 0.514731 0.771727 0.514731 0.716107
1 0.592721 0.654693 0.592721 0.696408 0.608319 0.696408 0.608319 0.654693
1 0.320624 0.637312 0.320624 0.648899 0.462738 0.648899 0.462738 0.637312
1 0.303293 0.105446 0.303293 0.113557 0.369151 0.113557 0.369151 0.105446
2 0.464471 0.044032 0.464471 0.113557 0.779896 0.113557 0.779896 0.044032
