0 0.708295 0.897844 0.708295 0.883786 0.634458 0.882849 0.634458 0.581068 0.627165 0.581068 0.626253 0.791003 0.075661 0.791003 0.074749 0.788191 0.053783 0.788191 0.053783 0.805998 0.622607 0.805998 0.623519 0.897844
0 0.189608 0.331771 0.189608 0.337395 0.209663 0.337395 0.209663 0.331771
0 0.948040 0.054358 0.876026 0.054358 0.876026 0.081537 0.934366 0.082474 0.934366 0.432052 0.784868 0.432990 0.784868 0.445173 0.788514 0.446111 0.788514 0.584817 0.796718 0.584817 0.797630 0.471415 0.934366 0.472352 0.934366 0.687910 0.858706 0.688847 0.857794 0.651359 0.797630 0.651359 0.796718 0.649485 0.788514 0.649485 0.788514 0.700094 0.796718 0.700094 0.797630 0.659794 0.848678 0.659794 0.849590 0.697282 0.907019 0.698219 0.906108 0.766635 0.797630 0.766635 0.796718 0.762887 0.788514 0.762887 0.788514 0.777882 0.796718 0.777882 0.797630 0.775070 0.906108 0.775070 0.907019 0.827554 0.882407 0.828491 0.881495 0.883786 0.797630 0.883786 0.796718 0.837863 0.788514 0.837863 0.788514 0.882849 0.785779 0.883786 0.785779 0.897844 0.948040 0.897844
0 0.705561 0.054358 0.705561 0.081537 0.709207 0.082474 0.709207 0.432052 0.707384 0.432990 0.707384 0.445173 0.722881 0.445173 0.722881 0.432990 0.719234 0.432052 0.719234 0.082474 0.733820 0.081537 0.733820 0.054358
0 0.053783 0.054358 0.053783 0.446111 0.215132 0.445173 0.215132 0.432990 0.209663 0.432052 0.209663 0.412371 0.189608 0.412371 0.188696 0.417057 0.060164 0.416120 0.061076 0.081537 0.188696 0.081537 0.189608 0.084349 0.209663 0.084349 0.210574 0.081537 0.467639 0.081537 0.468551 0.432052 0.290793 0.432990 0.290793 0.445173 0.636281 0.445173 0.636281 0.432990 0.478578 0.432052 0.478578 0.082474 0.510483 0.081537 0.510483 0.054358
1 0.709207 0.883786 0.709207 0.897844 0.784868 0.897844 0.784868 0.883786
1 0.788514 0.778819 0.788514 0.836926 0.796718 0.836926 0.796718 0.778819
1 0.788514 0.701031 0.788514 0.761949 0.796718 0.761949 0.796718 0.701031
1 0.788514 0.585754 0.788514 0.648547 0.796718 0.648547 0.796718 0.585754
1 0.723792 0.432990 0.723792 0.445173 0.783956 0.445173 0.783956 0.432990
1 0.637192 0.432990 0.637192 0.445173 0.706472 0.445173 0.706472 0.432990
1 0.216044 0.432990 0.216044 0.445173 0.289881 0.445173 0.289881 0.432990
1 0.189608 0.338332 0.189608 0.411434 0.209663 0.411434 0.209663 0.338332
2 0.053783 0.447048 0.053783 0.787254 0.074749 0.787254 0.074749 0.447048
2 0.189608 0.085286 0.189608 0.330834 0.209663 0.330834 0.209663 0.085286
2 0.734731 0.054358 0.734731 0.081537 0.875114 0.081537 0.875114 0.054358
2 0.511395 0.054358 0.511395 0.081537 0.704649 0.081537 0.704649 0.054358
