0 0.424549 0.806122 0.411552 0.805102 0.411552 0.722449 0.401444 0.723469 0.401444 0.742857 0.396390 0.743878 0.395668 0.806122 0.154513 0.806122 0.153791 0.792857 0.139350 0.792857 0.139350 0.825510 0.424549 0.825510
0 0.139350 0.498980 0.139350 0.588776 0.153791 0.588776 0.154513 0.580612 0.400722 0.580612 0.401444 0.652041 0.407220 0.652041 0.407220 0.564286 0.401444 0.564286 0.400722 0.572449 0.154513 0.572449 0.153791 0.498980
0 0.807220 0.460204 0.807220 0.467347 0.823827 0.467347 0.823827 0.460204
0 0.139350 0.232653 0.139350 0.291837 0.153791 0.291837 0.154513 0.252041 0.400722 0.252041 0.401444 0.493878 0.407220 0.493878 0.407942 0.473469 0.447653 0.473469 0.447653 0.465306 0.407220 0.464286 0.407942 0.292857 0.511913 0.293878 0.511913 0.464286 0.498195 0.465306 0.498195 0.473469 0.517690 0.473469 0.518412 0.252041 0.885199 0.253061 0.884477 0.557143 0.824549 0.557143 0.823827 0.538776 0.807220 0.538776 0.806498 0.557143 0.509747 0.557143 0.509747 0.805102 0.472924 0.806122 0.472924 0.825510 0.523466 0.825510 0.524188 0.577551 0.890975 0.577551 0.890975 0.232653
1 0.425271 0.806122 0.425271 0.825510 0.472202 0.825510 0.472202 0.806122
1 0.401444 0.653061 0.401444 0.722449 0.406498 0.722449 0.407220 0.653061
1 0.401444 0.494898 0.401444 0.563265 0.407220 0.563265 0.407220 0.494898
1 0.807220 0.468367 0.807220 0.537755 0.823827 0.537755 0.823827 0.468367
1 0.448375 0.465306 0.448375 0.473469 0.497473 0.473469 0.497473 0.465306
2 0.139350 0.589796 0.139350 0.791837 0.153791 0.791837 0.153791 0.589796
2 0.139350 0.292857 0.139350 0.497959 0.153791 0.497959 0.153791 0.292857
2 0.807220 0.254082 0.807220 0.459184 0.823827 0.459184 0.823827 0.254082
