0 0.047270 0.792713 0.047270 0.894737 0.400133 0.894737 0.400133 0.880972 0.394141 0.880162 0.394141 0.787854 0.362184 0.787854 0.362184 0.794332 0.388815 0.795142 0.388149 0.880972 0.276964 0.880162 0.276964 0.795142 0.320905 0.794332 0.320905 0.787854 0.305593 0.787854 0.304927 0.778138 0.299601 0.778138 0.298935 0.787854 0.272969 0.787854 0.272304 0.880972 0.160453 0.880972 0.159787 0.767611 0.154461 0.767611 0.153795 0.876113 0.069907 0.876113 0.069241 0.792713
0 0.346205 0.574089 0.306258 0.574089 0.305593 0.561134 0.300266 0.561134 0.300266 0.662348 0.262317 0.663158 0.261651 0.710121 0.069907 0.710121 0.069241 0.622672 0.047270 0.622672 0.047270 0.752227 0.069241 0.752227 0.069907 0.716599 0.153795 0.716599 0.154461 0.720648 0.159787 0.720648 0.160453 0.716599 0.298935 0.716599 0.299601 0.748988 0.299601 0.721457 0.304927 0.720648 0.305593 0.581377 0.346205 0.580567
0 0.939414 0.530364 0.918775 0.530364 0.918109 0.580567 0.596538 0.580567 0.595872 0.391093 0.641145 0.390283 0.639814 0.383806 0.593209 0.383806 0.484021 0.438057 0.484021 0.480972 0.489348 0.480972 0.489348 0.443725 0.490679 0.442105 0.589214 0.392713 0.590546 0.393522 0.590546 0.579757 0.490013 0.580567 0.489348 0.540081 0.484021 0.540081 0.484021 0.579757 0.464714 0.580567 0.464714 0.880162 0.460053 0.880972 0.460053 0.894737 0.476698 0.894737 0.477364 0.595142 0.939414 0.595142
0 0.047270 0.292308 0.047270 0.502024 0.069241 0.502024 0.069907 0.444534 0.300266 0.444534 0.300932 0.497166 0.306258 0.497166 0.306258 0.438057 0.069907 0.438057 0.069241 0.292308
0 0.739015 0.252632 0.739015 0.255061 0.757656 0.255061 0.757656 0.252632
0 0.047270 0.127126 0.047270 0.170850 0.069241 0.170850 0.069907 0.156275 0.091877 0.156275 0.091877 0.127126
0 0.328229 0.141700 0.311585 0.121457 0.306258 0.127126 0.152463 0.127126 0.152463 0.156275 0.316245 0.156275
0 0.567909 0.143320 0.579228 0.157895 0.738349 0.157895 0.739015 0.171660 0.757656 0.171660 0.758322 0.102834 0.962051 0.102834 0.962051 0.323887 0.758322 0.323887 0.757656 0.319838 0.739015 0.319838 0.739015 0.345749 0.737683 0.346559 0.739015 0.353846 0.918109 0.353846 0.918775 0.407287 0.939414 0.407287 0.939414 0.331174 0.968043 0.330364 0.968043 0.096356 0.752330 0.096356 0.751664 0.128745 0.589214 0.128745 0.584554 0.123887
0 0.497337 0.047773 0.497337 0.076923 0.513316 0.076923 0.535286 0.103644 0.525300 0.091498 0.541944 0.071255 0.539947 0.067206 0.523968 0.047773
0 0.398136 0.047773 0.372836 0.047773 0.343542 0.082591 0.354194 0.069636 0.370839 0.090688 0.382823 0.076923 0.398136 0.076923
1 0.400799 0.880972 0.400799 0.894737 0.459387 0.894737 0.459387 0.880972
1 0.321571 0.787854 0.321571 0.794332 0.361518 0.794332 0.361518 0.787854
1 0.300266 0.721457 0.299601 0.777328 0.304927 0.777328 0.305593 0.721457
1 0.154461 0.721457 0.154461 0.766802 0.159787 0.766802 0.159787 0.721457
1 0.300932 0.497976 0.300266 0.560324 0.305593 0.560324 0.306258 0.497976
1 0.484021 0.481781 0.484021 0.539271 0.489348 0.539271 0.489348 0.481781
1 0.737017 0.347368 0.641811 0.382996 0.640479 0.383806 0.641145 0.388664 0.642477 0.390283 0.738349 0.353036
1 0.739015 0.255870 0.739015 0.319028 0.757656 0.319028 0.757656 0.255870
2 0.047270 0.753036 0.047270 0.791903 0.069241 0.791903 0.069241 0.753036
2 0.047270 0.502834 0.047270 0.621862 0.069241 0.621862 0.069241 0.502834
2 0.918775 0.408097 0.918775 0.529555 0.939414 0.529555 0.939414 0.408097
2 0.739015 0.172470 0.739015 0.251822 0.757656 0.251822 0.757656 0.172470
2 0.047270 0.171660 0.047270 0.291498 0.069241 0.291498 0.069241 0.171660
2 0.092543 0.127126 0.092543 0.156275 0.151798 0.156275 0.151798 0.127126
2 0.542610 0.071255 0.525965 0.091498 0.567244 0.143320 0.584554 0.123077
2 0.354194 0.070445 0.311585 0.120648 0.328895 0.141700 0.370839 0.091498
2 0.398802 0.047773 0.398802 0.076923 0.496671 0.076923 0.496671 0.047773
