0 0.678962 0.523172 0.678962 0.585994 0.669399 0.586509 0.669399 0.591143 0.678962 0.591658 0.678962 0.638517 0.670765 0.639032 0.670765 0.651390 0.692623 0.651390 0.692623 0.568486 0.700820 0.567971 0.700820 0.562307 0.691257 0.561792 0.691257 0.523172
0 0.449454 0.504634 0.463115 0.509784 0.463115 0.638517 0.409836 0.639032 0.409836 0.651390 0.558743 0.651390 0.558743 0.639032 0.475410 0.638517 0.475410 0.591658 0.557377 0.591143 0.557377 0.586509 0.475410 0.585994 0.475410 0.507724 0.465847 0.504119 0.456284 0.507209
0 0.534153 0.297116 0.534153 0.405252 0.546448 0.405252 0.546448 0.297116
0 0.501366 0.210608 0.501366 0.226571 0.579235 0.226571 0.579235 0.210608
0 0.927596 0.027291 0.915301 0.027291 0.915301 0.210093 0.811475 0.210608 0.811475 0.226571 0.908470 0.227085 0.908470 0.400103 0.639344 0.400618 0.639344 0.405252 0.677596 0.405252 0.678962 0.407312 0.691257 0.407312 0.692623 0.405252 0.908470 0.405767 0.907104 0.456746 0.692623 0.456746 0.691257 0.439753 0.678962 0.439753 0.678962 0.489701 0.691257 0.489701 0.692623 0.461380 0.908470 0.461895 0.908470 0.561792 0.788251 0.562307 0.788251 0.567971 0.900273 0.568486 0.900273 0.638517 0.785519 0.639032 0.785519 0.651390 0.918033 0.651905 0.918033 0.841401 0.678962 0.841916 0.678962 0.888260 0.691257 0.888260 0.692623 0.846550 0.916667 0.846550 0.918033 0.966014 0.692623 0.966529 0.691257 0.926880 0.678962 0.926880 0.678962 0.971164 0.930328 0.971164 0.930328 0.210608 0.927596 0.210093
0 0.081967 0.027291 0.081967 0.210093 0.076503 0.210608 0.076503 0.651390 0.080601 0.651905 0.080601 0.971164 0.531421 0.971164 0.531421 0.966529 0.092896 0.966014 0.092896 0.651905 0.178962 0.651390 0.178962 0.639032 0.098361 0.638517 0.098361 0.444902 0.381148 0.444387 0.382514 0.477858 0.390710 0.480433 0.398907 0.477343 0.408470 0.480947 0.394809 0.475798 0.394809 0.441813 0.098361 0.441298 0.098361 0.227085 0.139344 0.226571 0.139344 0.210608 0.094262 0.210093 0.094262 0.027291
1 0.678962 0.888774 0.678962 0.926365 0.691257 0.926365 0.691257 0.888774
1 0.560109 0.639032 0.560109 0.651390 0.669399 0.651390 0.669399 0.639032
1 0.558743 0.586509 0.558743 0.591143 0.668033 0.591143 0.668033 0.586509
1 0.702186 0.562307 0.702186 0.567971 0.786885 0.567971 0.786885 0.562307
1 0.678962 0.490216 0.678962 0.522657 0.691257 0.522657 0.691257 0.490216
1 0.398907 0.477858 0.390710 0.480947 0.456284 0.506694 0.464481 0.503605
1 0.678962 0.407827 0.678962 0.439238 0.691257 0.439238 0.691257 0.407827
1 0.401639 0.210608 0.401639 0.226571 0.500000 0.226571 0.500000 0.210608
2 0.693989 0.639032 0.693989 0.651390 0.784153 0.651390 0.784153 0.639032
2 0.180328 0.639032 0.180328 0.651390 0.408470 0.651390 0.408470 0.639032
2 0.580601 0.210608 0.580601 0.226571 0.810109 0.226571 0.810109 0.210608
2 0.140710 0.210608 0.140710 0.226571 0.400273 0.226571 0.400273 0.210608
