0 0.723567 0.745638 0.722293 0.754362 0.691720 0.754362 0.691720 0.761074 0.723567 0.761745 0.723567 0.834228 0.690446 0.834899 0.690446 0.855705 0.808917 0.855705 0.808917 0.834899 0.737580 0.834228 0.737580 0.745638
0 0.480255 0.603356 0.471338 0.608725 0.482803 0.614765 0.482803 0.834228 0.382166 0.834899 0.382166 0.855705 0.555414 0.855705 0.556688 0.954362 0.570701 0.954362 0.570701 0.856376 0.575796 0.855705 0.575796 0.834899 0.496815 0.834228 0.496815 0.761745 0.575796 0.761074 0.575796 0.754362 0.496815 0.753691 0.496815 0.612081
0 0.596178 0.224161 0.552866 0.224161 0.552866 0.344295 0.566879 0.344295 0.566879 0.251007 0.652229 0.250336 0.652229 0.232215 0.597452 0.232215
0 0.552866 0.164430 0.552866 0.170470 0.596178 0.170470 0.596178 0.164430
0 0.549045 0.109396 0.549045 0.130872 0.596178 0.131544 0.596178 0.109396
0 0.994904 0.000000 0.975796 0.000000 0.975796 0.231544 0.854777 0.232215 0.854777 0.250336 0.966879 0.251007 0.966879 0.467785 0.657325 0.468456 0.657325 0.475839 0.722293 0.475839 0.723567 0.502685 0.737580 0.502685 0.738854 0.475839 0.966879 0.476510 0.965605 0.559060 0.738854 0.559060 0.737580 0.557047 0.723567 0.557047 0.723567 0.698658 0.737580 0.698658 0.737580 0.676510 0.760510 0.675839 0.760510 0.667114 0.741401 0.666443 0.741401 0.567785 0.960510 0.567114 0.961783 0.666443 0.838217 0.667114 0.838217 0.675839 0.963057 0.676510 0.963057 0.834228 0.873885 0.834899 0.873885 0.855705 0.980892 0.856376 0.980892 0.946309 0.759236 0.946980 0.759236 0.954362 0.994904 0.954362
0 0.063694 0.000000 0.063694 0.855705 0.184713 0.855705 0.184713 0.834899 0.103185 0.834228 0.103185 0.563087 0.185987 0.562416 0.185987 0.555705 0.103185 0.555034 0.103185 0.476510 0.332484 0.475839 0.333758 0.555034 0.266242 0.555705 0.266242 0.562416 0.383439 0.562416 0.397452 0.569799 0.407643 0.565101 0.389809 0.555705 0.347771 0.555034 0.347771 0.468456 0.103185 0.467785 0.103185 0.131544 0.271338 0.130872 0.271338 0.109396 0.080255 0.109396 0.078981 0.000000
1 0.577070 0.834899 0.577070 0.855705 0.689172 0.855705 0.689172 0.834899
1 0.577070 0.754362 0.577070 0.761074 0.690446 0.761074 0.690446 0.754362
1 0.723567 0.699329 0.723567 0.744966 0.737580 0.744966 0.737580 0.699329
1 0.761783 0.667114 0.761783 0.675839 0.836943 0.675839 0.836943 0.667114
1 0.408917 0.565101 0.398726 0.570470 0.470064 0.608054 0.480255 0.602685
1 0.187261 0.555705 0.187261 0.562416 0.264968 0.562416 0.264968 0.555705
1 0.723567 0.503356 0.723567 0.556376 0.737580 0.556376 0.737580 0.503356
1 0.552866 0.171141 0.552866 0.223490 0.596178 0.223490 0.596178 0.171141
2 0.810191 0.834899 0.810191 0.855705 0.872611 0.855705 0.872611 0.834899
2 0.185987 0.834899 0.185987 0.855705 0.380892 0.855705 0.380892 0.834899
2 0.653503 0.232215 0.653503 0.250336 0.853503 0.250336 0.853503 0.232215
2 0.552866 0.132215 0.552866 0.163758 0.596178 0.163758 0.596178 0.132215
2 0.272611 0.109396 0.272611 0.130872 0.547771 0.130872 0.547771 0.109396
