0 0.424242 0.743163 0.424242 0.768133 0.436869 0.769322 0.436869 0.931034 0.925926 0.931034 0.925926 0.833532 0.908249 0.833532 0.907407 0.906064 0.651515 0.906064 0.650673 0.743163 0.607744 0.743163 0.606902 0.717004 0.599327 0.717004 0.599327 0.741974 0.593434 0.743163 0.593434 0.753864 0.643098 0.755054 0.642256 0.906064 0.520202 0.904875 0.520202 0.755054 0.545455 0.753864 0.545455 0.743163 0.504209 0.743163 0.504209 0.753864 0.512626 0.755054 0.512626 0.904875 0.455387 0.906064 0.455387 0.743163
0 0.334175 0.564804 0.326599 0.564804 0.325758 0.743163 0.046296 0.743163 0.045455 0.699168 0.027778 0.699168 0.027778 0.768133 0.356902 0.768133 0.356902 0.743163 0.334175 0.741974
0 0.436869 0.556480 0.436869 0.567182 0.598485 0.567182 0.599327 0.648038 0.606902 0.648038 0.607744 0.567182 0.720539 0.567182 0.720539 0.556480
0 0.819865 0.460166 0.819865 0.475624 0.837542 0.475624 0.837542 0.460166
0 0.027778 0.428062 0.027778 0.538644 0.045455 0.538644 0.046296 0.472057 0.325758 0.472057 0.326599 0.498216 0.334175 0.498216 0.334175 0.449465 0.326599 0.449465 0.325758 0.461356 0.046296 0.461356 0.045455 0.428062
0 0.027778 0.101070 0.027778 0.231867 0.045455 0.231867 0.046296 0.126040 0.325758 0.126040 0.326599 0.382878 0.334175 0.382878 0.335017 0.380499 0.361953 0.380499 0.361953 0.369798 0.334175 0.368609 0.334175 0.127229 0.429293 0.126040 0.430135 0.187872 0.436869 0.189061 0.436869 0.368609 0.408249 0.369798 0.408249 0.380499 0.436869 0.381688 0.436869 0.453032 0.444444 0.453032 0.445286 0.126040 0.819024 0.126040 0.819865 0.162901 0.837542 0.162901 0.838384 0.127229 0.963805 0.127229 0.964646 0.555291 0.926768 0.556480 0.925926 0.545779 0.819865 0.544590 0.819865 0.570749 0.907407 0.570749 0.908249 0.659929 0.925926 0.659929 0.925926 0.568371 0.972222 0.567182 0.972222 0.116528 0.838384 0.116528 0.837542 0.101070
1 0.546296 0.743163 0.546296 0.753864 0.592593 0.753864 0.592593 0.743163
1 0.456229 0.743163 0.456229 0.753864 0.503367 0.753864 0.503367 0.743163
1 0.357744 0.743163 0.357744 0.768133 0.423401 0.768133 0.423401 0.743163
1 0.599327 0.649227 0.599327 0.715815 0.606902 0.715815 0.606902 0.649227
1 0.326599 0.499405 0.326599 0.563615 0.334175 0.563615 0.334175 0.499405
1 0.819865 0.476813 0.819865 0.543401 0.837542 0.543401 0.837542 0.476813
1 0.326599 0.384067 0.326599 0.448276 0.334175 0.448276 0.334175 0.384067
1 0.362795 0.369798 0.362795 0.380499 0.407407 0.380499 0.407407 0.369798
2 0.908249 0.661118 0.908249 0.832342 0.925926 0.832342 0.925926 0.661118
2 0.027778 0.539834 0.027778 0.697979 0.045455 0.697979 0.045455 0.539834
2 0.027778 0.233056 0.027778 0.426873 0.045455 0.426873 0.045455 0.233056
2 0.819865 0.164090 0.819865 0.458977 0.837542 0.458977 0.837542 0.164090
