0 0.620301 0.702658 0.620301 0.796512 0.617794 0.797342 0.617794 0.803987 0.620301 0.804817 0.620301 0.887874 0.617794 0.888704 0.617794 0.912791 0.632832 0.912791 0.632832 0.888704 0.629073 0.887874 0.629073 0.702658
0 0.429825 0.652824 0.429825 0.887874 0.403509 0.888704 0.403509 0.912791 0.503759 0.912791 0.503759 0.888704 0.448622 0.887874 0.448622 0.804817 0.503759 0.803987 0.503759 0.797342 0.448622 0.796512 0.448622 0.652824
0 0.429825 0.296512 0.429825 0.453488 0.448622 0.453488 0.449875 0.443522 0.500000 0.443522 0.500000 0.431063 0.448622 0.430233 0.448622 0.296512
0 0.276942 0.168605 0.276942 0.181063 0.285714 0.181063 0.285714 0.168605
0 0.887218 0.060631 0.887218 0.083056 0.959900 0.083887 0.959900 0.430233 0.614035 0.431063 0.614035 0.443522 0.620301 0.444352 0.620301 0.449336 0.629073 0.449336 0.630326 0.443522 0.958647 0.443522 0.959900 0.573920 0.630326 0.574751 0.629073 0.512458 0.620301 0.512458 0.620301 0.637043 0.629073 0.637043 0.630326 0.582226 0.883459 0.582226 0.884712 0.620432 0.959900 0.621262 0.959900 0.887874 0.860902 0.888704 0.860902 0.912791 0.978697 0.912791 0.978697 0.060631
0 0.580201 0.060631 0.398496 0.060631 0.398496 0.167774 0.388471 0.168605 0.388471 0.181063 0.428571 0.181063 0.429825 0.196844 0.448622 0.196844 0.449875 0.083056 0.580201 0.083056
0 0.015038 0.059801 0.015038 0.912791 0.141604 0.912791 0.141604 0.888704 0.033835 0.887874 0.033835 0.582226 0.273183 0.581395 0.274436 0.530731 0.428571 0.530731 0.429825 0.583887 0.448622 0.583887 0.448622 0.518272 0.429825 0.518272 0.428571 0.524086 0.260652 0.524086 0.259398 0.574751 0.033835 0.573920 0.035088 0.168605 0.032581 0.167774 0.032581 0.059801
1 0.505013 0.888704 0.505013 0.912791 0.616541 0.912791 0.616541 0.888704
1 0.505013 0.797342 0.505013 0.803987 0.616541 0.803987 0.616541 0.797342
1 0.620301 0.637874 0.620301 0.701827 0.629073 0.701827 0.629073 0.637874
1 0.429825 0.584718 0.429825 0.651993 0.448622 0.651993 0.448622 0.584718
1 0.429825 0.454319 0.429825 0.517442 0.448622 0.517442 0.448622 0.454319
1 0.620301 0.450166 0.620301 0.511628 0.629073 0.511628 0.629073 0.450166
1 0.501253 0.431063 0.501253 0.443522 0.612782 0.443522 0.612782 0.431063
1 0.429825 0.197674 0.429825 0.295681 0.448622 0.295681 0.448622 0.197674
1 0.286967 0.168605 0.286967 0.181063 0.387218 0.181063 0.387218 0.168605
2 0.634085 0.888704 0.634085 0.912791 0.859649 0.912791 0.859649 0.888704
2 0.142857 0.888704 0.142857 0.912791 0.402256 0.912791 0.402256 0.888704
2 0.036341 0.168605 0.036341 0.181063 0.275689 0.181063 0.275689 0.168605
2 0.581454 0.060631 0.581454 0.083056 0.885965 0.083056 0.885965 0.060631
