0 0.432515 0.559499 0.432515 0.575157 0.450920 0.576200 0.450920 0.680585 0.431748 0.681628 0.431748 0.699374 0.449387 0.700418 0.449387 0.845511 0.973926 0.845511 0.973926 0.827766 0.937117 0.827766 0.936350 0.830898 0.565184 0.830898 0.564417 0.558455 0.523773 0.558455 0.523773 0.564718 0.559816 0.565762 0.559816 0.680585 0.523773 0.681628 0.523773 0.687891 0.559816 0.688935 0.559816 0.829854 0.460890 0.830898 0.460123 0.694154 0.470859 0.693111 0.470859 0.688935 0.473160 0.687891 0.473160 0.681628 0.460123 0.680585 0.460123 0.559499
0 0.355061 0.512526 0.342791 0.512526 0.342025 0.681628 0.055215 0.681628 0.055215 0.699374 0.358129 0.699374 0.358129 0.681628 0.355061 0.680585 0.355061 0.576200 0.359663 0.575157 0.359663 0.559499 0.355061 0.558455
0 0.523773 0.454071 0.523773 0.471816 0.789110 0.471816 0.789110 0.454071
0 0.355061 0.402923 0.342791 0.402923 0.342025 0.407098 0.055215 0.407098 0.055215 0.421712 0.355061 0.421712
0 0.523773 0.385177 0.523773 0.393528 0.529908 0.393528 0.529908 0.385177
0 0.055215 0.052192 0.055215 0.091858 0.342025 0.090814 0.342791 0.311065 0.355061 0.311065 0.355828 0.305846 0.371166 0.305846 0.371166 0.294363 0.355061 0.293319 0.355828 0.090814 0.520706 0.090814 0.521472 0.293319 0.421012 0.294363 0.421012 0.305846 0.523006 0.305846 0.523773 0.308977 0.529908 0.308977 0.530675 0.090814 0.973926 0.091858 0.973926 0.052192
1 0.473926 0.681628 0.473926 0.687891 0.523006 0.687891 0.523006 0.681628
1 0.358896 0.681628 0.358896 0.699374 0.430982 0.699374 0.430982 0.681628
1 0.360429 0.559499 0.360429 0.575157 0.431748 0.575157 0.431748 0.559499
1 0.342791 0.422756 0.342791 0.511482 0.355061 0.511482 0.355061 0.422756
1 0.342791 0.312109 0.342791 0.401879 0.355061 0.401879 0.355061 0.312109
1 0.523773 0.310021 0.523773 0.384134 0.529908 0.384134 0.529908 0.310021
1 0.371933 0.294363 0.371933 0.305846 0.420245 0.305846 0.420245 0.294363
2 0.055215 0.422756 0.055215 0.680585 0.087423 0.680585 0.087423 0.422756
2 0.937117 0.092902 0.937117 0.826722 0.973926 0.826722 0.973926 0.092902
2 0.055215 0.092902 0.055215 0.406054 0.087423 0.406054 0.087423 0.092902
