0 0.159530 0.903226 0.159530 0.908410 0.299033 0.908410 0.299033 0.903226
0 0.240331 0.810484 0.240331 0.823157 0.243094 0.823157 0.243094 0.810484
0 0.228591 0.662442 0.228591 0.751152 0.237569 0.751152 0.237569 0.662442
0 0.298343 0.660138 0.298343 0.809908 0.295580 0.810484 0.295580 0.823157 0.336326 0.823157 0.336326 0.810484 0.306630 0.809908 0.306630 0.660138
0 0.709254 0.656682 0.708564 0.824309 0.745856 0.824309 0.745856 0.802419 0.715470 0.801843 0.715470 0.656682
0 0.640193 0.630760 0.640193 0.750576 0.650552 0.750576 0.650552 0.630760
0 0.283149 0.292051 0.283149 0.315668 0.285912 0.315668 0.285912 0.292051
0 0.845994 0.290323 0.845994 0.312212 0.901934 0.312788 0.901934 0.516705 0.759669 0.517281 0.759669 0.543779 0.756215 0.544355 0.756215 0.549539 0.758978 0.549539 0.759669 0.552419 0.765884 0.552419 0.766575 0.522465 0.901243 0.522465 0.901934 0.603687 0.766575 0.604263 0.765884 0.586406 0.759669 0.586406 0.758978 0.604263 0.709254 0.604263 0.709254 0.611175 0.715470 0.611175 0.716160 0.609447 0.901934 0.610023 0.901934 0.801843 0.869475 0.802419 0.869475 0.824309 0.915055 0.824309 0.915055 0.290323
0 0.702348 0.290323 0.567680 0.290323 0.567680 0.824309 0.628453 0.824309 0.628453 0.809332 0.580801 0.808756 0.580801 0.550115 0.644337 0.549539 0.644337 0.544355 0.580801 0.543779 0.580801 0.401498 0.647790 0.400922 0.647790 0.392857 0.589779 0.392281 0.589779 0.312788 0.691298 0.312788 0.691298 0.392281 0.689227 0.392857 0.689227 0.400922 0.694751 0.401498 0.694751 0.543779 0.691989 0.544355 0.691989 0.549539 0.704420 0.549539 0.704420 0.544355 0.701657 0.543779
0 0.495166 0.210253 0.488950 0.210253 0.488950 0.291475 0.429558 0.292051 0.429558 0.315668 0.485497 0.316244 0.485497 0.809908 0.458564 0.810484 0.458564 0.823157 0.499309 0.823157 0.499309 0.292051 0.495166 0.291475
0 0.159530 0.210253 0.159530 0.291475 0.157459 0.292051 0.157459 0.823157 0.216851 0.823157 0.216851 0.810484 0.169199 0.809908 0.169199 0.569700 0.212017 0.569124 0.212017 0.563940 0.169199 0.563364 0.169199 0.498848 0.253453 0.498272 0.254144 0.563364 0.252072 0.563940 0.252072 0.569124 0.260359 0.569124 0.260359 0.493088 0.169199 0.492512 0.169199 0.316244 0.228591 0.315668 0.228591 0.292051 0.165746 0.291475 0.165746 0.210253
1 0.243785 0.810484 0.243785 0.823157 0.294890 0.823157 0.294890 0.810484
1 0.709254 0.611751 0.709254 0.656106 0.715470 0.656106 0.715470 0.611751
1 0.212707 0.563940 0.212707 0.569124 0.251381 0.569124 0.251381 0.563940
1 0.759669 0.552995 0.759669 0.585829 0.765884 0.585829 0.765884 0.552995
1 0.705110 0.544355 0.705110 0.549539 0.755525 0.549539 0.755525 0.544355
1 0.645028 0.544355 0.645028 0.549539 0.691298 0.549539 0.691298 0.544355
1 0.648481 0.392857 0.648481 0.400922 0.688536 0.400922 0.688536 0.392857
1 0.229282 0.292051 0.229282 0.315668 0.282459 0.315668 0.282459 0.292051
2 0.337017 0.810484 0.337017 0.823157 0.457873 0.823157 0.457873 0.810484
2 0.217541 0.810484 0.217541 0.823157 0.239641 0.823157 0.239641 0.810484
2 0.629144 0.809332 0.629144 0.824309 0.707873 0.824309 0.707873 0.809332
2 0.746547 0.802419 0.746547 0.824309 0.868785 0.824309 0.868785 0.802419
2 0.286602 0.292051 0.286602 0.315668 0.428867 0.315668 0.428867 0.292051
2 0.703039 0.290323 0.703039 0.312212 0.845304 0.312212 0.845304 0.290323
