0 0.769804 0.677472 0.769804 0.690438 0.771835 0.690438 0.771835 0.677472
0 0.597833 0.582928 0.597833 0.588871 0.601219 0.589411 0.601219 0.676931 0.576168 0.677472 0.576168 0.690438 0.623561 0.690438 0.623561 0.677472 0.608666 0.676931 0.608666 0.589411 0.621530 0.588871 0.621530 0.582928
0 0.685173 0.554295 0.680433 0.558077 0.680433 0.582388 0.667569 0.582928 0.667569 0.588871 0.680433 0.589411 0.680433 0.676931 0.669601 0.677472 0.669601 0.690438 0.742722 0.690438 0.742722 0.677472 0.690589 0.676931 0.690589 0.558617
0 0.674340 0.272285 0.666215 0.272285 0.666215 0.415991 0.616791 0.416532 0.616791 0.421934 0.674340 0.421934
0 0.737305 0.143166 0.737305 0.155051 0.740691 0.155051 0.740691 0.143166
0 0.660799 0.143166 0.660799 0.155051 0.689912 0.155051 0.689912 0.143166
0 0.537576 0.143166 0.537576 0.155051 0.539607 0.155051 0.539607 0.143166
0 0.041300 0.053485 0.040623 0.691518 0.475288 0.691518 0.475288 0.053485
0 0.494245 0.051864 0.494245 0.690438 0.521327 0.690978 0.521327 0.763911 0.528097 0.763911 0.528775 0.677472 0.512525 0.676931 0.512525 0.589411 0.553148 0.588871 0.553148 0.582928 0.512525 0.582388 0.512525 0.520800 0.552471 0.520259 0.552471 0.478120 0.512525 0.477580 0.512525 0.422474 0.559242 0.421934 0.559242 0.416532 0.512525 0.415991 0.512525 0.155592 0.515234 0.155051 0.515234 0.143166 0.504401 0.142626 0.504401 0.059968 0.920785 0.059968 0.920785 0.142626 0.874746 0.143166 0.874746 0.155051 0.914692 0.155592 0.914692 0.388439 0.755586 0.388979 0.755586 0.397083 0.914015 0.397083 0.914692 0.500810 0.756940 0.501351 0.756940 0.452188 0.842925 0.452188 0.842925 0.444084 0.748815 0.444084 0.748815 0.501351 0.745430 0.504592 0.750169 0.508374 0.752200 0.507293 0.914692 0.507834 0.914692 0.676931 0.874069 0.677472 0.874069 0.690438 0.922139 0.690978 0.922139 0.763911 0.928233 0.763911 0.928233 0.051864
1 0.624238 0.677472 0.624238 0.690438 0.668923 0.690438 0.668923 0.677472
1 0.181449 0.594814 0.181449 0.631551 0.187542 0.631551 0.187542 0.594814
1 0.219364 0.583468 0.219364 0.589951 0.268111 0.589951 0.268111 0.583468
1 0.622207 0.582928 0.622207 0.588871 0.666892 0.588871 0.666892 0.582928
1 0.553825 0.582928 0.553825 0.588871 0.597156 0.588871 0.597156 0.582928
1 0.270819 0.546731 0.270819 0.580767 0.279621 0.580767 0.279621 0.546731
1 0.145565 0.542410 0.145565 0.578066 0.153013 0.578066 0.153013 0.542410
1 0.744753 0.504592 0.685173 0.553755 0.690589 0.558077 0.750169 0.508914
1 0.238321 0.360346 0.238321 0.368449 0.287068 0.368449 0.287068 0.360346
1 0.122546 0.360346 0.122546 0.368449 0.213947 0.368449 0.213947 0.360346
1 0.245091 0.144246 0.245091 0.156672 0.291131 0.156672 0.291131 0.144246
1 0.690589 0.143166 0.690589 0.155051 0.736628 0.155051 0.736628 0.143166
2 0.772512 0.677472 0.772512 0.690438 0.873392 0.690438 0.873392 0.677472
2 0.743399 0.677472 0.743399 0.690438 0.769127 0.690438 0.769127 0.677472
2 0.529452 0.677472 0.529452 0.690438 0.575491 0.690438 0.575491 0.677472
2 0.294516 0.144246 0.294516 0.156672 0.416385 0.156672 0.416385 0.144246
2 0.090047 0.144246 0.090047 0.156672 0.203791 0.156672 0.203791 0.144246
2 0.062288 0.144246 0.062288 0.156672 0.086662 0.156672 0.086662 0.144246
2 0.741368 0.143166 0.741368 0.155051 0.874069 0.155051 0.874069 0.143166
2 0.540284 0.143166 0.540284 0.155051 0.660122 0.155051 0.660122 0.143166
2 0.515911 0.143166 0.515911 0.155051 0.536899 0.155051 0.536899 0.143166
