0 0.633846 0.255717 0.633846 0.288981 0.638462 0.288981 0.638462 0.255717
0 0.404615 0.223493 0.404615 0.288981 0.507692 0.288981 0.507692 0.255717 0.472308 0.254678 0.472308 0.223493
0 0.360000 0.036383 0.360000 0.067568 0.403077 0.067568 0.404615 0.097713 0.472308 0.097713 0.473846 0.047817 0.789231 0.047817 0.930769 0.123701 0.930769 0.254678 0.890769 0.255717 0.890769 0.288981 0.952308 0.290021 0.952308 0.841996 0.610769 0.843035 0.609231 0.686071 0.589231 0.686071 0.589231 0.841996 0.426154 0.843035 0.426154 0.864865 0.983077 0.864865 0.983077 0.255717 0.950769 0.254678 0.950769 0.117464 0.800000 0.036383
0 0.016923 0.036383 0.016923 0.864865 0.298462 0.864865 0.298462 0.843035 0.289231 0.841996 0.289231 0.680873 0.320000 0.659044 0.309231 0.649688 0.280000 0.670478 0.256923 0.670478 0.256923 0.682952 0.260000 0.683992 0.260000 0.830561 0.058462 0.830561 0.058462 0.691268 0.153846 0.690229 0.153846 0.683992 0.160000 0.682952 0.160000 0.670478 0.138462 0.669439 0.138462 0.622661 0.044615 0.621622 0.044615 0.477131 0.401538 0.476091 0.403077 0.581081 0.384615 0.594595 0.396923 0.603950 0.387692 0.610187 0.420000 0.587318 0.420000 0.402287 0.403077 0.402287 0.401538 0.464657 0.044615 0.463617 0.044615 0.068607 0.126154 0.067568 0.126154 0.036383
1 0.300000 0.843035 0.300000 0.864865 0.424615 0.864865 0.424615 0.843035
1 0.161538 0.670478 0.161538 0.682952 0.255385 0.682952 0.255385 0.670478
1 0.383077 0.595634 0.309231 0.648649 0.321538 0.658004 0.395385 0.603950
1 0.509231 0.255717 0.509231 0.288981 0.632308 0.288981 0.632308 0.255717
2 0.640000 0.255717 0.640000 0.288981 0.889231 0.288981 0.889231 0.255717
2 0.404615 0.098753 0.404615 0.222453 0.472308 0.222453 0.472308 0.098753
2 0.127692 0.036383 0.127692 0.067568 0.358462 0.067568 0.358462 0.036383
