0 0.315558 0.802030 0.284736 0.802030 0.284247 0.915398 0.186888 0.915398 0.186399 0.898477 0.181507 0.898477 0.181507 0.914552 0.168787 0.915398 0.168787 0.923858 0.289628 0.923858 0.289628 0.811337 0.315558 0.810491
0 0.360078 0.810491 0.386008 0.810491 0.386497 0.696277 0.467221 0.696277 0.467221 0.687817 0.365460 0.687817 0.365460 0.696277 0.381115 0.697124 0.381115 0.801184 0.360078 0.802030
0 0.853718 0.687817 0.785714 0.687817 0.785225 0.627750 0.780333 0.627750 0.779843 0.687817 0.714775 0.687817 0.714775 0.696277 0.750489 0.697124 0.750489 0.802030 0.711350 0.802876 0.711350 0.811337 0.755382 0.811337 0.755871 0.696277 0.853718 0.696277
0 0.034736 0.625212 0.034736 0.751269 0.039628 0.751269 0.039628 0.697124 0.058219 0.696277 0.058219 0.687817 0.039628 0.686971 0.039628 0.625212
0 0.530333 0.687817 0.530333 0.696277 0.607632 0.696277 0.608121 0.811337 0.664384 0.811337 0.664384 0.802876 0.613014 0.802030 0.613014 0.697124 0.670744 0.696277 0.670744 0.687817 0.600783 0.687817 0.600294 0.623519 0.595401 0.623519 0.594912 0.687817
0 0.322407 0.687817 0.288160 0.686971 0.288160 0.625212 0.283268 0.625212 0.282779 0.687817 0.186888 0.687817 0.186399 0.562606 0.175147 0.562606 0.175147 0.571066 0.181507 0.571912 0.181018 0.687817 0.110568 0.687817 0.110078 0.571912 0.136497 0.571066 0.136497 0.562606 0.110568 0.562606 0.110078 0.528765 0.105186 0.528765 0.105186 0.686971 0.095890 0.687817 0.095890 0.696277 0.105186 0.697124 0.105186 0.914552 0.040117 0.915398 0.039628 0.801184 0.034736 0.801184 0.034736 0.923858 0.137965 0.923858 0.137965 0.915398 0.110078 0.914552 0.110568 0.696277 0.181507 0.697124 0.181507 0.832487 0.186399 0.832487 0.186888 0.696277 0.322407 0.696277
0 0.440802 0.389171 0.396282 0.389171 0.395793 0.328257 0.390900 0.328257 0.390411 0.409475 0.240705 0.409475 0.240705 0.417936 0.283268 0.418782 0.283268 0.552453 0.288160 0.552453 0.288650 0.417936 0.395793 0.417936 0.396282 0.397631 0.440802 0.397631
0 0.975049 0.280034 0.970157 0.280034 0.969667 0.405245 0.785714 0.405245 0.785225 0.388325 0.780333 0.388325 0.780333 0.554146 0.785225 0.554146 0.785714 0.413706 0.969667 0.413706 0.970157 0.686971 0.917319 0.687817 0.917319 0.696277 0.975049 0.696277
0 0.935421 0.021151 0.935421 0.029611 0.970157 0.030457 0.970157 0.171743 0.975049 0.171743 0.975049 0.021151
0 0.872309 0.021151 0.722603 0.021151 0.722603 0.029611 0.780333 0.030457 0.780333 0.277496 0.747554 0.278342 0.747554 0.286802 0.779843 0.286802 0.780333 0.313029 0.785225 0.313029 0.785225 0.030457 0.872309 0.029611
0 0.527886 0.021151 0.527886 0.029611 0.595401 0.030457 0.595401 0.549069 0.600294 0.549069 0.600294 0.418782 0.670744 0.417936 0.670744 0.384095 0.665851 0.384095 0.665362 0.409475 0.600294 0.408629 0.600294 0.287648 0.665362 0.286802 0.665851 0.317259 0.670744 0.317259 0.671233 0.286802 0.704012 0.286802 0.704012 0.278342 0.600294 0.277496 0.600294 0.030457 0.659980 0.029611 0.659980 0.021151
0 0.227984 0.021151 0.227984 0.029611 0.390411 0.029611 0.390900 0.194585 0.395793 0.194585 0.395793 0.030457 0.465264 0.029611 0.465264 0.021151
0 0.135519 0.021151 0.034736 0.021151 0.034736 0.575296 0.039628 0.575296 0.040117 0.417936 0.104697 0.417936 0.105186 0.462775 0.110078 0.462775 0.110568 0.417936 0.197162 0.417936 0.197162 0.409475 0.039628 0.408629 0.039628 0.030457 0.135519 0.029611
1 0.181507 0.833333 0.181507 0.897631 0.186399 0.897631 0.186399 0.833333
1 0.664873 0.802876 0.664873 0.811337 0.710861 0.811337 0.710861 0.802876
1 0.316047 0.802030 0.316047 0.810491 0.359589 0.810491 0.359589 0.802030
1 0.671233 0.687817 0.671233 0.696277 0.714286 0.696277 0.714286 0.687817
1 0.322896 0.687817 0.322896 0.696277 0.364971 0.696277 0.364971 0.687817
1 0.058708 0.687817 0.058708 0.696277 0.095401 0.696277 0.095401 0.687817
1 0.136986 0.562606 0.136986 0.571066 0.174658 0.571066 0.174658 0.562606
1 0.780333 0.554992 0.780333 0.626904 0.785225 0.626904 0.785225 0.554992
1 0.283268 0.553299 0.283268 0.624365 0.288160 0.624365 0.288160 0.553299
1 0.595401 0.549915 0.595401 0.622673 0.600294 0.622673 0.600294 0.549915
1 0.105186 0.463621 0.105186 0.527919 0.110078 0.527919 0.110078 0.463621
1 0.197652 0.409475 0.197652 0.417936 0.240215 0.417936 0.240215 0.409475
1 0.665851 0.318105 0.665851 0.383249 0.670744 0.383249 0.670744 0.318105
1 0.780333 0.313875 0.780333 0.387479 0.785225 0.387479 0.785225 0.313875
1 0.704501 0.278342 0.704501 0.286802 0.747065 0.286802 0.747065 0.278342
1 0.390900 0.195431 0.390900 0.327411 0.395793 0.327411 0.395793 0.195431
2 0.138454 0.915398 0.138454 0.923858 0.168297 0.923858 0.168297 0.915398
2 0.034736 0.752115 0.034736 0.800338 0.039628 0.800338 0.039628 0.752115
2 0.854207 0.687817 0.854207 0.696277 0.916830 0.696277 0.916830 0.687817
2 0.467710 0.687817 0.467710 0.696277 0.529843 0.696277 0.529843 0.687817
2 0.034736 0.576142 0.034736 0.624365 0.039628 0.624365 0.039628 0.576142
2 0.970157 0.172589 0.970157 0.279188 0.975049 0.279188 0.975049 0.172589
2 0.872798 0.021151 0.872798 0.029611 0.934932 0.029611 0.934932 0.021151
2 0.660470 0.021151 0.660470 0.029611 0.722114 0.029611 0.722114 0.021151
2 0.465753 0.021151 0.465753 0.029611 0.527397 0.029611 0.527397 0.021151
2 0.136008 0.021151 0.136008 0.029611 0.227495 0.029611 0.227495 0.021151
