0 0.644068 0.713333 0.644068 0.722963 0.646716 0.723704 0.646716 0.827407 0.656250 0.827407 0.656250 0.802222 0.653602 0.801481 0.653602 0.723704 0.655720 0.722963 0.655720 0.713333
0 0.701801 0.713333 0.701801 0.722963 0.739407 0.723704 0.739407 0.801481 0.702860 0.802222 0.702860 0.827407 0.739407 0.828148 0.739407 0.938519 0.742585 0.938519 0.742585 0.828148 0.786017 0.827407 0.786017 0.802222 0.746292 0.801481 0.746292 0.708148 0.739407 0.708148 0.738877 0.713333
0 0.567797 0.707407 0.567797 0.801481 0.549788 0.802222 0.549788 0.827407 0.623411 0.827407 0.623411 0.802222 0.574153 0.801481 0.574153 0.723704 0.607521 0.722963 0.607521 0.713333 0.574682 0.713333 0.574153 0.707407
0 0.656780 0.357778 0.651483 0.357778 0.651483 0.531111 0.619703 0.531852 0.619703 0.539259 0.656780 0.539259
0 0.900424 0.245926 0.900424 0.273333 0.932203 0.274074 0.932203 0.531111 0.706568 0.531852 0.706568 0.540741 0.739407 0.541481 0.739407 0.649630 0.746292 0.649630 0.746822 0.540741 0.931674 0.540741 0.932203 0.801481 0.871292 0.802222 0.871292 0.827407 0.950212 0.827407 0.950212 0.245926
0 0.637712 0.245926 0.637712 0.273333 0.683263 0.273333 0.683263 0.245926
0 0.554555 0.245926 0.554555 0.273333 0.596398 0.273333 0.596398 0.245926
0 0.304555 0.245926 0.304555 0.273333 0.337394 0.274074 0.337394 0.342222 0.345869 0.342222 0.345869 0.274074 0.366525 0.273333 0.366525 0.245926
0 0.225636 0.245926 0.225636 0.455556 0.222458 0.456296 0.222458 0.465926 0.225636 0.466667 0.225636 0.617037 0.243114 0.617037 0.243644 0.614074 0.329449 0.614815 0.329449 0.801481 0.243644 0.802222 0.243114 0.680741 0.225636 0.680741 0.225636 0.811111 0.202860 0.811852 0.202860 0.827407 0.430614 0.827407 0.430614 0.802222 0.337394 0.801481 0.337394 0.614815 0.345869 0.614074 0.346398 0.595556 0.367585 0.595556 0.367585 0.541481 0.567267 0.540741 0.567797 0.649630 0.574153 0.649630 0.574153 0.531111 0.346398 0.531111 0.345869 0.399259 0.337394 0.399259 0.337394 0.455556 0.331568 0.456296 0.331568 0.465926 0.337394 0.466667 0.337394 0.601481 0.243644 0.602222 0.243114 0.466667 0.295021 0.465926 0.295021 0.456296 0.243114 0.455556 0.243114 0.274074 0.245233 0.273333 0.245233 0.245926
0 0.185381 0.245926 0.043432 0.245926 0.043432 0.827407 0.081038 0.827407 0.081038 0.811852 0.055614 0.811111 0.055614 0.466667 0.182733 0.465926 0.182733 0.456296 0.055614 0.455556 0.055614 0.265926 0.185381 0.265185
0 0.459746 0.102222 0.459746 0.187407 0.462924 0.187407 0.462924 0.102222
0 0.585805 0.097778 0.585805 0.102222 0.653602 0.102222 0.653602 0.097778
1 0.081568 0.811852 0.081568 0.827407 0.202331 0.827407 0.202331 0.811852
1 0.656780 0.802222 0.656780 0.827407 0.702331 0.827407 0.702331 0.802222
1 0.656250 0.713333 0.656250 0.722963 0.701271 0.722963 0.701271 0.713333
1 0.608051 0.713333 0.608051 0.722963 0.643538 0.722963 0.643538 0.713333
1 0.739407 0.650370 0.739407 0.707407 0.746292 0.707407 0.746292 0.650370
1 0.567797 0.650370 0.567797 0.706667 0.574153 0.706667 0.574153 0.650370
1 0.225636 0.617778 0.225636 0.680000 0.243114 0.680000 0.243114 0.617778
1 0.295551 0.456296 0.295551 0.465926 0.331038 0.465926 0.331038 0.456296
1 0.183263 0.456296 0.183263 0.465926 0.221928 0.465926 0.221928 0.456296
1 0.337394 0.342963 0.337394 0.398519 0.345869 0.398519 0.345869 0.342963
1 0.596928 0.245926 0.596928 0.273333 0.637182 0.273333 0.637182 0.245926
1 0.185911 0.245926 0.185911 0.265185 0.225106 0.265185 0.225106 0.245926
2 0.786547 0.802222 0.786547 0.827407 0.870763 0.827407 0.870763 0.802222
2 0.623941 0.802222 0.623941 0.827407 0.646186 0.827407 0.646186 0.802222
2 0.431144 0.802222 0.431144 0.827407 0.549258 0.827407 0.549258 0.802222
2 0.683792 0.245926 0.683792 0.273333 0.899894 0.273333 0.899894 0.245926
2 0.367055 0.245926 0.367055 0.273333 0.554025 0.273333 0.554025 0.245926
2 0.245763 0.245926 0.245763 0.273333 0.304025 0.273333 0.304025 0.245926
