0 0.875170 0.653140 0.862006 0.653140 0.861552 0.753623 0.631412 0.753623 0.630958 0.685990 0.625057 0.685990 0.624603 0.753623 0.535179 0.753623 0.534725 0.669565 0.521562 0.669565 0.521562 0.781643 0.875170 0.781643
0 0.169768 0.571014 0.167045 0.575845 0.172038 0.588406 0.172492 0.744928 0.122560 0.745894 0.122560 0.773913 0.180663 0.773913 0.180663 0.745894 0.176123 0.744928 0.175670 0.599034 0.182025 0.598068 0.182025 0.588406 0.176123 0.588406
0 0.248752 0.479227 0.248752 0.587440 0.216523 0.588406 0.216523 0.598068 0.248752 0.599034 0.248752 0.744928 0.214253 0.745894 0.214253 0.773913 0.389923 0.773913 0.389923 0.639614 0.376759 0.639614 0.376305 0.745894 0.252837 0.745894 0.252383 0.490821 0.279165 0.489855 0.279165 0.479227
0 0.875170 0.542029 0.862006 0.542029 0.861552 0.543961 0.783477 0.543961 0.783023 0.460870 0.777122 0.460870 0.776668 0.543961 0.702224 0.543961 0.701770 0.471498 0.697231 0.471498 0.696777 0.482126 0.680436 0.482126 0.680436 0.492754 0.697231 0.493720 0.696777 0.571981 0.631412 0.571981 0.630958 0.493720 0.645937 0.492754 0.645937 0.482126 0.631412 0.482126 0.630958 0.468599 0.625057 0.468599 0.625057 0.616425 0.630958 0.616425 0.631412 0.582609 0.701770 0.582609 0.702224 0.556522 0.861552 0.556522 0.862006 0.589372 0.875170 0.589372
0 0.132093 0.441546 0.128461 0.441546 0.128007 0.479227 0.045393 0.479227 0.044939 0.447343 0.033137 0.447343 0.033137 0.773913 0.071720 0.773913 0.071720 0.745894 0.044939 0.744928 0.044939 0.487923 0.132093 0.486957 0.147980 0.526570 0.150250 0.522705 0.149796 0.519807 0.134816 0.482126 0.132093 0.478261
0 0.376759 0.414493 0.376759 0.472464 0.389923 0.472464 0.390377 0.446377 0.469814 0.446377 0.469814 0.430918 0.390377 0.430918 0.389923 0.414493
0 0.521562 0.555556 0.534725 0.555556 0.535179 0.399034 0.624603 0.399034 0.625057 0.403865 0.630958 0.403865 0.631412 0.399034 0.665910 0.399034 0.665910 0.386473 0.664548 0.385507 0.664548 0.381643 0.658647 0.381643 0.658193 0.386473 0.535179 0.386473 0.534725 0.292754 0.521562 0.292754
0 0.862006 0.262802 0.862006 0.264734 0.875170 0.264734 0.875170 0.262802
0 0.953700 0.066667 0.934635 0.066667 0.934635 0.083092 0.947345 0.084058 0.946891 0.441546 0.875624 0.441546 0.875170 0.342995 0.862006 0.342995 0.861552 0.386473 0.694054 0.386473 0.694054 0.399034 0.696777 0.399034 0.697231 0.405797 0.701770 0.405797 0.702224 0.399034 0.776668 0.399034 0.777122 0.407729 0.783023 0.407729 0.783477 0.399034 0.861552 0.399034 0.862006 0.478261 0.875170 0.478261 0.875624 0.455072 0.953700 0.455072
0 0.739446 0.163285 0.742624 0.163285 0.743078 0.096618 0.861552 0.096618 0.862006 0.149758 0.875170 0.149758 0.875170 0.084058 0.891966 0.083092 0.891966 0.066667 0.736723 0.066667 0.736723 0.096618 0.739446 0.097585
0 0.521562 0.066667 0.521562 0.171981 0.534725 0.171981 0.535179 0.096618 0.658193 0.096618 0.658647 0.314010 0.664548 0.314010 0.665002 0.310145 0.701770 0.310145 0.701770 0.163285 0.698593 0.163285 0.698593 0.302415 0.664548 0.302415 0.664548 0.097585 0.712665 0.096618 0.712665 0.066667
0 0.450749 0.062802 0.450749 0.080193 0.469814 0.080193 0.469814 0.062802
0 0.251475 0.062802 0.251475 0.093720 0.376305 0.093720 0.376759 0.138164 0.389923 0.138164 0.390377 0.080193 0.407172 0.080193 0.407172 0.062802
0 0.224240 0.062802 0.146164 0.062802 0.146164 0.093720 0.172492 0.094686 0.172492 0.362319 0.166591 0.363285 0.166591 0.371014 0.176123 0.371014 0.176123 0.094686 0.211530 0.094686 0.211530 0.320773 0.215161 0.320773 0.215161 0.094686 0.224240 0.093720
0 0.033137 0.062802 0.033137 0.386473 0.044939 0.386473 0.045393 0.371014 0.128007 0.371014 0.128461 0.378744 0.132093 0.378744 0.132093 0.371981 0.133908 0.371014 0.133908 0.363285 0.044939 0.362319 0.044939 0.094686 0.055833 0.093720 0.055833 0.062802
1 0.181117 0.745894 0.181117 0.773913 0.213799 0.773913 0.213799 0.745894
1 0.625057 0.617391 0.625057 0.685024 0.630958 0.685024 0.630958 0.617391
1 0.182478 0.588406 0.182478 0.598068 0.216069 0.598068 0.216069 0.588406
1 0.147980 0.527536 0.166591 0.574879 0.169315 0.570048 0.150704 0.522705
1 0.646391 0.482126 0.646391 0.492754 0.679982 0.492754 0.679982 0.482126
1 0.777122 0.408696 0.777122 0.459903 0.783023 0.459903 0.783023 0.408696
1 0.697231 0.406763 0.697231 0.470531 0.701770 0.470531 0.701770 0.406763
1 0.625057 0.404831 0.625057 0.467633 0.630958 0.467633 0.630958 0.404831
1 0.666364 0.386473 0.666364 0.399034 0.693600 0.399034 0.693600 0.386473
1 0.128461 0.379710 0.128461 0.440580 0.132093 0.440580 0.132093 0.379710
1 0.134362 0.363285 0.134362 0.371014 0.166137 0.371014 0.166137 0.363285
1 0.658647 0.314976 0.658647 0.380676 0.664548 0.380676 0.664548 0.314976
1 0.862006 0.265700 0.862006 0.342029 0.875170 0.342029 0.875170 0.265700
1 0.376759 0.256039 0.376759 0.331401 0.389923 0.331401 0.389923 0.256039
2 0.072174 0.745894 0.072174 0.773913 0.122106 0.773913 0.122106 0.745894
2 0.862006 0.590338 0.862006 0.652174 0.875170 0.652174 0.875170 0.590338
2 0.521562 0.556522 0.521562 0.668599 0.534725 0.668599 0.534725 0.556522
2 0.862006 0.479227 0.862006 0.541063 0.875170 0.541063 0.875170 0.479227
2 0.376759 0.473430 0.376759 0.638647 0.389923 0.638647 0.389923 0.473430
2 0.033137 0.387440 0.033137 0.446377 0.044939 0.446377 0.044939 0.387440
2 0.376759 0.332367 0.376759 0.413527 0.389923 0.413527 0.389923 0.332367
2 0.521562 0.172947 0.521562 0.291787 0.534725 0.291787 0.534725 0.172947
2 0.862006 0.150725 0.862006 0.261836 0.875170 0.261836 0.875170 0.150725
2 0.376759 0.139130 0.376759 0.255072 0.389923 0.255072 0.389923 0.139130
2 0.892419 0.066667 0.892419 0.083092 0.934181 0.083092 0.934181 0.066667
2 0.713118 0.066667 0.713118 0.096618 0.736269 0.096618 0.736269 0.066667
2 0.407626 0.062802 0.407626 0.080193 0.450295 0.080193 0.450295 0.062802
2 0.224694 0.062802 0.224694 0.093720 0.251021 0.093720 0.251021 0.062802
2 0.056287 0.062802 0.056287 0.093720 0.145710 0.093720 0.145710 0.062802
