0 0.239116 0.860927 0.239116 0.876719 0.242517 0.876719 0.242517 0.860927
0 0.331633 0.829343 0.321088 0.829343 0.320748 0.860927 0.277211 0.860927 0.277211 0.876719 0.331633 0.876719
0 0.051361 0.774325 0.051361 0.780438 0.061905 0.780438 0.061905 0.774325
0 0.394898 0.640856 0.361905 0.641875 0.361905 0.657667 0.394898 0.657667
0 0.812585 0.645441 0.812585 0.660723 0.882653 0.660723 0.882653 0.644422 0.845578 0.645441 0.845238 0.637799 0.841156 0.637799 0.840816 0.645441
0 0.540476 0.596536 0.540476 0.660723 0.606803 0.660723 0.606803 0.645441 0.551020 0.645441 0.550680 0.596536
0 0.654422 0.489047 0.654422 0.495160 0.682653 0.495670 0.682653 0.529801 0.671429 0.530311 0.671429 0.572593 0.682653 0.573102 0.682653 0.644931 0.659184 0.645441 0.659184 0.660723 0.761224 0.660723 0.761224 0.645441 0.686735 0.644931 0.686735 0.495670 0.723810 0.495160 0.723810 0.489047
0 0.470408 0.466633 0.459864 0.466633 0.459524 0.480387 0.436735 0.480387 0.436735 0.496179 0.470408 0.496179
0 0.051361 0.466633 0.051361 0.470708 0.061905 0.470708 0.061905 0.466633
0 0.334694 0.480387 0.307823 0.480387 0.307823 0.487519 0.327551 0.488029 0.327211 0.641875 0.264966 0.641365 0.264626 0.590423 0.259864 0.590423 0.259524 0.640856 0.198639 0.639837 0.198639 0.543046 0.259524 0.542537 0.259864 0.547631 0.264626 0.547631 0.264966 0.542537 0.275170 0.542537 0.275170 0.488029 0.279592 0.487519 0.279592 0.480387 0.243197 0.480387 0.243197 0.487519 0.270408 0.488029 0.270068 0.535405 0.198980 0.535405 0.198639 0.488029 0.215306 0.487519 0.215306 0.480387 0.199320 0.480387 0.198980 0.466123 0.193878 0.466123 0.193537 0.644422 0.062245 0.644422 0.061905 0.523688 0.051361 0.523688 0.051361 0.721854 0.061905 0.721854 0.062245 0.654101 0.128912 0.654610 0.128912 0.860418 0.062245 0.860927 0.061905 0.829343 0.051361 0.829343 0.051361 0.876719 0.204082 0.876719 0.204082 0.860927 0.133673 0.860418 0.134014 0.654101 0.210884 0.654101 0.320748 0.656139 0.321088 0.705553 0.331633 0.705553 0.331633 0.658176 0.334354 0.657667 0.334354 0.641875 0.332313 0.641365 0.332313 0.488029 0.334694 0.487519
0 0.385374 0.463067 0.385034 0.480387 0.361565 0.480387 0.361565 0.487519 0.384354 0.488029 0.384354 0.562914 0.394898 0.562914 0.394898 0.496689 0.405442 0.496179 0.405442 0.480387 0.390136 0.480387 0.389796 0.463067
0 0.540476 0.410596 0.540476 0.411615 0.550680 0.411615 0.550680 0.410596
0 0.051361 0.410596 0.051361 0.414671 0.061905 0.414671 0.061905 0.410596
0 0.459864 0.409068 0.459864 0.414162 0.470408 0.414162 0.470408 0.409068
0 0.331293 0.373408 0.331293 0.378502 0.354422 0.378502 0.354762 0.395823 0.357823 0.395823 0.358163 0.373408
0 0.540476 0.340805 0.540136 0.358125 0.511565 0.358125 0.511565 0.472236 0.540476 0.472746 0.540476 0.543556 0.550680 0.543556 0.551020 0.495160 0.626871 0.495160 0.626871 0.489047 0.551020 0.489047 0.550680 0.470199 0.540816 0.470199 0.540476 0.466123 0.515646 0.465614 0.515646 0.364748 0.540476 0.364238 0.540816 0.361691 0.550680 0.361691 0.551020 0.356088 0.554762 0.356088 0.554762 0.340805
0 0.096599 0.303107 0.096259 0.353031 0.196939 0.353031 0.196939 0.345899 0.107483 0.345899 0.107143 0.314824 0.096939 0.314824
0 0.585374 0.288334 0.585034 0.356088 0.595578 0.356088 0.595918 0.335711 0.673810 0.335711 0.673810 0.329598 0.595918 0.329598 0.595578 0.288334
0 0.096939 0.288334 0.096939 0.291900 0.107483 0.291900 0.107483 0.288334
0 0.470408 0.302598 0.396259 0.302598 0.395918 0.269485 0.385374 0.269485 0.385034 0.325522 0.286735 0.325522 0.286735 0.332654 0.385034 0.332654 0.385374 0.413143 0.389796 0.413143 0.390136 0.318390 0.459524 0.318390 0.459864 0.356088 0.470408 0.356088
0 0.107483 0.232298 0.097279 0.232298 0.096939 0.262354 0.096939 0.237392 0.107483 0.236882
0 0.053401 0.222109 0.053401 0.336729 0.051361 0.337239 0.051361 0.357616 0.061905 0.357616 0.062245 0.353031 0.067007 0.353031 0.067007 0.337239 0.055442 0.336729 0.055442 0.222109
0 0.838435 0.198675 0.838095 0.329598 0.743537 0.329598 0.743537 0.335711 0.872449 0.336220 0.872109 0.396332 0.844218 0.396332 0.843878 0.378502 0.764626 0.378502 0.764626 0.414671 0.768707 0.414671 0.769048 0.402445 0.872109 0.402445 0.872109 0.489047 0.769048 0.489047 0.768707 0.456954 0.764626 0.456954 0.764626 0.488538 0.751020 0.489047 0.751020 0.495160 0.840816 0.495160 0.841156 0.600611 0.845238 0.600611 0.845578 0.495160 0.872449 0.495670 0.872449 0.590932 0.882653 0.590932 0.882653 0.217524 0.872449 0.217524 0.872449 0.329088 0.842857 0.329598 0.842517 0.198675
0 0.814966 0.131941 0.814966 0.147224 0.838095 0.147224 0.838435 0.155374 0.842517 0.155374 0.842857 0.147224 0.872109 0.147224 0.872449 0.162506 0.882653 0.162506 0.882653 0.131941
0 0.760884 0.131941 0.677211 0.131941 0.677211 0.147224 0.707483 0.147733 0.707483 0.329088 0.703061 0.329598 0.703061 0.335711 0.715986 0.335711 0.715986 0.329598 0.711565 0.329088 0.711565 0.147733 0.760884 0.147224
0 0.624830 0.131941 0.585034 0.131941 0.585374 0.238920 0.595238 0.238920 0.595238 0.147733 0.624830 0.147224
0 0.288095 0.131941 0.288095 0.147733 0.385034 0.147733 0.385374 0.188487 0.395918 0.188487 0.395918 0.131941
0 0.179252 0.131941 0.179252 0.147733 0.245918 0.148242 0.245918 0.345390 0.236735 0.345899 0.236735 0.353031 0.250680 0.353031 0.250680 0.333164 0.254422 0.332654 0.254422 0.325522 0.250680 0.325013 0.250680 0.148242 0.273469 0.147733 0.273469 0.131941
0 0.137075 0.131941 0.097619 0.131941 0.097279 0.210392 0.107483 0.210392 0.107823 0.148242 0.137075 0.147733
1 0.051361 0.780948 0.051361 0.828833 0.061905 0.828833 0.061905 0.780948
1 0.321088 0.706062 0.321088 0.828833 0.331633 0.828833 0.331633 0.706062
1 0.334694 0.641875 0.334694 0.657667 0.361565 0.657667 0.361565 0.641875
1 0.841156 0.601121 0.841156 0.637290 0.845238 0.637290 0.845238 0.601121
1 0.259864 0.548141 0.259864 0.589913 0.264626 0.589913 0.264626 0.548141
1 0.724150 0.489047 0.724150 0.495160 0.750680 0.495160 0.750680 0.489047
1 0.627211 0.489047 0.627211 0.495160 0.654082 0.495160 0.654082 0.489047
1 0.405782 0.480387 0.405782 0.496179 0.436395 0.496179 0.436395 0.480387
1 0.335034 0.480387 0.335034 0.487519 0.361224 0.487519 0.361224 0.480387
1 0.279932 0.480387 0.279932 0.487519 0.307483 0.487519 0.307483 0.480387
1 0.215646 0.480387 0.215646 0.487519 0.242857 0.487519 0.242857 0.480387
1 0.764626 0.415181 0.764626 0.456444 0.768707 0.456444 0.768707 0.415181
1 0.385374 0.413653 0.385374 0.462557 0.389796 0.462557 0.389796 0.413653
1 0.540816 0.362201 0.540476 0.410087 0.550680 0.410087 0.550680 0.362201
1 0.197279 0.345899 0.197279 0.353031 0.236395 0.353031 0.236395 0.345899
1 0.067347 0.337239 0.067347 0.353031 0.095918 0.353031 0.095918 0.337239
1 0.716327 0.329598 0.716327 0.335711 0.743197 0.335711 0.743197 0.329598
1 0.674150 0.329598 0.674150 0.335711 0.702721 0.335711 0.702721 0.329598
1 0.254762 0.325522 0.254762 0.332654 0.286395 0.332654 0.286395 0.325522
1 0.838435 0.155884 0.838435 0.198166 0.842517 0.198166 0.842517 0.155884
2 0.242857 0.860927 0.242857 0.876719 0.276871 0.876719 0.276871 0.860927
2 0.204422 0.860927 0.204422 0.876719 0.238776 0.876719 0.238776 0.860927
2 0.051361 0.722364 0.051361 0.773816 0.061905 0.773816 0.061905 0.722364
2 0.761565 0.645441 0.761565 0.660723 0.812245 0.660723 0.812245 0.645441
2 0.607143 0.645441 0.607143 0.660723 0.658844 0.660723 0.658844 0.645441
2 0.872449 0.591442 0.872449 0.643912 0.882653 0.643912 0.882653 0.591442
2 0.384354 0.563423 0.384354 0.640346 0.394898 0.640346 0.394898 0.563423
2 0.540476 0.544065 0.540476 0.596026 0.550680 0.596026 0.550680 0.544065
2 0.051361 0.471218 0.051361 0.523179 0.061905 0.523179 0.061905 0.471218
2 0.051361 0.415181 0.051361 0.466123 0.061905 0.466123 0.061905 0.415181
2 0.459864 0.414671 0.459864 0.466123 0.470408 0.466123 0.470408 0.414671
2 0.540476 0.412124 0.540816 0.469689 0.550680 0.469689 0.550680 0.412124
2 0.051361 0.358125 0.051361 0.410087 0.061905 0.410087 0.061905 0.358125
2 0.459864 0.356597 0.459864 0.408558 0.470408 0.408558 0.470408 0.356597
2 0.555102 0.340805 0.555102 0.356088 0.584694 0.356088 0.584694 0.340805
2 0.096939 0.292410 0.096939 0.314315 0.107483 0.314315 0.107483 0.292410
2 0.585034 0.239429 0.585374 0.287825 0.595578 0.287825 0.595238 0.239429
2 0.097279 0.237392 0.096939 0.287825 0.107483 0.287825 0.107483 0.237392
2 0.097279 0.210902 0.097279 0.231788 0.107823 0.231788 0.107823 0.210902
2 0.385374 0.188996 0.385374 0.268976 0.395918 0.268976 0.395918 0.188996
2 0.872449 0.163016 0.872449 0.217015 0.882653 0.217015 0.882653 0.163016
2 0.761224 0.131941 0.761224 0.147224 0.814626 0.147224 0.814626 0.131941
2 0.625170 0.131941 0.625170 0.147224 0.676871 0.147224 0.676871 0.131941
2 0.273810 0.131941 0.273810 0.147733 0.287755 0.147733 0.287755 0.131941
2 0.137415 0.131941 0.137415 0.147733 0.178912 0.147733 0.178912 0.131941
