0 0.610101 0.919643 0.610101 0.965960 0.642424 0.965960 0.642424 0.958705 0.623232 0.958147 0.623232 0.919643
0 0.594949 0.691964 0.594949 0.699219 0.635354 0.699777 0.635354 0.787388 0.595960 0.787946 0.595960 0.807478 0.610101 0.808036 0.610101 0.873326 0.623232 0.873326 0.624242 0.807478 0.784848 0.807478 0.785859 0.958147 0.687879 0.958705 0.687879 0.965960 0.798990 0.965960 0.798990 0.808036 0.807071 0.807478 0.807071 0.787946 0.649495 0.787946 0.648485 0.699777 0.705051 0.699219 0.705051 0.686942 0.691919 0.686942 0.690909 0.691964
0 0.509091 0.670201 0.495960 0.670201 0.495960 0.787388 0.439394 0.787946 0.439394 0.807478 0.513131 0.807478 0.513131 0.787946 0.509091 0.787388 0.509091 0.699777 0.515152 0.699219 0.515152 0.691964 0.509091 0.691406
0 0.651515 0.214286 0.651515 0.232143 0.662626 0.232143 0.662626 0.214286
0 0.570707 0.214286 0.489899 0.214286 0.489899 0.232143 0.495960 0.232701 0.495960 0.455915 0.509091 0.455915 0.509091 0.232701 0.570707 0.232143
0 0.921212 0.020647 0.912121 0.020647 0.912121 0.213728 0.858586 0.214286 0.858586 0.232143 0.904040 0.232701 0.904040 0.531808 0.623232 0.532366 0.623232 0.539621 0.691919 0.540179 0.691919 0.646763 0.705051 0.646763 0.705051 0.639509 0.716162 0.638951 0.716162 0.631696 0.705051 0.631138 0.706061 0.539621 0.904040 0.540179 0.904040 0.631138 0.787879 0.631696 0.787879 0.638951 0.904040 0.639509 0.904040 0.787388 0.875758 0.787946 0.875758 0.807478 0.921212 0.807478
0 0.161616 0.020647 0.161616 0.807478 0.263636 0.807478 0.263636 0.787946 0.182828 0.787388 0.182828 0.550781 0.494949 0.550223 0.495960 0.608259 0.509091 0.608259 0.509091 0.501674 0.495960 0.501674 0.494949 0.542411 0.182828 0.541853 0.182828 0.232701 0.287879 0.232143 0.287879 0.214286 0.170707 0.213728 0.170707 0.020647
1 0.610101 0.873884 0.610101 0.919085 0.623232 0.919085 0.623232 0.873884
1 0.514141 0.787946 0.514141 0.807478 0.594949 0.807478 0.594949 0.787946
1 0.516162 0.691964 0.516162 0.699219 0.593939 0.699219 0.593939 0.691964
1 0.691919 0.647321 0.691919 0.686384 0.705051 0.686384 0.705051 0.647321
1 0.717172 0.631696 0.717172 0.638951 0.786869 0.638951 0.786869 0.631696
1 0.495960 0.608817 0.495960 0.669643 0.509091 0.669643 0.509091 0.608817
1 0.495960 0.456473 0.495960 0.501116 0.509091 0.501116 0.509091 0.456473
1 0.571717 0.214286 0.571717 0.232143 0.650505 0.232143 0.650505 0.214286
2 0.643434 0.958705 0.643434 0.965960 0.686869 0.965960 0.686869 0.958705
2 0.808081 0.787946 0.808081 0.807478 0.874747 0.807478 0.874747 0.787946
2 0.264646 0.787946 0.264646 0.807478 0.438384 0.807478 0.438384 0.787946
2 0.663636 0.214286 0.663636 0.232143 0.857576 0.232143 0.857576 0.214286
2 0.288889 0.214286 0.288889 0.232143 0.488889 0.232143 0.488889 0.214286
