0 0.530934 0.641956 0.530934 0.736593 0.541057 0.736593 0.541057 0.641956
0 0.588301 0.257098 0.588301 0.281546 0.600675 0.281546 0.600675 0.257098
0 0.483690 0.257098 0.411699 0.256309 0.411699 0.179811 0.403825 0.179811 0.403825 0.256309 0.268841 0.257098 0.268841 0.281546 0.483690 0.281546
0 0.087739 0.092271 0.087739 0.879338 0.406074 0.879338 0.406074 0.865142 0.390326 0.864353 0.390326 0.813091 0.379078 0.813091 0.377953 0.865142 0.106862 0.864353 0.106862 0.714511 0.220472 0.713722 0.220472 0.701104 0.118110 0.700315 0.118110 0.590694 0.293588 0.589905 0.294713 0.700315 0.291339 0.701104 0.291339 0.713722 0.299213 0.714511 0.299213 0.730284 0.377953 0.729495 0.379078 0.743691 0.390326 0.743691 0.390326 0.705047 0.310461 0.705047 0.310461 0.586751 0.449944 0.585962 0.449944 0.353312 0.439820 0.353312 0.438695 0.578864 0.106862 0.578076 0.106862 0.282334 0.136108 0.281546 0.136108 0.257098 0.103487 0.256309 0.104612 0.098580 0.860517 0.099369 0.860517 0.256309 0.824522 0.257098 0.824522 0.281546 0.860517 0.282334 0.860517 0.839905 0.826772 0.840694 0.825647 0.865142 0.548931 0.865142 0.547807 0.808360 0.530934 0.809148 0.530934 0.864353 0.510686 0.865142 0.510686 0.879338 0.877390 0.879338 0.877390 0.092271
1 0.407199 0.865142 0.407199 0.879338 0.509561 0.879338 0.509561 0.865142
1 0.379078 0.744479 0.379078 0.812303 0.390326 0.812303 0.390326 0.744479
1 0.530934 0.737382 0.530934 0.808360 0.541057 0.808360 0.541057 0.737382
1 0.221597 0.701104 0.221597 0.713722 0.290214 0.713722 0.290214 0.701104
1 0.439820 0.281546 0.439820 0.352524 0.449944 0.352524 0.449944 0.281546
1 0.484814 0.257098 0.484814 0.281546 0.587177 0.281546 0.587177 0.257098
1 0.403825 0.099369 0.403825 0.179022 0.411699 0.179022 0.411699 0.099369
2 0.601800 0.257098 0.601800 0.281546 0.823397 0.281546 0.823397 0.257098
2 0.137233 0.257098 0.137233 0.281546 0.267717 0.281546 0.267717 0.257098
