0 0.904334 0.816197 0.894820 0.816197 0.894292 0.866197 0.722516 0.866197 0.721987 0.856338 0.712474 0.856338 0.711945 0.866197 0.604651 0.866197 0.604123 0.859155 0.594609 0.859155 0.594609 0.878873 0.904334 0.878873
0 0.581924 0.776761 0.581924 0.789437 0.594080 0.789437 0.594609 0.802113 0.604123 0.802113 0.604123 0.773944 0.594609 0.773944 0.594080 0.776761
0 0.894820 0.582394 0.894820 0.646479 0.857294 0.647183 0.857294 0.659859 0.894292 0.659859 0.894820 0.695775 0.904334 0.695775 0.904334 0.582394
0 0.571353 0.411268 0.571353 0.440845 0.594609 0.441549 0.594609 0.484507 0.604123 0.484507 0.604651 0.440845 0.777484 0.441549 0.776956 0.590845 0.604651 0.590845 0.604123 0.546479 0.594609 0.546479 0.594609 0.709155 0.604123 0.709155 0.604651 0.707042 0.631607 0.707042 0.631607 0.694366 0.604123 0.693662 0.604651 0.603521 0.712474 0.604225 0.712474 0.693662 0.674419 0.694366 0.674419 0.707042 0.712474 0.707746 0.712474 0.792254 0.721987 0.792254 0.721987 0.660563 0.818710 0.659859 0.818710 0.647183 0.786998 0.646479 0.786998 0.441549 0.819239 0.440845 0.819239 0.428169 0.581395 0.428169 0.580867 0.411268
0 0.023256 0.369718 0.023256 0.384507 0.168605 0.384507 0.169133 0.432394 0.474630 0.432394 0.475159 0.789437 0.511099 0.789437 0.511099 0.776761 0.484672 0.776056 0.484672 0.419718 0.179175 0.419718 0.178647 0.327465 0.178647 0.365493 0.169133 0.366901 0.168605 0.371831 0.033298 0.371831 0.032770 0.369718
0 0.894820 0.316901 0.894820 0.427465 0.857294 0.428169 0.857294 0.440845 0.894820 0.441549 0.894820 0.512676 0.904334 0.512676 0.904334 0.316901
0 0.168605 0.257042 0.168605 0.271831 0.178118 0.271831 0.178118 0.257042
0 0.023256 0.035915 0.023256 0.052113 0.032770 0.052113 0.033298 0.048592 0.167548 0.048592 0.168076 0.134507 0.168076 0.106338 0.177590 0.105634 0.178118 0.048592 0.570825 0.048592 0.571353 0.319718 0.580867 0.319718 0.581395 0.048592 0.894292 0.048592 0.894820 0.184507 0.904334 0.184507 0.904334 0.035915
1 0.594609 0.802817 0.594609 0.858451 0.604123 0.858451 0.604123 0.802817
1 0.712474 0.792958 0.712474 0.855634 0.721987 0.855634 0.721987 0.792958
1 0.511628 0.776761 0.511628 0.789437 0.581395 0.789437 0.581395 0.776761
1 0.594609 0.709859 0.594609 0.773239 0.604123 0.773239 0.604123 0.709859
1 0.632135 0.694366 0.632135 0.707042 0.673890 0.707042 0.673890 0.694366
1 0.819239 0.647183 0.819239 0.659859 0.856765 0.659859 0.856765 0.647183
1 0.594609 0.485211 0.594609 0.545775 0.604123 0.545775 0.604123 0.485211
1 0.819767 0.428169 0.819767 0.440845 0.856765 0.440845 0.856765 0.428169
1 0.571353 0.320423 0.571353 0.410563 0.580867 0.410563 0.580867 0.320423
1 0.178118 0.272535 0.168605 0.272535 0.168605 0.366197 0.178118 0.365493
2 0.894820 0.696479 0.894820 0.815493 0.904334 0.815493 0.904334 0.696479
2 0.894820 0.513380 0.894820 0.581690 0.904334 0.581690 0.904334 0.513380
2 0.894820 0.185211 0.894820 0.316197 0.904334 0.316197 0.904334 0.185211
2 0.168605 0.106338 0.168605 0.256338 0.178118 0.256338 0.178118 0.106338
2 0.023256 0.052817 0.023256 0.369014 0.032770 0.369014 0.032770 0.052817
