0 0.238372 0.356833 0.238372 0.542299 0.232558 0.543384 0.232558 0.560738 0.254651 0.561822 0.254651 0.768980 0.263953 0.768980 0.265116 0.761388 0.309302 0.761388 0.310465 0.696312 0.493023 0.696312 0.494186 0.761388 0.503488 0.761388 0.503488 0.531453 0.494186 0.531453 0.493023 0.687636 0.263953 0.686551 0.263953 0.387202 0.358140 0.386117 0.358140 0.356833
0 0.051163 0.356833 0.051163 0.905640 0.511628 0.904555 0.511628 0.888286 0.265116 0.889371 0.263953 0.840564 0.254651 0.840564 0.253488 0.889371 0.068605 0.888286 0.068605 0.561822 0.170930 0.560738 0.170930 0.543384 0.083721 0.542299 0.083721 0.400217 0.159302 0.399132 0.159302 0.356833
0 0.936047 0.158351 0.916279 0.158351 0.916279 0.356833 0.919767 0.357918 0.918605 0.887202 0.602326 0.888286 0.602326 0.904555 0.936047 0.904555
0 0.583721 0.158351 0.568605 0.158351 0.568605 0.355748 0.490698 0.356833 0.490698 0.386117 0.593023 0.386117 0.593023 0.356833 0.583721 0.355748
1 0.512791 0.888286 0.512791 0.904555 0.601163 0.904555 0.601163 0.888286
1 0.254651 0.770065 0.254651 0.839479 0.263953 0.839479 0.263953 0.770065
1 0.172093 0.543384 0.172093 0.560738 0.231395 0.560738 0.231395 0.543384
1 0.594186 0.356833 0.594186 0.386117 0.679070 0.386117 0.679070 0.356833
2 0.680233 0.356833 0.680233 0.386117 0.918605 0.386117 0.918605 0.357918
2 0.359302 0.356833 0.359302 0.386117 0.489535 0.386117 0.489535 0.356833
2 0.160465 0.356833 0.160465 0.399132 0.237209 0.399132 0.237209 0.356833
