0 0.370226 0.710200 0.363211 0.714013 0.366329 0.721640 0.366329 0.948522 0.324240 0.949476 0.324240 0.973308 0.392050 0.973308 0.392050 0.949476 0.374123 0.948522 0.374123 0.832221 0.390491 0.831268 0.390491 0.822688 0.374123 0.821735 0.374123 0.718780
0 0.480125 0.621544 0.480125 0.631077 0.519096 0.632031 0.519096 0.821735 0.455963 0.822688 0.455963 0.831268 0.519096 0.832221 0.519096 0.948522 0.456742 0.949476 0.456742 0.973308 0.545596 0.973308 0.545596 0.949476 0.527670 0.948522 0.527670 0.632031 0.537023 0.631077 0.537023 0.621544
0 0.611068 0.598665 0.611068 0.620591 0.604053 0.621544 0.604053 0.631077 0.761496 0.632031 0.761496 0.948522 0.689790 0.949476 0.689790 0.973308 0.784879 0.973308 0.784879 0.609152 0.761496 0.609152 0.760717 0.621544 0.618862 0.621544 0.618083 0.598665
0 0.924396 0.498570 0.918940 0.498570 0.918161 0.507150 0.878410 0.507150 0.878410 0.513823 0.924396 0.513823
0 0.918940 0.412774 0.918940 0.420400 0.924396 0.420400 0.924396 0.412774
0 0.924396 0.315539 0.785659 0.315539 0.784879 0.297426 0.761496 0.297426 0.761496 0.530982 0.784879 0.530982 0.785659 0.513823 0.821512 0.513823 0.821512 0.507150 0.780203 0.506196 0.780203 0.323165 0.918161 0.322212 0.918940 0.329838 0.924396 0.329838
0 0.750585 0.225929 0.750585 0.233556 0.784879 0.235462 0.784879 0.218303 0.761496 0.218303 0.760717 0.225929
0 0.784879 0.048618 0.547935 0.048618 0.547935 0.073403 0.611068 0.074357 0.611068 0.385129 0.464536 0.386082 0.464536 0.394662 0.492595 0.395615 0.492595 0.507150 0.381138 0.508103 0.380359 0.395615 0.413874 0.394662 0.413874 0.386082 0.381138 0.386082 0.380359 0.373689 0.373344 0.373689 0.373344 0.516683 0.505846 0.516683 0.505846 0.508103 0.499610 0.507150 0.500390 0.394662 0.610288 0.394662 0.611068 0.507150 0.558846 0.508103 0.558846 0.516683 0.610288 0.516683 0.611068 0.530982 0.618083 0.530982 0.618083 0.234509 0.698363 0.233556 0.698363 0.225929 0.618083 0.224976 0.618083 0.074357 0.760717 0.073403 0.761496 0.159199 0.784879 0.159199
0 0.402182 0.048618 0.363211 0.048618 0.363211 0.073403 0.373344 0.074357 0.373344 0.291706 0.380359 0.291706 0.380359 0.074357 0.402182 0.073403
0 0.286048 0.048618 0.286048 0.073403 0.297740 0.073403 0.297740 0.048618
0 0.097428 0.007626 0.097428 0.973308 0.177708 0.973308 0.177708 0.949476 0.114575 0.948522 0.114575 0.629171 0.321122 0.628217 0.323461 0.632984 0.330475 0.628217 0.325799 0.618684 0.114575 0.617731 0.114575 0.074357 0.141855 0.073403 0.141855 0.048618 0.111458 0.048618 0.110678 0.007626
1 0.392829 0.949476 0.392829 0.973308 0.455963 0.973308 0.455963 0.949476
1 0.391270 0.822688 0.391270 0.831268 0.455183 0.831268 0.455183 0.822688
1 0.324240 0.632984 0.325019 0.637750 0.361652 0.713060 0.368667 0.710200 0.367888 0.705434 0.331255 0.630124
1 0.537802 0.621544 0.537802 0.631077 0.603274 0.631077 0.603274 0.621544
1 0.761496 0.531935 0.761496 0.608198 0.784879 0.608198 0.784879 0.531935
1 0.611068 0.531935 0.611068 0.597712 0.618083 0.597712 0.618083 0.531935
1 0.506625 0.508103 0.506625 0.516683 0.558067 0.516683 0.558067 0.508103
1 0.822292 0.507150 0.822292 0.513823 0.877631 0.513823 0.877631 0.507150
1 0.414653 0.386082 0.414653 0.394662 0.463757 0.394662 0.463757 0.386082
1 0.373344 0.292660 0.373344 0.372736 0.380359 0.372736 0.380359 0.292660
1 0.699143 0.225929 0.699143 0.233556 0.749805 0.233556 0.749805 0.225929
1 0.298519 0.048618 0.298519 0.073403 0.362432 0.073403 0.362432 0.048618
2 0.546376 0.949476 0.546376 0.973308 0.689010 0.973308 0.689010 0.949476
2 0.178488 0.949476 0.178488 0.973308 0.323461 0.973308 0.323461 0.949476
2 0.918940 0.421354 0.918940 0.497617 0.924396 0.497617 0.924396 0.421354
2 0.918940 0.330791 0.918940 0.411821 0.924396 0.411821 0.924396 0.330791
2 0.761496 0.236416 0.761496 0.296473 0.784879 0.296473 0.784879 0.236416
2 0.761496 0.160153 0.761496 0.217350 0.784879 0.217350 0.784879 0.160153
2 0.402962 0.048618 0.402962 0.073403 0.547155 0.073403 0.547155 0.048618
2 0.142634 0.048618 0.142634 0.073403 0.285269 0.073403 0.285269 0.048618
