0 0.521418 0.676621 0.503693 0.676621 0.503693 0.826657 0.381093 0.827385 0.381093 0.849964 0.369276 0.850692 0.369276 0.941005 0.387001 0.941005 0.387001 0.851420 0.528804 0.850692 0.528804 0.827385 0.521418 0.826657
0 0.680945 0.631464 0.680945 0.725419 0.726736 0.726147 0.726736 0.826657 0.660266 0.827385 0.660266 0.850692 0.677991 0.851420 0.677991 0.940277 0.695716 0.940277 0.695716 0.851420 0.799114 0.850692 0.799114 0.823015 0.751846 0.822287 0.751846 0.726147 0.756278 0.725419 0.756278 0.715222 0.698671 0.714494 0.698671 0.631464
0 0.378139 0.187181 0.378139 0.214130 0.395864 0.214130 0.395864 0.187181
0 0.014771 0.021850 0.013294 0.850692 0.112260 0.850692 0.112260 0.827385 0.057607 0.826657 0.057607 0.570284 0.388479 0.569556 0.389956 0.613256 0.502216 0.613256 0.503693 0.616897 0.521418 0.616897 0.521418 0.604516 0.407681 0.603787 0.407681 0.502549 0.516987 0.501821 0.516987 0.493081 0.389956 0.493081 0.388479 0.560816 0.057607 0.560087 0.057607 0.378004 0.221566 0.377276 0.221566 0.371449 0.057607 0.370721 0.057607 0.214858 0.107829 0.214130 0.107829 0.187181 0.032496 0.186453 0.032496 0.021850
0 0.533235 0.020393 0.533235 0.186453 0.524372 0.187181 0.524372 0.214130 0.546529 0.214130 0.546529 0.187910 0.550960 0.187181 0.550960 0.020393
0 0.954210 0.019665 0.954210 0.186453 0.818316 0.187181 0.818316 0.214130 0.954210 0.214858 0.954210 0.491624 0.680945 0.492353 0.680945 0.570284 0.698671 0.570284 0.700148 0.501092 0.954210 0.501821 0.954210 0.714494 0.877400 0.715222 0.877400 0.725419 0.954210 0.726147 0.954210 0.822287 0.930576 0.823015 0.930576 0.850692 0.998523 0.850692 0.998523 0.187181 0.971935 0.186453 0.971935 0.019665
1 0.530281 0.827385 0.530281 0.850692 0.658789 0.850692 0.658789 0.827385
1 0.757755 0.715222 0.757755 0.725419 0.875923 0.725419 0.875923 0.715222
1 0.503693 0.617626 0.503693 0.675892 0.521418 0.675892 0.521418 0.617626
1 0.680945 0.571012 0.680945 0.630736 0.698671 0.630736 0.698671 0.571012
1 0.397341 0.187181 0.397341 0.214130 0.522895 0.214130 0.522895 0.187181
2 0.113737 0.827385 0.113737 0.850692 0.379616 0.849964 0.379616 0.827385
2 0.800591 0.823015 0.800591 0.850692 0.929099 0.850692 0.929099 0.823015
2 0.548006 0.187910 0.548006 0.214130 0.816839 0.214130 0.816839 0.187181
2 0.109306 0.187181 0.109306 0.214130 0.376662 0.214130 0.376662 0.187181
