0 0.939714 0.962071 0.939714 0.985551 0.962983 0.985551 0.962983 0.963275 0.942359 0.963275
0 0.017451 0.938591 0.017451 0.960867 0.037546 0.960867 0.037546 0.938591
0 0.104707 0.937989 0.104707 0.960867 0.281861 0.960867 0.281861 0.937989
0 0.315177 0.933775 0.315177 0.937387 0.316764 0.937989 0.316764 0.960867 0.335272 0.960867 0.335272 0.933775
0 0.794289 0.717640 0.794289 0.730283 0.796933 0.730885 0.796933 0.961469 0.692755 0.962071 0.692755 0.985551 0.907456 0.985551 0.907456 0.962071 0.808038 0.961469 0.808038 0.730885 0.864622 0.730283 0.864622 0.717640
0 0.915389 0.717640 0.915389 0.730283 0.941301 0.730885 0.941301 0.888621 0.962983 0.888621 0.962983 0.712824 0.941301 0.712824 0.940772 0.717640
0 0.315177 0.690548 0.315177 0.786875 0.335272 0.786875 0.335272 0.714028 0.338974 0.713426 0.338974 0.690548
0 0.391856 0.646598 0.391856 0.689946 0.390270 0.690548 0.390270 0.713426 0.410894 0.713426 0.410894 0.690548 0.401375 0.689946 0.401375 0.646598
0 0.593866 0.643588 0.573770 0.643588 0.573242 0.690548 0.478054 0.690548 0.478054 0.713426 0.593866 0.713426
0 0.641460 0.639976 0.640931 0.985551 0.659439 0.985551 0.659439 0.965081 0.662084 0.962071 0.640931 0.961469 0.640931 0.888019 0.662084 0.887417 0.662612 0.730885 0.745637 0.730283 0.745637 0.717640 0.744051 0.717038 0.744051 0.713426 0.736647 0.713426 0.736118 0.717640 0.663141 0.717640 0.662612 0.649007 0.641988 0.649007
0 0.941301 0.586996 0.941301 0.592414 0.962983 0.592414 0.962983 0.586996
0 0.391856 0.504515 0.391856 0.593016 0.401375 0.593016 0.401904 0.549669 0.573242 0.549669 0.573770 0.585190 0.593866 0.585190 0.593866 0.506924 0.573770 0.506924 0.573242 0.543648 0.479112 0.543648 0.478583 0.502709 0.472237 0.502709 0.471708 0.543648 0.401904 0.543648 0.401375 0.504515
0 0.037017 0.497893 0.037017 0.533414 0.016922 0.534016 0.017451 0.861529 0.037546 0.862131 0.037546 0.900060 0.037017 0.705599 0.071920 0.704997 0.071920 0.690548 0.037017 0.689946
0 0.941301 0.468393 0.941301 0.473811 0.962983 0.473811 0.962983 0.468393
0 0.866208 0.441902 0.807509 0.441902 0.806980 0.440698 0.798519 0.440698 0.796933 0.581577 0.663141 0.581577 0.662612 0.558700 0.641988 0.558700 0.641988 0.624323 0.662612 0.624323 0.663141 0.591812 0.777895 0.591812 0.778424 0.644190 0.736647 0.644792 0.736647 0.667670 0.744051 0.667670 0.744580 0.652017 0.805394 0.652017 0.806980 0.452137 0.859863 0.451535 0.860391 0.652017 0.866208 0.652017
0 0.571126 0.433474 0.571126 0.446117 0.573770 0.446719 0.573770 0.450331 0.593866 0.450331 0.593866 0.433474
0 0.131676 0.407586 0.131676 0.417821 0.170809 0.418423 0.170809 0.559302 0.150714 0.559904 0.150714 0.616496 0.170809 0.617098 0.170809 0.689946 0.124273 0.690548 0.124273 0.704997 0.252247 0.704997 0.252247 0.690548 0.242200 0.689946 0.242200 0.670680 0.233210 0.670680 0.232681 0.690548 0.179799 0.689946 0.179799 0.576761 0.232681 0.576159 0.233210 0.599639 0.242200 0.599639 0.242200 0.538832 0.233210 0.538832 0.232681 0.568934 0.179799 0.568332 0.179799 0.407586
0 0.016393 0.367249 0.016393 0.431066 0.036489 0.431066 0.037017 0.417821 0.074564 0.417821 0.074564 0.407586 0.037017 0.407586 0.036489 0.367249
0 0.641988 0.458760 0.662612 0.458760 0.663141 0.346779 0.798519 0.346779 0.798519 0.413606 0.798519 0.388320 0.806980 0.387718 0.807509 0.359422 0.839767 0.358820 0.840296 0.346779 0.856690 0.346779 0.856690 0.340759 0.663141 0.340759 0.663141 0.305238 0.642517 0.305238
0 0.534109 0.276340 0.534109 0.299217 0.536753 0.299819 0.536753 0.326911 0.573242 0.326911 0.573770 0.372667 0.593866 0.372667 0.593866 0.276340
0 0.427816 0.276340 0.427816 0.299217 0.473823 0.299819 0.473823 0.405780 0.401904 0.406382 0.401375 0.405178 0.391856 0.405178 0.391856 0.450331 0.401375 0.450331 0.401904 0.413004 0.471708 0.413004 0.472766 0.450331 0.479112 0.450331 0.479640 0.446117 0.527763 0.446117 0.527763 0.433474 0.479112 0.432872 0.479112 0.299819 0.484400 0.299217 0.484400 0.276340
0 0.389741 0.276340 0.389741 0.299217 0.391856 0.299819 0.391856 0.345575 0.401375 0.345575 0.401375 0.276340
0 0.941301 0.237207 0.941301 0.340157 0.903226 0.340759 0.903226 0.346779 0.940772 0.346779 0.941301 0.354606 0.962983 0.354606 0.962983 0.237207
0 0.313591 0.207706 0.313591 0.299217 0.338445 0.299217 0.338445 0.276340 0.335801 0.275738 0.335801 0.207706
0 0.941301 0.160747 0.941301 0.161951 0.962983 0.161951 0.962983 0.160747
0 0.313591 0.126430 0.313591 0.133052 0.335801 0.133052 0.335801 0.126430
0 0.943945 0.062613 0.943945 0.084287 0.942359 0.086093 0.962983 0.086093 0.962983 0.062613
0 0.642517 0.269717 0.663141 0.269717 0.663670 0.087297 0.879429 0.087297 0.879429 0.062613 0.643046 0.062613
0 0.315177 0.033715 0.315177 0.053582 0.335801 0.053582 0.335801 0.033715
0 0.248017 0.033715 0.015865 0.033715 0.016393 0.337748 0.036489 0.337748 0.035960 0.057797 0.248017 0.057194
1 0.865151 0.717640 0.865151 0.730283 0.914860 0.730283 0.914860 0.717640
1 0.746166 0.717640 0.746166 0.730283 0.793760 0.730283 0.793760 0.717640
1 0.339503 0.690548 0.339503 0.713426 0.389741 0.713426 0.389741 0.690548
1 0.072448 0.690548 0.072448 0.704997 0.123744 0.704997 0.123744 0.690548
1 0.736647 0.668272 0.736647 0.712824 0.744051 0.712824 0.744051 0.668272
1 0.233210 0.600241 0.233210 0.670078 0.242200 0.670078 0.242200 0.600241
1 0.391856 0.593618 0.391856 0.645996 0.401375 0.645996 0.401375 0.593618
1 0.573770 0.585792 0.573770 0.642986 0.593866 0.642986 0.593866 0.585792
1 0.472766 0.450933 0.472237 0.502107 0.478583 0.502107 0.479112 0.450933
1 0.391856 0.450933 0.391856 0.503913 0.401375 0.503913 0.401375 0.450933
1 0.528292 0.433474 0.528292 0.446117 0.570598 0.446117 0.570598 0.433474
1 0.075093 0.407586 0.075093 0.417821 0.131148 0.417821 0.131148 0.407586
1 0.799048 0.388320 0.798519 0.440096 0.806980 0.440096 0.807509 0.388320
1 0.391856 0.346177 0.391856 0.404576 0.401375 0.404576 0.401375 0.346177
1 0.857218 0.340759 0.857218 0.346779 0.902697 0.346779 0.902697 0.340759
1 0.338974 0.276340 0.338974 0.299217 0.389212 0.299217 0.389212 0.276340
2 0.907985 0.962071 0.907985 0.985551 0.939186 0.985551 0.939186 0.962071
2 0.282390 0.937989 0.282390 0.960867 0.316235 0.960867 0.316235 0.937989
2 0.941301 0.889223 0.941301 0.961469 0.942359 0.962673 0.962983 0.962673 0.962983 0.889223
2 0.641460 0.888019 0.641460 0.961469 0.662612 0.962071 0.659968 0.965081 0.659968 0.985551 0.692226 0.985551 0.692226 0.962071 0.662084 0.961469 0.662084 0.888019
2 0.016922 0.862131 0.017451 0.937989 0.037546 0.937989 0.038075 0.960867 0.104178 0.960867 0.104178 0.937989 0.038075 0.937989 0.037017 0.862131
2 0.315177 0.787477 0.315177 0.933173 0.335272 0.933173 0.335272 0.787477
2 0.411423 0.690548 0.411423 0.713426 0.477525 0.713426 0.477525 0.690548
2 0.641988 0.624925 0.641988 0.648405 0.662612 0.648405 0.662612 0.624925
2 0.941301 0.593016 0.941301 0.712222 0.962983 0.712222 0.962983 0.593016
2 0.941301 0.474413 0.941301 0.586394 0.962983 0.586394 0.962983 0.474413
2 0.641988 0.459362 0.641988 0.558098 0.662612 0.558098 0.662612 0.459362
2 0.573770 0.450933 0.573770 0.506321 0.593866 0.506321 0.593866 0.450933
2 0.016393 0.431668 0.016393 0.533414 0.036489 0.533414 0.036489 0.431668
2 0.573770 0.373269 0.573770 0.432872 0.593866 0.432872 0.593866 0.373269
2 0.941301 0.355208 0.941301 0.467790 0.962983 0.467790 0.962983 0.355208
2 0.016393 0.338350 0.016393 0.366647 0.036489 0.366647 0.036489 0.338350
2 0.484929 0.276340 0.484929 0.299217 0.533580 0.299217 0.533580 0.276340
2 0.401904 0.276340 0.401904 0.299217 0.427287 0.299217 0.427287 0.276340
2 0.642517 0.270319 0.642517 0.304636 0.663141 0.304636 0.663141 0.270319
2 0.941301 0.162553 0.941301 0.236604 0.962983 0.236604 0.962983 0.162553
2 0.313591 0.133654 0.313591 0.207104 0.335801 0.207104 0.335801 0.133654
2 0.879958 0.062613 0.879958 0.087297 0.941301 0.087899 0.941301 0.160144 0.962983 0.160144 0.962983 0.086695 0.941830 0.086093 0.943416 0.084287 0.943416 0.062613
2 0.248546 0.033715 0.248546 0.057194 0.313062 0.057194 0.313591 0.125828 0.335801 0.125828 0.335801 0.054184 0.315177 0.054184 0.314648 0.033715
