0 0.470263 0.654618 0.470263 0.801874 0.456432 0.803213 0.456432 0.832664 0.462656 0.834003 0.462656 0.998661 0.848548 0.998661 0.848548 0.912985 0.829876 0.912985 0.829184 0.966533 0.478562 0.966533 0.477870 0.654618
0 0.402490 0.803213 0.358230 0.801874 0.358230 0.546185 0.320194 0.546185 0.319502 0.543507 0.311895 0.543507 0.311895 0.560910 0.350622 0.562249 0.349931 0.803213 0.017981 0.803213 0.017289 0.714859 0.000000 0.714859 0.000000 0.832664 0.402490 0.832664
0 0.829876 0.372155 0.829876 0.376171 0.848548 0.376171 0.848548 0.372155
0 0.156293 0.000000 0.156293 0.056225 0.311895 0.057564 0.311895 0.336011 0.319502 0.336011 0.320194 0.330656 0.374136 0.330656 0.374136 0.313253 0.319502 0.311914 0.319502 0.238286 0.337483 0.236948 0.338174 0.056225 0.469571 0.056225 0.470263 0.311914 0.428077 0.313253 0.428077 0.330656 0.469571 0.330656 0.470263 0.402945 0.477870 0.402945 0.478562 0.056225 0.829184 0.056225 0.829876 0.099063 0.848548 0.099063 0.849239 0.050870 0.950207 0.050870 0.950207 0.522088 0.849239 0.522088 0.848548 0.473896 0.829876 0.473896 0.829184 0.522088 0.478562 0.522088 0.477870 0.510040 0.470263 0.510040 0.470263 0.554217 0.477870 0.554217 0.478562 0.536814 0.829184 0.536814 0.829876 0.688086 0.848548 0.688086 0.849239 0.536814 0.960581 0.536814 0.959889 0.036145 0.849239 0.036145 0.848548 0.000000
0 0.000000 0.000000 0.000000 0.480589 0.017289 0.480589 0.017981 0.447122 0.311203 0.447122 0.311895 0.453815 0.319502 0.453815 0.319502 0.421687 0.311895 0.421687 0.311203 0.428380 0.017981 0.428380 0.017289 0.057564 0.029046 0.056225 0.029046 0.000000
1 0.403181 0.803213 0.403181 0.832664 0.455740 0.832664 0.455740 0.803213
1 0.470263 0.555556 0.470263 0.653280 0.477870 0.653280 0.477870 0.555556
1 0.311895 0.455154 0.311895 0.542169 0.319502 0.542169 0.319502 0.455154
1 0.470263 0.404284 0.470263 0.508701 0.477870 0.508701 0.477870 0.404284
1 0.829876 0.377510 0.829876 0.472557 0.848548 0.472557 0.848548 0.377510
1 0.311895 0.337349 0.311895 0.420348 0.319502 0.420348 0.319502 0.337349
1 0.374827 0.313253 0.374827 0.330656 0.427386 0.330656 0.427386 0.313253
2 0.829876 0.689424 0.829876 0.911647 0.848548 0.911647 0.848548 0.689424
2 0.000000 0.481928 0.000000 0.713521 0.017289 0.713521 0.017289 0.481928
2 0.829876 0.100402 0.829876 0.370817 0.848548 0.370817 0.848548 0.100402
2 0.029737 0.000000 0.029737 0.056225 0.155602 0.056225 0.155602 0.000000
