0 0.444191 0.686254 0.422931 0.686254 0.422172 0.682057 0.413060 0.682057 0.412301 0.843652 0.091875 0.843652 0.091116 0.761805 0.056948 0.761805 0.056948 0.877230 0.438876 0.877230 0.438876 0.722980 0.444191 0.721931
0 0.511769 0.686254 0.511769 0.721931 0.815490 0.721931 0.816249 0.739769 0.956720 0.739769 0.956720 0.649528 0.921033 0.649528 0.920273 0.717733 0.852696 0.717733 0.851936 0.686254 0.752468 0.686254 0.751708 0.676810 0.560364 0.676810 0.559605 0.599161 0.550494 0.599161 0.550494 0.685205
0 0.056948 0.511018 0.056948 0.569780 0.160213 0.567681 0.160213 0.555089 0.091875 0.555089 0.091116 0.511018
0 0.541382 0.462749 0.550494 0.463799 0.550494 0.517314 0.559605 0.517314 0.559605 0.463799 0.600607 0.462749 0.601367 0.441763 0.754746 0.441763 0.754746 0.429171 0.541382 0.429171
0 0.921033 0.409234 0.921033 0.462749 0.956720 0.462749 0.956720 0.409234
0 0.056948 0.431270 0.091116 0.431270 0.091875 0.384050 0.159453 0.384050 0.159453 0.371459 0.091875 0.371459 0.091116 0.365163 0.056948 0.365163
0 0.435839 0.353620 0.426727 0.353620 0.425968 0.371459 0.207289 0.371459 0.207289 0.384050 0.244495 0.385100 0.244495 0.554040 0.208808 0.555089 0.208808 0.567681 0.412301 0.567681 0.413060 0.588667 0.422172 0.588667 0.422172 0.546695 0.413060 0.546695 0.412301 0.555089 0.254366 0.555089 0.253607 0.385100 0.412301 0.384050 0.413060 0.467996 0.422172 0.467996 0.422931 0.462749 0.435839 0.462749
0 0.867122 0.012592 0.867122 0.034627 0.921033 0.035677 0.921033 0.221406 0.956720 0.221406 0.956720 0.012592
0 0.056948 0.177335 0.091116 0.177335 0.091875 0.034627 0.425968 0.034627 0.426727 0.260231 0.435839 0.260231 0.436598 0.034627 0.640850 0.034627 0.640850 0.012592 0.056948 0.012592
1 0.444951 0.686254 0.444951 0.721931 0.511010 0.721931 0.511010 0.686254
1 0.413060 0.589717 0.413060 0.681007 0.422172 0.681007 0.422172 0.589717
1 0.160972 0.555089 0.160972 0.567681 0.208049 0.567681 0.208049 0.555089
1 0.550494 0.518363 0.550494 0.598111 0.559605 0.598111 0.559605 0.518363
1 0.413060 0.469045 0.413060 0.545645 0.422172 0.545645 0.422172 0.469045
1 0.160213 0.371459 0.160213 0.384050 0.206530 0.384050 0.206530 0.371459
1 0.426727 0.261280 0.426727 0.352571 0.435839 0.352571 0.435839 0.261280
2 0.056948 0.570829 0.056948 0.760756 0.091116 0.760756 0.091116 0.570829
2 0.921033 0.463799 0.921033 0.648478 0.956720 0.648478 0.956720 0.463799
2 0.056948 0.432319 0.056948 0.509969 0.091116 0.509969 0.091116 0.432319
2 0.921033 0.222455 0.921033 0.408185 0.956720 0.408185 0.956720 0.222455
2 0.056948 0.178384 0.056948 0.364113 0.091116 0.364113 0.091116 0.178384
2 0.641610 0.012592 0.641610 0.034627 0.866363 0.034627 0.866363 0.012592
