0 0.932238 0.675159 0.888090 0.675159 0.887064 0.828025 0.599589 0.828025 0.598563 0.750318 0.539014 0.750318 0.537988 0.828025 0.200205 0.828025 0.200205 0.853503 0.932238 0.853503
0 0.942505 0.351592 0.932238 0.351592 0.931211 0.360510 0.888090 0.360510 0.912731 0.360510 0.913758 0.364331 0.924025 0.364331 0.925051 0.360510 0.935318 0.361783 0.935318 0.472611 0.925051 0.473885 0.924025 0.470064 0.913758 0.470064 0.912731 0.473885 0.888090 0.473885 0.931211 0.473885 0.932238 0.482803 0.942505 0.482803
0 0.932238 0.072611 0.528747 0.072611 0.528747 0.127389 0.542094 0.128662 0.542094 0.594904 0.536961 0.596178 0.536961 0.608917 0.552361 0.608917 0.552361 0.128662 0.887064 0.127389 0.888090 0.240764 0.932238 0.240764
0 0.402464 0.072611 0.056468 0.072611 0.056468 0.853503 0.102669 0.853503 0.102669 0.828025 0.077002 0.826752 0.077002 0.480255 0.161191 0.478981 0.161191 0.463694 0.077002 0.462420 0.077002 0.128662 0.256674 0.128662 0.256674 0.462420 0.248460 0.463694 0.248460 0.478981 0.256674 0.480255 0.256674 0.608917 0.451745 0.608917 0.451745 0.596178 0.268994 0.594904 0.268994 0.128662 0.402464 0.127389
1 0.103696 0.828025 0.103696 0.853503 0.199179 0.853503 0.199179 0.828025
1 0.452772 0.596178 0.452772 0.608917 0.535934 0.608917 0.535934 0.596178
1 0.162218 0.463694 0.162218 0.478981 0.247433 0.478981 0.247433 0.463694
1 0.913758 0.365605 0.913758 0.468790 0.924025 0.468790 0.924025 0.365605
2 0.888090 0.475159 0.888090 0.673885 0.932238 0.673885 0.931211 0.475159
2 0.888090 0.242038 0.888090 0.359236 0.931211 0.359236 0.932238 0.242038
2 0.403491 0.072611 0.403491 0.127389 0.527721 0.127389 0.527721 0.072611
