0 0.044253 0.712653 0.044253 0.786122 0.073141 0.786122 0.073755 0.780408 0.164720 0.780408 0.165335 0.783673 0.169023 0.783673 0.169637 0.777959 0.304241 0.777959 0.306085 0.776327 0.306085 0.768163 0.073755 0.768163 0.073141 0.712653
0 0.425323 0.703673 0.406269 0.703673 0.405655 0.768163 0.358943 0.768163 0.358943 0.776327 0.362016 0.777959 0.406269 0.778776 0.405655 0.899592 0.308543 0.899592 0.307929 0.926531 0.169637 0.926531 0.169023 0.853061 0.165335 0.853061 0.164720 0.926531 0.073755 0.926531 0.073141 0.922449 0.044253 0.922449 0.044253 0.947755 0.421020 0.947755 0.421020 0.725714 0.424093 0.724898 0.424093 0.720816 0.425323 0.720000
0 0.950215 0.550204 0.913337 0.551837 0.913337 0.555102 0.946527 0.555918 0.946527 0.619592 0.939152 0.620408 0.938537 0.622041 0.913337 0.622041 0.912723 0.703673 0.738783 0.703673 0.738168 0.622041 0.732022 0.622041 0.731407 0.653061 0.701905 0.653061 0.701291 0.703673 0.481868 0.703673 0.481868 0.720000 0.485556 0.720000 0.486171 0.724898 0.939152 0.724898 0.939152 0.626122 0.950215 0.625306
0 0.044253 0.515918 0.044253 0.589388 0.073141 0.589388 0.073141 0.515918
0 0.661340 0.549388 0.731407 0.549388 0.732022 0.552653 0.738168 0.552653 0.738783 0.549388 0.761524 0.549388 0.762139 0.247347 0.912723 0.247347 0.913337 0.373878 0.939152 0.373878 0.939152 0.213061 0.695759 0.213061 0.695759 0.247347 0.755378 0.248163 0.755378 0.540408 0.661340 0.541224
0 0.477566 0.213061 0.477566 0.247347 0.522434 0.248163 0.522434 0.540408 0.485556 0.541224 0.485556 0.549388 0.547019 0.549388 0.547019 0.541224 0.528580 0.540408 0.529195 0.395102 0.601721 0.395918 0.601721 0.540408 0.598648 0.541224 0.598648 0.549388 0.609096 0.549388 0.609096 0.541224 0.607867 0.540408 0.607867 0.383673 0.601721 0.383673 0.601106 0.386939 0.528580 0.386122 0.528580 0.248163 0.601106 0.247347 0.601721 0.315918 0.607867 0.315918 0.607867 0.248163 0.615857 0.247347 0.615857 0.213061
0 0.275968 0.213061 0.275968 0.247347 0.362631 0.248163 0.362631 0.471837 0.405040 0.471837 0.405040 0.463673 0.368777 0.462857 0.368777 0.315102 0.405655 0.314286 0.405655 0.248163 0.414874 0.247347 0.414874 0.213061 0.299324 0.213061 0.298709 0.209796 0.291334 0.209796 0.290719 0.213061
0 0.291334 0.053061 0.291334 0.063673 0.298709 0.063673 0.298709 0.053061
0 0.104487 0.053061 0.093423 0.053061 0.044253 0.212245 0.044253 0.388571 0.073141 0.388571 0.073141 0.248163 0.120467 0.247347 0.120467 0.213061 0.059619 0.212245 0.105716 0.063673 0.104487 0.062857
1 0.165335 0.784490 0.165335 0.852245 0.169023 0.852245 0.169023 0.784490
1 0.306699 0.768163 0.306699 0.776327 0.358328 0.776327 0.358328 0.768163
1 0.425937 0.703673 0.425937 0.720000 0.481254 0.720000 0.481254 0.703673
1 0.913337 0.555918 0.913337 0.621224 0.938537 0.621224 0.939152 0.555918
1 0.732022 0.553469 0.732022 0.621224 0.738168 0.621224 0.738168 0.553469
1 0.609711 0.541224 0.609711 0.549388 0.660725 0.549388 0.660725 0.541224
1 0.547634 0.541224 0.547634 0.549388 0.598033 0.549388 0.598033 0.541224
1 0.601721 0.316735 0.601721 0.382857 0.607867 0.382857 0.607867 0.316735
1 0.222495 0.213061 0.222495 0.247347 0.275353 0.247347 0.275353 0.213061
2 0.044253 0.786939 0.044253 0.921633 0.073141 0.921633 0.073141 0.786939
2 0.044253 0.590204 0.044253 0.711837 0.073141 0.711837 0.073141 0.590204
2 0.044253 0.389388 0.044253 0.515102 0.073141 0.515102 0.073141 0.389388
2 0.913337 0.374694 0.913337 0.551020 0.938537 0.551020 0.939152 0.374694
2 0.616472 0.213061 0.616472 0.247347 0.695144 0.247347 0.695144 0.213061
2 0.415489 0.213061 0.415489 0.247347 0.476951 0.247347 0.476951 0.213061
2 0.121082 0.213061 0.121082 0.247347 0.220652 0.247347 0.220652 0.213061
2 0.291334 0.064490 0.291334 0.208980 0.298709 0.208980 0.298709 0.064490
2 0.105101 0.053061 0.105101 0.062857 0.290719 0.062857 0.290719 0.053061
