0 0.545650 0.670753 0.545650 0.687682 0.615467 0.688266 0.615467 0.815528 0.525242 0.816112 0.525242 0.819615 0.519871 0.820198 0.519871 0.838295 0.672395 0.838295 0.672395 0.816112 0.626208 0.815528 0.626208 0.681845 0.558539 0.681845 0.557465 0.670753
0 0.384533 0.641565 0.384533 0.815528 0.360902 0.816112 0.360902 0.838295 0.412460 0.838295 0.412460 0.820198 0.408163 0.819615 0.408163 0.816112 0.397422 0.815528 0.397422 0.641565
0 0.022556 0.534151 0.022556 0.838295 0.030075 0.838879 0.030075 0.870403 0.022556 0.870987 0.022556 0.945126 0.404941 0.945126 0.404941 0.937536 0.047261 0.936953 0.047261 0.838879 0.149302 0.838295 0.149302 0.816112 0.073040 0.815528 0.073040 0.586690 0.383459 0.586106 0.384533 0.589025 0.397422 0.589025 0.397422 0.542323 0.384533 0.542323 0.383459 0.579685 0.099893 0.579685 0.098818 0.541740 0.074114 0.541740 0.073040 0.534151
0 0.751880 0.134267 0.661654 0.134267 0.661654 0.139521 0.658432 0.140105 0.658432 0.155867 0.731472 0.156451 0.731472 0.416229 0.545650 0.416813 0.545650 0.426737 0.558539 0.426737 0.559613 0.423818 0.744361 0.423818 0.744361 0.265032 0.748657 0.265032 0.748657 0.273205 0.751880 0.273205 0.751880 0.264448 0.748657 0.263865 0.748657 0.159953 0.751880 0.159370
0 0.546724 0.133684 0.546724 0.155867 0.560687 0.155867 0.560687 0.140105 0.556391 0.139521 0.556391 0.133684
0 0.326531 0.133684 0.326531 0.155867 0.336198 0.155867 0.336198 0.133684
0 0.987111 0.021016 0.962406 0.021016 0.962406 0.133684 0.951665 0.134267 0.951665 0.159370 0.957035 0.159953 0.957035 0.263865 0.849624 0.264448 0.849624 0.273205 0.962406 0.273789 0.962406 0.457093 0.938776 0.457677 0.938776 0.525394 0.560687 0.525978 0.558539 0.479860 0.545650 0.479860 0.545650 0.554583 0.557465 0.554583 0.558539 0.533567 0.752954 0.534151 0.751880 0.610041 0.558539 0.610041 0.557465 0.607706 0.545650 0.607706 0.545650 0.617630 0.557465 0.617630 0.558539 0.616462 0.767991 0.616462 0.767991 0.610041 0.764769 0.609457 0.765843 0.533567 0.962406 0.534151 0.962406 0.609457 0.866810 0.610041 0.866810 0.616462 0.962406 0.617046 0.962406 0.815528 0.883996 0.816112 0.883996 0.838295 0.962406 0.838879 0.962406 0.936953 0.655209 0.937536 0.655209 0.945126 0.987111 0.945126
0 0.022556 0.014011 0.022556 0.469352 0.073040 0.469352 0.073040 0.156451 0.114930 0.155867 0.114930 0.133684 0.054780 0.133100 0.054780 0.014011
1 0.413534 0.820198 0.413534 0.838295 0.518797 0.838295 0.518797 0.820198
1 0.545650 0.618214 0.545650 0.670169 0.557465 0.670169 0.557465 0.618214
1 0.769066 0.610041 0.769066 0.616462 0.865736 0.616462 0.865736 0.610041
1 0.384533 0.589609 0.384533 0.640981 0.397422 0.640981 0.397422 0.589609
1 0.545650 0.555166 0.545650 0.607122 0.557465 0.607122 0.557465 0.555166
1 0.545650 0.427320 0.545650 0.479276 0.558539 0.479276 0.558539 0.427320
1 0.752954 0.264448 0.752954 0.273205 0.848550 0.273205 0.848550 0.264448
1 0.561762 0.140105 0.561762 0.155867 0.657358 0.155867 0.657358 0.140105
2 0.673469 0.816112 0.673469 0.838295 0.882922 0.838295 0.882922 0.816112
2 0.150376 0.816112 0.150376 0.838295 0.359828 0.838295 0.359828 0.816112
2 0.022556 0.469936 0.022556 0.533567 0.073040 0.533567 0.073040 0.469936
2 0.752954 0.134267 0.752954 0.159370 0.950591 0.159370 0.950591 0.134267
2 0.337272 0.133684 0.337272 0.155867 0.545650 0.155867 0.545650 0.133684
2 0.116004 0.133684 0.116004 0.155867 0.325456 0.155867 0.325456 0.133684
