0 0.035398 0.907680 0.035398 0.961210 0.223009 0.961210 0.223009 0.943367 0.056637 0.943367 0.055752 0.907680
0 0.815929 0.784329 0.659292 0.784329 0.658407 0.738557 0.650442 0.738557 0.649558 0.784329 0.458407 0.783553 0.459292 0.667960 0.649558 0.667960 0.650442 0.692009 0.658407 0.692009 0.658407 0.618309 0.650442 0.618309 0.649558 0.660978 0.362832 0.660978 0.362832 0.667960 0.450442 0.668735 0.450442 0.783553 0.363717 0.784329 0.363717 0.942591 0.316814 0.943367 0.316814 0.961210 0.384071 0.961210 0.384956 0.802172 0.815929 0.802172
0 0.035398 0.585725 0.035398 0.760279 0.055752 0.760279 0.055752 0.585725
0 0.038053 0.017067 0.038053 0.148177 0.035398 0.148953 0.035398 0.307215 0.055752 0.307215 0.055752 0.167572 0.092035 0.166796 0.092035 0.148953 0.046018 0.148177 0.046903 0.024050 0.174336 0.024825 0.174336 0.148177 0.147788 0.148953 0.147788 0.166796 0.650442 0.167572 0.650442 0.568658 0.658407 0.568658 0.659292 0.550815 0.772566 0.550815 0.772566 0.543832 0.658407 0.543057 0.659292 0.363848 0.926549 0.363848 0.927434 0.543057 0.829204 0.543832 0.829204 0.550815 0.927434 0.551590 0.927434 0.751746 0.892920 0.752521 0.892920 0.783553 0.872566 0.784329 0.872566 0.802172 0.947788 0.802172 0.947788 0.346005 0.672566 0.346005 0.671681 0.148953 0.183186 0.148953 0.182301 0.017067
1 0.816814 0.784329 0.816814 0.802172 0.871681 0.802172 0.871681 0.784329
1 0.650442 0.692785 0.650442 0.737781 0.658407 0.737781 0.658407 0.692785
1 0.650442 0.569434 0.650442 0.617533 0.658407 0.617533 0.658407 0.569434
1 0.773451 0.543832 0.773451 0.550815 0.828319 0.550815 0.828319 0.543832
1 0.092920 0.148953 0.092920 0.166796 0.146903 0.166796 0.146903 0.148953
2 0.223894 0.943367 0.223894 0.961210 0.315929 0.961210 0.315929 0.943367
2 0.035398 0.761055 0.035398 0.906905 0.055752 0.906905 0.055752 0.761055
2 0.035398 0.307991 0.035398 0.584950 0.055752 0.584950 0.055752 0.307991
