0 0.499040 0.644050 0.494430 0.644050 0.494430 0.797523 0.466769 0.798061 0.466769 0.810447 0.518632 0.810447 0.518632 0.798061 0.499040 0.797523
0 0.191702 0.644050 0.191702 0.796984 0.172877 0.797523 0.172877 0.810447 0.223972 0.810447 0.223972 0.797523 0.196312 0.796984 0.196312 0.644050
0 0.076066 0.357027 0.076066 0.810447 0.111410 0.810447 0.111410 0.797523 0.085286 0.796984 0.085286 0.592892 0.124088 0.592353 0.124088 0.586430 0.085286 0.585891 0.085286 0.523963 0.191318 0.523425 0.191702 0.585891 0.150980 0.586430 0.150980 0.592353 0.191318 0.592353 0.191702 0.599892 0.196312 0.599892 0.196312 0.514809 0.085670 0.514809 0.085286 0.357027
0 0.447176 0.351642 0.447176 0.441572 0.451018 0.441572 0.451018 0.351642
0 0.239339 0.351104 0.239339 0.441572 0.243181 0.441572 0.243181 0.351104
0 0.179793 0.267097 0.179793 0.278406 0.185171 0.278406 0.185171 0.267097
0 0.076066 0.307485 0.085286 0.307485 0.085670 0.278406 0.111026 0.278406 0.111026 0.267097 0.076066 0.267097
0 0.579716 0.266559 0.579716 0.278945 0.605839 0.279483 0.605839 0.514809 0.494430 0.515347 0.494430 0.599892 0.499040 0.599892 0.499424 0.593430 0.538225 0.593430 0.538225 0.586430 0.499040 0.585891 0.499424 0.523963 0.605839 0.524502 0.605839 0.585891 0.567038 0.586430 0.567038 0.593430 0.605839 0.593969 0.605839 0.797523 0.580100 0.798061 0.580100 0.810447 0.614675 0.810447 0.614675 0.423802 0.644641 0.423263 0.644641 0.410878 0.615060 0.410339 0.615444 0.278945 0.740684 0.279483 0.740684 0.410339 0.679985 0.410878 0.679985 0.423263 0.774875 0.423263 0.774875 0.410878 0.745294 0.410339 0.745678 0.278945 0.869766 0.279483 0.869766 0.410339 0.809835 0.410878 0.809835 0.423263 0.873223 0.423802 0.873223 0.760905 0.875528 0.760905 0.875528 0.466882 0.955820 0.466344 0.955820 0.409262 0.953515 0.409262 0.953131 0.458805 0.878602 0.458266 0.878602 0.275714 0.953131 0.275175 0.953515 0.340334 0.955820 0.340334 0.955820 0.266559
0 0.504418 0.266559 0.504418 0.278945 0.509796 0.278945 0.509796 0.266559
0 0.245486 0.249327 0.237418 0.249327 0.237034 0.267097 0.216673 0.267097 0.216673 0.278406 0.245486 0.278406
0 0.444103 0.248788 0.444103 0.278945 0.473300 0.278945 0.473300 0.266559 0.452555 0.266559 0.452171 0.248788
0 0.425663 0.170705 0.425663 0.182014 0.443719 0.182014 0.444103 0.200323 0.452171 0.200323 0.452171 0.170705
0 0.325778 0.170705 0.325778 0.182014 0.340376 0.182553 0.340376 0.253096 0.335382 0.253635 0.335382 0.260635 0.340376 0.261174 0.340376 0.514809 0.262774 0.515347 0.262774 0.597738 0.267384 0.597738 0.267768 0.523963 0.340376 0.524502 0.340376 0.709208 0.301191 0.709747 0.301191 0.717286 0.339224 0.717824 0.339224 0.792138 0.268152 0.792138 0.268152 0.717824 0.273915 0.717286 0.273915 0.709747 0.267384 0.709208 0.267384 0.640819 0.262774 0.640819 0.262774 0.796984 0.259700 0.797523 0.259700 0.810447 0.432194 0.810447 0.432194 0.798061 0.427968 0.797523 0.427968 0.640819 0.423358 0.640819 0.423358 0.709208 0.416827 0.709747 0.416827 0.717286 0.422589 0.717824 0.422589 0.792138 0.351133 0.792138 0.351133 0.717824 0.388782 0.717286 0.388782 0.709747 0.349981 0.709208 0.349981 0.524502 0.422973 0.523963 0.423358 0.597738 0.427968 0.597738 0.427968 0.515347 0.349981 0.514809 0.349981 0.261174 0.354207 0.260635 0.354207 0.253635 0.349981 0.253096 0.349981 0.182553 0.363811 0.182014 0.363811 0.170705
0 0.237418 0.198708 0.245486 0.198708 0.245870 0.182014 0.263158 0.182014 0.263158 0.170705 0.237418 0.170705
1 0.432578 0.798061 0.432578 0.810447 0.466385 0.810447 0.466385 0.798061
1 0.224357 0.797523 0.224357 0.810447 0.259316 0.810447 0.259316 0.797523
1 0.389166 0.709747 0.389166 0.717286 0.416443 0.717286 0.416443 0.709747
1 0.274299 0.709747 0.274299 0.717286 0.300807 0.717286 0.300807 0.709747
1 0.494430 0.600431 0.494430 0.643511 0.499040 0.643511 0.499040 0.600431
1 0.191702 0.600431 0.191702 0.643511 0.196312 0.643511 0.196312 0.600431
1 0.423358 0.598277 0.423358 0.640280 0.427968 0.640280 0.427968 0.598277
1 0.262774 0.598277 0.262774 0.640280 0.267384 0.640280 0.267384 0.598277
1 0.538609 0.586430 0.538609 0.593430 0.566654 0.593430 0.566654 0.586430
1 0.124472 0.586430 0.124472 0.592353 0.150595 0.592353 0.150595 0.586430
1 0.775259 0.410878 0.775259 0.423263 0.809451 0.423263 0.809451 0.410878
1 0.645025 0.410878 0.645025 0.423263 0.679600 0.423263 0.679600 0.410878
1 0.185555 0.267097 0.185555 0.278406 0.216289 0.278406 0.216289 0.267097
1 0.473684 0.266559 0.473684 0.278945 0.504034 0.278945 0.504034 0.266559
2 0.519017 0.798061 0.519017 0.810447 0.579716 0.810447 0.579716 0.798061
2 0.111794 0.797523 0.111794 0.810447 0.172493 0.810447 0.172493 0.797523
2 0.076066 0.308024 0.076066 0.356489 0.085286 0.356489 0.085286 0.308024
2 0.111410 0.267097 0.111410 0.278406 0.179408 0.278406 0.179408 0.267097
2 0.510181 0.266559 0.510181 0.278945 0.579332 0.278945 0.579332 0.266559
2 0.444103 0.200862 0.444103 0.248250 0.452171 0.248250 0.452171 0.200862
2 0.237418 0.199246 0.237418 0.248788 0.245486 0.248788 0.245486 0.199246
2 0.364195 0.170705 0.364195 0.182014 0.425279 0.182014 0.425279 0.170705
2 0.263542 0.170705 0.263542 0.182014 0.325394 0.182014 0.325394 0.170705
