0 0.930328 0.042759 0.907104 0.042759 0.907104 0.533793 0.842896 0.535172 0.842896 0.553103 0.907104 0.554483 0.907104 0.707586 0.677596 0.707586 0.677596 0.554483 0.766393 0.553103 0.766393 0.535172 0.398907 0.535172 0.398907 0.557241 0.418033 0.557241 0.419399 0.553103 0.662568 0.553103 0.663934 0.707586 0.419399 0.708966 0.418033 0.642759 0.398907 0.642759 0.398907 0.842759 0.392077 0.844138 0.392077 0.867586 0.422131 0.867586 0.423497 0.732414 0.930328 0.732414
0 0.833333 0.042759 0.833333 0.066207 0.837432 0.066207 0.837432 0.042759
0 0.427596 0.042759 0.396175 0.042759 0.396175 0.066207 0.398907 0.067586 0.398907 0.404138 0.293716 0.405517 0.293716 0.422069 0.418033 0.422069 0.418033 0.067586 0.427596 0.066207
0 0.139344 0.042759 0.139344 0.066207 0.146175 0.066207 0.146175 0.042759
0 0.034153 0.042759 0.034153 0.675862 0.200820 0.675862 0.202186 0.867586 0.277322 0.867586 0.277322 0.844138 0.225410 0.842759 0.225410 0.652414 0.057377 0.651034 0.057377 0.423448 0.161202 0.422069 0.161202 0.405517 0.142077 0.404138 0.142077 0.351724 0.057377 0.350345 0.057377 0.042759
1 0.278689 0.844138 0.278689 0.867586 0.390710 0.867586 0.390710 0.844138
1 0.398907 0.558621 0.398907 0.641379 0.418033 0.641379 0.418033 0.558621
1 0.767760 0.535172 0.767760 0.553103 0.841530 0.553103 0.841530 0.535172
1 0.162568 0.405517 0.162568 0.422069 0.292350 0.422069 0.292350 0.405517
2 0.838798 0.042759 0.838798 0.066207 0.905738 0.066207 0.905738 0.042759
2 0.428962 0.042759 0.428962 0.066207 0.831967 0.066207 0.831967 0.042759
2 0.147541 0.042759 0.147541 0.066207 0.394809 0.066207 0.394809 0.042759
2 0.058743 0.042759 0.058743 0.066207 0.137978 0.066207 0.137978 0.042759
