0 0.384495 0.862936 0.384495 0.881590 0.395421 0.881590 0.395421 0.862936
0 0.324142 0.862936 0.324142 0.881590 0.332986 0.881590 0.332986 0.862936
0 0.867326 0.857259 0.867326 0.879157 0.875130 0.879157 0.875130 0.857259
0 0.781478 0.857259 0.781478 0.879157 0.798127 0.879157 0.798127 0.857259
0 0.703434 0.857259 0.703434 0.879157 0.725286 0.879157 0.725286 0.857259
0 0.944849 0.849959 0.944849 0.856448 0.941207 0.857259 0.941207 0.879157 0.959938 0.879157 0.959938 0.849959
0 0.430801 0.849148 0.430801 0.881590 0.442248 0.881590 0.442248 0.849148
0 0.275754 0.849148 0.275754 0.881590 0.286160 0.881590 0.285640 0.849148
0 0.652966 0.848337 0.652966 0.879157 0.668574 0.879157 0.668574 0.857259 0.663892 0.856448 0.663892 0.848337
0 0.386056 0.706407 0.386056 0.723439 0.396982 0.723439 0.396982 0.706407
0 0.325182 0.706407 0.325182 0.723439 0.337149 0.723439 0.337149 0.706407
0 0.185744 0.639903 0.183143 0.647202 0.190427 0.654501 0.194589 0.645580 0.194589 0.639903
0 0.431322 0.626926 0.431322 0.705596 0.426639 0.706407 0.426639 0.723439 0.430281 0.724250 0.430281 0.740470 0.441727 0.740470 0.442248 0.723439 0.524974 0.723439 0.524974 0.706407 0.442248 0.706407 0.441727 0.626926
0 0.944849 0.620438 0.944849 0.740470 0.959938 0.740470 0.959938 0.620438
0 0.298647 0.619627 0.289802 0.619627 0.289282 0.706407 0.220604 0.706407 0.220604 0.723439 0.275234 0.723439 0.275754 0.737226 0.285640 0.737226 0.286160 0.723439 0.299688 0.723439 0.299688 0.706407 0.298647 0.705596
0 0.088450 0.567721 0.088450 0.723439 0.168054 0.723439 0.168054 0.706407 0.167014 0.705596 0.173777 0.690998 0.171696 0.695053 0.164932 0.686942 0.155567 0.706407 0.100416 0.705596 0.100416 0.582320 0.104058 0.581509 0.104058 0.568532
0 0.663892 0.554745 0.655047 0.554745 0.655047 0.705596 0.590531 0.706407 0.590531 0.723439 0.652445 0.723439 0.652966 0.735604 0.663892 0.735604
0 0.775754 0.446067 0.775754 0.459854 0.814776 0.459854 0.814776 0.446067
0 0.944849 0.310624 0.944849 0.445255 0.855359 0.446067 0.855359 0.459854 0.944329 0.459854 0.944849 0.520681 0.959938 0.520681 0.959938 0.310624
0 0.088450 0.285483 0.088450 0.469586 0.100416 0.469586 0.100937 0.439578 0.185744 0.440389 0.185744 0.567721 0.144641 0.568532 0.144641 0.581509 0.194589 0.581509 0.195109 0.439578 0.274714 0.439578 0.275234 0.472830 0.289802 0.473642 0.289802 0.546634 0.298647 0.546634 0.298647 0.440389 0.311655 0.439578 0.311655 0.425791 0.100937 0.425791 0.100416 0.308191 0.145161 0.307380 0.145161 0.286294 0.137357 0.286294 0.136837 0.293593 0.100937 0.293593 0.100416 0.285483
0 0.843392 0.063260 0.843392 0.091646 0.944329 0.091646 0.944849 0.209246 0.959938 0.209246 0.959938 0.063260
0 0.572320 0.063260 0.572320 0.082725 0.655047 0.083536 0.655047 0.361719 0.619147 0.362530 0.619147 0.376318 0.655047 0.377129 0.655047 0.468775 0.663892 0.468775 0.664412 0.459854 0.722164 0.459854 0.722164 0.446067 0.663892 0.445255 0.663892 0.092457 0.775234 0.091646 0.775234 0.063260
0 0.504683 0.063260 0.411030 0.063260 0.411030 0.082725 0.431322 0.083536 0.431322 0.424980 0.363163 0.425791 0.363684 0.547445 0.372529 0.547445 0.372529 0.439578 0.431322 0.440389 0.431322 0.535280 0.409469 0.536091 0.409469 0.547445 0.430801 0.547445 0.431322 0.550689 0.441727 0.550689 0.441727 0.480941 0.456816 0.480130 0.456816 0.377129 0.546306 0.376318 0.546306 0.362530 0.457336 0.362530 0.456816 0.337388 0.441727 0.336577 0.441727 0.083536 0.504683 0.082725
0 0.234651 0.063260 0.234651 0.082725 0.319979 0.083536 0.319979 0.334955 0.329344 0.334955 0.329344 0.083536 0.341311 0.082725 0.341311 0.063260
0 0.088450 0.063260 0.088450 0.220600 0.100416 0.220600 0.100937 0.214112 0.136837 0.214112 0.137357 0.223033 0.145161 0.223033 0.145161 0.203569 0.100416 0.202758 0.100416 0.083536 0.175338 0.082725 0.175338 0.063260
1 0.333507 0.862936 0.333507 0.881590 0.383975 0.881590 0.383975 0.862936
1 0.725806 0.857259 0.725806 0.879157 0.780957 0.879157 0.780957 0.857259
1 0.337669 0.706407 0.337669 0.723439 0.385536 0.723439 0.385536 0.706407
1 0.185744 0.582320 0.185744 0.639092 0.194589 0.639092 0.194589 0.582320
1 0.104579 0.568532 0.104579 0.581509 0.144121 0.581509 0.144121 0.568532
1 0.431322 0.551500 0.431322 0.626115 0.441727 0.626115 0.441727 0.551500
1 0.289802 0.547445 0.289802 0.618816 0.298647 0.618816 0.298647 0.547445
1 0.373049 0.536091 0.373049 0.547445 0.408949 0.547445 0.408949 0.536091
1 0.655047 0.469586 0.655047 0.553933 0.663892 0.553933 0.663892 0.469586
1 0.722685 0.446067 0.722685 0.459854 0.775234 0.459854 0.775234 0.446067
1 0.312175 0.425791 0.312175 0.439578 0.362643 0.439578 0.362643 0.425791
1 0.546826 0.362530 0.546826 0.376318 0.618626 0.376318 0.618626 0.362530
1 0.137357 0.223844 0.137357 0.285483 0.145161 0.285483 0.145161 0.223844
1 0.088450 0.221411 0.088450 0.284672 0.100416 0.284672 0.100416 0.221411
2 0.395942 0.862936 0.395942 0.881590 0.430281 0.881590 0.430281 0.862936
2 0.286681 0.862936 0.286681 0.881590 0.323621 0.881590 0.323621 0.862936
2 0.875650 0.857259 0.875650 0.879157 0.940687 0.879157 0.940687 0.857259
2 0.798647 0.857259 0.798647 0.879157 0.866805 0.879157 0.866805 0.857259
2 0.669095 0.857259 0.669095 0.879157 0.702914 0.879157 0.702914 0.857259
2 0.944849 0.741281 0.944849 0.849148 0.959938 0.849148 0.959938 0.741281
2 0.430281 0.741281 0.430801 0.848337 0.442248 0.848337 0.441727 0.741281
2 0.275754 0.738037 0.275754 0.848337 0.285640 0.848337 0.285640 0.738037
2 0.652966 0.736415 0.652966 0.847526 0.663892 0.847526 0.663892 0.736415
2 0.525494 0.706407 0.525494 0.723439 0.590010 0.723439 0.590010 0.706407
2 0.397503 0.706407 0.397503 0.723439 0.426119 0.723439 0.426119 0.706407
2 0.300208 0.706407 0.300208 0.723439 0.324662 0.723439 0.324662 0.706407
2 0.168574 0.706407 0.168574 0.723439 0.220083 0.723439 0.220083 0.706407
2 0.182622 0.647202 0.164932 0.686131 0.171696 0.694242 0.189906 0.655312
2 0.944849 0.521492 0.944849 0.619627 0.959938 0.619627 0.959938 0.521492
2 0.088450 0.470397 0.088450 0.566910 0.100416 0.566910 0.100416 0.470397
2 0.944849 0.210057 0.944849 0.309813 0.959938 0.309813 0.959938 0.210057
2 0.775754 0.063260 0.775754 0.091646 0.842872 0.091646 0.842872 0.063260
2 0.505203 0.063260 0.505203 0.082725 0.571800 0.082725 0.571800 0.063260
2 0.341831 0.063260 0.341831 0.082725 0.410510 0.082725 0.410510 0.063260
2 0.175858 0.063260 0.175858 0.082725 0.234131 0.082725 0.234131 0.063260
