0 0.300923 0.773660 0.136000 0.774230 0.136000 0.964652 0.300923 0.964652 0.300923 0.866591 0.293538 0.866591 0.292923 0.957811 0.143385 0.957241 0.143385 0.781642 0.292923 0.780502 0.293538 0.825542 0.300923 0.825542
0 0.709538 0.655074 0.709538 0.669327 0.713846 0.669327 0.713846 0.655074
0 0.299692 0.570125 0.269538 0.570125 0.269538 0.576967 0.281231 0.577537 0.280615 0.653934 0.188308 0.653934 0.188308 0.666477 0.300923 0.666477 0.300923 0.653934 0.288615 0.653364 0.288615 0.577537 0.299692 0.576967
0 0.340923 0.570125 0.340923 0.576967 0.357538 0.577537 0.357538 0.653364 0.342769 0.653934 0.342769 0.666477 0.398769 0.666477 0.398769 0.653934 0.364923 0.653364 0.364923 0.569555
0 0.209231 0.417902 0.209231 0.421893 0.262154 0.421893 0.262154 0.417902
0 0.403077 0.363170 0.357538 0.363170 0.357538 0.516534 0.364923 0.516534 0.364923 0.370582 0.403077 0.370011
0 0.838154 0.134550 0.838154 0.148803 0.921231 0.149373 0.921231 0.362600 0.795692 0.363170 0.795692 0.369441 0.797538 0.370011 0.797538 0.431585 0.804308 0.431585 0.804923 0.429304 0.854154 0.429304 0.854154 0.417332 0.804308 0.416762 0.804923 0.369441 0.921231 0.370011 0.921231 0.542189 0.846154 0.542759 0.846154 0.549031 0.921231 0.549601 0.921231 0.654504 0.906462 0.655074 0.906462 0.669327 0.936615 0.669327 0.936615 0.134550
0 0.732308 0.134550 0.732308 0.148803 0.741538 0.149373 0.741538 0.362600 0.727385 0.363170 0.727385 0.369441 0.753231 0.369441 0.753231 0.363170 0.748308 0.362600 0.748308 0.149373 0.760000 0.148803 0.760000 0.134550
0 0.550769 0.134550 0.550769 0.777651 0.788308 0.777651 0.788308 0.669897 0.881846 0.669327 0.881846 0.655074 0.804308 0.654504 0.804308 0.549601 0.814769 0.549031 0.814769 0.542759 0.804308 0.542189 0.804308 0.469783 0.797538 0.469783 0.796923 0.473774 0.737231 0.473774 0.737231 0.480046 0.797538 0.480616 0.797538 0.654504 0.758154 0.655074 0.758154 0.669327 0.781538 0.669897 0.781538 0.770810 0.557538 0.770810 0.557538 0.669897 0.610462 0.669327 0.610462 0.655074 0.564923 0.654504 0.564923 0.480616 0.695385 0.480046 0.695385 0.473774 0.564923 0.473204 0.564923 0.370011 0.669538 0.369441 0.670154 0.419612 0.629538 0.420182 0.629538 0.426454 0.675692 0.426454 0.675692 0.370011 0.682462 0.369441 0.682462 0.363170 0.564923 0.362600 0.564923 0.149373 0.652308 0.148803 0.652308 0.134550
0 0.355077 0.131699 0.355077 0.145382 0.377846 0.145382 0.377846 0.131699
0 0.524923 0.041619 0.517538 0.041619 0.516923 0.131699 0.420308 0.131699 0.420308 0.145382 0.510154 0.145952 0.510154 0.362600 0.472000 0.363170 0.472000 0.370011 0.510154 0.370582 0.510154 0.653364 0.490462 0.653934 0.490462 0.666477 0.524923 0.666477
0 0.137231 0.041619 0.137231 0.666477 0.164308 0.666477 0.164308 0.653934 0.150769 0.653364 0.150769 0.577537 0.238154 0.576967 0.238154 0.570125 0.236308 0.570125 0.235692 0.567845 0.228308 0.567845 0.227692 0.570125 0.150769 0.569555 0.150769 0.477195 0.227692 0.476625 0.228308 0.539339 0.235692 0.539339 0.235692 0.469783 0.150769 0.469213 0.150769 0.367161 0.262154 0.366591 0.262154 0.359749 0.150769 0.359179 0.150769 0.145952 0.235077 0.145382 0.235077 0.131699 0.145231 0.131699 0.144615 0.041619
1 0.293538 0.826112 0.293538 0.866021 0.300923 0.866021 0.300923 0.826112
1 0.714462 0.655074 0.714462 0.669327 0.757538 0.669327 0.757538 0.655074
1 0.301538 0.653934 0.301538 0.666477 0.342154 0.666477 0.342154 0.653934
1 0.300308 0.570125 0.300308 0.576967 0.340308 0.576967 0.340308 0.570125
1 0.238769 0.570125 0.238769 0.576967 0.268923 0.576967 0.268923 0.570125
1 0.815385 0.542759 0.815385 0.549031 0.845538 0.549031 0.845538 0.542759
1 0.228308 0.539909 0.228308 0.567275 0.235692 0.567275 0.235692 0.539909
1 0.357538 0.517104 0.357538 0.568985 0.364923 0.568985 0.364923 0.517104
1 0.696000 0.473774 0.696000 0.480046 0.736615 0.480046 0.736615 0.473774
1 0.797538 0.432155 0.797538 0.469213 0.804308 0.469213 0.804308 0.432155
1 0.753846 0.363170 0.753846 0.369441 0.795077 0.369441 0.795077 0.363170
1 0.683077 0.363170 0.683077 0.369441 0.726769 0.369441 0.726769 0.363170
1 0.403692 0.363170 0.403692 0.370011 0.471385 0.370011 0.471385 0.363170
1 0.378462 0.131699 0.378462 0.145382 0.419692 0.145382 0.419692 0.131699
2 0.882462 0.655074 0.882462 0.669327 0.905846 0.669327 0.905846 0.655074
2 0.611077 0.655074 0.611077 0.669327 0.708923 0.669327 0.708923 0.655074
2 0.399385 0.653934 0.399385 0.666477 0.489846 0.666477 0.489846 0.653934
2 0.164923 0.653934 0.164923 0.666477 0.187692 0.666477 0.187692 0.653934
2 0.760615 0.134550 0.760615 0.148803 0.837538 0.148803 0.837538 0.134550
2 0.652923 0.134550 0.652923 0.148803 0.731692 0.148803 0.731692 0.134550
2 0.235692 0.131699 0.235692 0.145382 0.354462 0.145382 0.354462 0.131699
