0 0.526063 0.835332 0.526063 0.890488 0.515638 0.891287 0.515638 0.922462 0.605453 0.922462 0.605453 0.891287 0.534884 0.890488 0.534884 0.835332
0 0.395349 0.825739 0.395349 0.890488 0.354451 0.891287 0.354451 0.922462 0.440257 0.922462 0.440257 0.891287 0.404972 0.890488 0.404972 0.825739
0 0.558140 0.585132 0.526063 0.585132 0.526063 0.763389 0.534884 0.763389 0.534884 0.613909 0.558140 0.613110
0 0.564555 0.215827 0.564555 0.247802 0.566961 0.247802 0.566961 0.215827
0 0.491580 0.215827 0.431435 0.215827 0.431435 0.247802 0.434643 0.248601 0.434643 0.404476 0.444266 0.404476 0.444266 0.248601 0.491580 0.247802
0 0.266239 0.048761 0.266239 0.124700 0.235766 0.125500 0.235766 0.922462 0.303929 0.922462 0.303929 0.891287 0.252606 0.890488 0.252606 0.660272 0.327185 0.659472 0.327185 0.645883 0.258220 0.645084 0.258220 0.540368 0.395349 0.540368 0.395349 0.645084 0.384122 0.645883 0.384122 0.659472 0.395349 0.660272 0.395349 0.760192 0.404972 0.760192 0.404972 0.536371 0.444266 0.535572 0.444266 0.470823 0.434643 0.470823 0.433841 0.525979 0.252606 0.525180 0.253408 0.509193 0.279872 0.509193 0.279872 0.489209 0.252606 0.488409 0.252606 0.248601 0.307939 0.247802 0.307939 0.215827 0.273456 0.215028 0.274258 0.055955 0.733761 0.056755 0.733761 0.215028 0.720128 0.215827 0.720128 0.247802 0.735365 0.248601 0.735365 0.890488 0.728949 0.891287 0.728949 0.922462 0.752205 0.922462 0.752205 0.048761
1 0.441059 0.891287 0.441059 0.922462 0.514836 0.922462 0.514836 0.891287
1 0.395349 0.760991 0.395349 0.824940 0.404972 0.824940 0.404972 0.760991
1 0.327987 0.645883 0.327987 0.659472 0.383320 0.659472 0.383320 0.645883
1 0.434643 0.405276 0.434643 0.470024 0.444266 0.470024 0.444266 0.405276
1 0.492382 0.215827 0.492382 0.247802 0.563753 0.247802 0.563753 0.215827
2 0.606255 0.891287 0.606255 0.922462 0.728148 0.922462 0.728148 0.891287
2 0.304731 0.891287 0.304731 0.922462 0.353649 0.922462 0.353649 0.891287
2 0.567763 0.215827 0.567763 0.247802 0.719326 0.247802 0.719326 0.215827
2 0.308741 0.215827 0.308741 0.247802 0.430634 0.247802 0.430634 0.215827
