0 0.823724 0.706294 0.823251 0.732867 0.848771 0.732867 0.848771 0.706294
0 0.183365 0.626573 0.183365 0.631702 0.199905 0.632168 0.199905 0.681585 0.187618 0.682051 0.187146 0.723077 0.204631 0.723543 0.204631 0.963170 0.211720 0.963170 0.211720 0.723543 0.223535 0.723077 0.223535 0.700233 0.204631 0.699767 0.204631 0.632168 0.223535 0.631702 0.223535 0.626573
0 0.275992 0.617249 0.275992 0.626107 0.268904 0.626573 0.268904 0.631702 0.275992 0.632168 0.275992 0.699767 0.268904 0.700233 0.268904 0.723077 0.283081 0.723543 0.283081 0.963636 0.290170 0.963636 0.290170 0.723543 0.293478 0.723077 0.293478 0.700233 0.280246 0.699767 0.280246 0.617249
0 0.624764 0.532867 0.624764 0.616783 0.575142 0.617249 0.575142 0.627972 0.620510 0.628438 0.620510 0.704429 0.617675 0.704895 0.617675 0.732867 0.756616 0.732867 0.756616 0.707226 0.660208 0.707226 0.659735 0.695571 0.631380 0.695105 0.631380 0.549650 0.663043 0.549184 0.663043 0.541725 0.631853 0.541725 0.631380 0.532867
0 0.275992 0.487646 0.275992 0.493706 0.280246 0.493706 0.280718 0.492308 0.345936 0.492308 0.345936 0.487646 0.284972 0.487646 0.284499 0.486247
0 0.823724 0.415851 0.823251 0.421911 0.810491 0.421911 0.810019 0.448485 0.724953 0.448485 0.724953 0.507692 0.729206 0.507692 0.729679 0.504429 0.783081 0.504429 0.783081 0.497436 0.729679 0.497436 0.729679 0.452681 0.823251 0.452681 0.823724 0.541259 0.729679 0.541725 0.729206 0.538928 0.724953 0.538928 0.724480 0.541725 0.709357 0.541725 0.709357 0.549184 0.823251 0.549184 0.823724 0.662471 0.848771 0.662471 0.848771 0.415851
0 0.411626 0.408858 0.388469 0.408858 0.387996 0.417249 0.372401 0.417249 0.371928 0.441492 0.279773 0.441492 0.279773 0.449417 0.284026 0.449417 0.284499 0.446620 0.388469 0.447086 0.387996 0.532867 0.280718 0.532867 0.280246 0.531469 0.275992 0.531469 0.275520 0.532867 0.275992 0.572960 0.280246 0.572960 0.280718 0.539860 0.388469 0.540326 0.388469 0.699767 0.338847 0.700233 0.338847 0.723077 0.411626 0.723077
0 0.388469 0.342657 0.388469 0.370629 0.411626 0.370629 0.411626 0.342657
0 0.266068 0.246154 0.266068 0.359441 0.270321 0.359441 0.270321 0.246154
0 0.598299 0.178555 0.598299 0.196737 0.599244 0.196737 0.599244 0.178555
0 0.159735 0.170163 0.159735 0.190676 0.161153 0.190676 0.161153 0.170163
0 0.642722 0.178555 0.642722 0.196737 0.670132 0.197203 0.670132 0.281585 0.666352 0.286247 0.670132 0.289044 0.671550 0.287179 0.708885 0.287179 0.708885 0.282051 0.675331 0.281585 0.675331 0.197203 0.704631 0.196737 0.704631 0.169231 0.679584 0.169231 0.679112 0.178555
0 0.244329 0.161305 0.244329 0.169697 0.240076 0.170163 0.240076 0.190676 0.267486 0.190676 0.267486 0.161305
0 0.388469 0.146387 0.388469 0.246620 0.411626 0.246620 0.411626 0.146387
0 0.522684 0.130070 0.522684 0.732867 0.542533 0.732867 0.542533 0.704895 0.531191 0.704429 0.531191 0.628438 0.537807 0.627972 0.537807 0.617249 0.531191 0.616783 0.531191 0.420979 0.624291 0.420513 0.624764 0.488112 0.631380 0.488112 0.631853 0.344522 0.627599 0.341725 0.625709 0.345455 0.598771 0.345455 0.598771 0.350583 0.626181 0.351049 0.625709 0.414452 0.531191 0.413986 0.531191 0.351049 0.555766 0.350583 0.555766 0.345455 0.531191 0.344988 0.531191 0.197203 0.553875 0.196737 0.553875 0.178555 0.545369 0.178089 0.545369 0.130070
0 0.087902 0.124942 0.087902 0.723077 0.141777 0.723077 0.141777 0.700233 0.096881 0.699767 0.096881 0.632168 0.138941 0.631702 0.138941 0.626573 0.096881 0.626107 0.096881 0.534732 0.185728 0.534266 0.186200 0.565967 0.190454 0.565967 0.190454 0.528671 0.096881 0.528205 0.096881 0.191142 0.117675 0.190676 0.117675 0.170163 0.111059 0.169697 0.111059 0.124942
0 0.777883 0.054545 0.777883 0.079254 0.823724 0.079720 0.823724 0.281585 0.751890 0.282051 0.751890 0.287179 0.823251 0.287179 0.823724 0.375291 0.848771 0.375291 0.848771 0.054545
0 0.679584 0.054545 0.679584 0.096037 0.704631 0.096037 0.705104 0.054545
0 0.522684 0.054545 0.522684 0.075524 0.545369 0.075524 0.545369 0.054545
0 0.087902 0.051282 0.087902 0.070396 0.111059 0.070396 0.110586 0.051282
0 0.338374 0.050816 0.338374 0.073660 0.411626 0.073193 0.411626 0.050816
0 0.244329 0.050816 0.244329 0.088112 0.267486 0.088112 0.266541 0.050816
1 0.224008 0.700233 0.224008 0.723077 0.268431 0.723077 0.268431 0.700233
1 0.224008 0.626573 0.224008 0.631702 0.268431 0.631702 0.268431 0.626573
1 0.139414 0.626573 0.139414 0.631702 0.182892 0.631702 0.182892 0.626573
1 0.538280 0.617249 0.538280 0.627972 0.574669 0.627972 0.574669 0.617249
1 0.275992 0.573427 0.275992 0.616783 0.280246 0.616783 0.280246 0.573427
1 0.663516 0.541725 0.663516 0.549184 0.708885 0.549184 0.708885 0.541725
1 0.724953 0.508159 0.724953 0.538462 0.729206 0.538462 0.729206 0.508159
1 0.275992 0.494172 0.275992 0.531002 0.280246 0.531002 0.280246 0.494172
1 0.624764 0.488578 0.624764 0.532401 0.631380 0.532401 0.631380 0.488578
1 0.279773 0.449883 0.280246 0.485781 0.284499 0.485781 0.284026 0.449883
1 0.556238 0.345455 0.556238 0.350583 0.598299 0.350583 0.598299 0.345455
1 0.665879 0.286247 0.627599 0.341259 0.631853 0.344056 0.669660 0.290443 0.670132 0.289510
1 0.709357 0.282051 0.709357 0.287179 0.751418 0.287179 0.751418 0.282051
1 0.554348 0.178555 0.554348 0.196737 0.597826 0.196737 0.597826 0.178555
1 0.118147 0.170163 0.118147 0.190676 0.159263 0.190676 0.159263 0.170163
1 0.679584 0.128671 0.679584 0.168765 0.704631 0.168765 0.704631 0.128671
1 0.244329 0.123543 0.244329 0.160839 0.267486 0.160839 0.267486 0.123543
2 0.757089 0.707226 0.757089 0.732867 0.822779 0.732867 0.822779 0.707226
2 0.543006 0.704895 0.543006 0.732867 0.617202 0.732867 0.617202 0.704895
2 0.293951 0.700233 0.293951 0.723077 0.338374 0.723077 0.338374 0.700233
2 0.142250 0.700233 0.142250 0.723077 0.186673 0.723077 0.186673 0.700233
2 0.823724 0.662937 0.823724 0.705828 0.848771 0.705828 0.848771 0.662937
2 0.823724 0.375758 0.823724 0.415385 0.848771 0.415385 0.848771 0.375758
2 0.388469 0.371096 0.388469 0.408392 0.411626 0.408392 0.411626 0.371096
2 0.388469 0.247086 0.388469 0.342191 0.411626 0.342191 0.411626 0.247086
2 0.599716 0.178555 0.599716 0.196737 0.642250 0.196737 0.642250 0.178555
2 0.161626 0.170163 0.161626 0.190676 0.239603 0.190676 0.239603 0.170163
2 0.679584 0.096503 0.679584 0.127739 0.704631 0.127739 0.704631 0.096503
2 0.244329 0.088578 0.244329 0.122145 0.267486 0.122145 0.267486 0.088578
2 0.522684 0.075991 0.522684 0.129604 0.545369 0.129604 0.545369 0.075991
2 0.388469 0.073660 0.388469 0.145921 0.411626 0.145921 0.411626 0.073660
2 0.087902 0.070862 0.087902 0.124476 0.111059 0.124476 0.111059 0.070862
2 0.705577 0.054545 0.705577 0.079254 0.777410 0.079254 0.777410 0.054545
2 0.545841 0.054545 0.545841 0.061538 0.679112 0.061538 0.679112 0.054545
2 0.267013 0.050816 0.267013 0.073660 0.337902 0.073660 0.337902 0.050816
2 0.243856 0.050816 0.111059 0.051282 0.111059 0.058275 0.243856 0.057809
