0 0.604624 0.857749 0.852023 0.857749 0.872254 0.816348 0.854335 0.785563 0.845087 0.803609 0.676301 0.803609 0.675723 0.687898 0.669364 0.687898 0.669364 0.845011 0.604624 0.846072
0 0.952601 0.622081 0.912139 0.622081 0.912139 0.651805 0.892486 0.692144 0.896532 0.700637 0.879769 0.734607 0.897688 0.766454 0.895376 0.770701 0.952601 0.656051
0 0.599422 0.605096 0.605780 0.605096 0.606358 0.537155 0.668786 0.537155 0.669364 0.609342 0.675723 0.609342 0.676301 0.469214 0.857225 0.469214 0.857225 0.458599 0.606358 0.458599 0.605780 0.455414 0.599422 0.455414
0 0.081503 0.406582 0.081503 0.541401 0.508671 0.541401 0.509249 0.831210 0.536994 0.831210 0.537572 0.857749 0.557803 0.857749 0.557803 0.846072 0.549711 0.845011 0.549711 0.812102 0.520231 0.811040 0.520231 0.519108 0.449133 0.519108 0.448555 0.461783 0.415029 0.461783 0.414451 0.458599 0.408092 0.458599 0.407514 0.519108 0.116763 0.519108 0.116185 0.406582
0 0.912139 0.375796 0.912139 0.457537 0.898266 0.458599 0.898266 0.469214 0.911561 0.469214 0.912139 0.492569 0.952601 0.492569 0.952601 0.375796
0 0.081503 0.063694 0.081503 0.197452 0.116185 0.197452 0.116763 0.128450 0.407514 0.128450 0.408092 0.369427 0.414451 0.369427 0.415029 0.365180 0.455491 0.365180 0.455491 0.353503 0.432370 0.353503 0.431792 0.334395 0.414451 0.333333 0.415029 0.128450 0.513873 0.129512 0.513873 0.352442 0.490751 0.353503 0.490751 0.365180 0.598844 0.365180 0.599422 0.368365 0.605780 0.368365 0.605780 0.248408 0.599422 0.248408 0.598844 0.353503 0.520231 0.352442 0.520809 0.128450 0.598844 0.128450 0.599422 0.178344 0.605780 0.178344 0.606358 0.128450 0.911561 0.128450 0.912139 0.220807 0.952601 0.220807 0.952601 0.063694
1 0.558382 0.846072 0.558382 0.857749 0.604046 0.857749 0.604046 0.846072
1 0.669364 0.610403 0.669364 0.686837 0.675723 0.686837 0.675723 0.610403
1 0.857803 0.458599 0.857803 0.469214 0.897688 0.469214 0.897688 0.458599
1 0.408092 0.370488 0.408092 0.457537 0.414451 0.457537 0.414451 0.370488
1 0.599422 0.369427 0.599422 0.454352 0.605780 0.454352 0.605780 0.369427
1 0.456069 0.353503 0.456069 0.365180 0.490173 0.365180 0.490173 0.353503
1 0.599422 0.179406 0.599422 0.247346 0.605780 0.247346 0.605780 0.179406
2 0.879191 0.735669 0.854335 0.784501 0.872832 0.816348 0.897110 0.766454
2 0.912139 0.493631 0.912139 0.621019 0.952601 0.621019 0.952601 0.493631
2 0.912139 0.221868 0.912139 0.374735 0.952601 0.374735 0.952601 0.221868
2 0.081503 0.198514 0.081503 0.405520 0.116185 0.405520 0.116185 0.198514
