0 0.318378 0.282772 0.301984 0.300562 0.327869 0.328652 0.344262 0.310861
0 0.873167 0.178839 0.873167 0.211610 0.940466 0.212547 0.940466 0.559925 0.714409 0.560861 0.713546 0.502809 0.704055 0.502809 0.704055 0.674157 0.708369 0.677903 0.714409 0.671348 0.714409 0.573034 0.891286 0.573034 0.892148 0.602996 0.939603 0.602996 0.940466 0.734082 0.865401 0.735019 0.865401 0.749064 0.933563 0.750000 0.932701 0.866105 0.811044 0.866105 0.810181 0.750000 0.811907 0.749064 0.811907 0.735019 0.771355 0.735019 0.764452 0.727528 0.756687 0.734082 0.767041 0.745318 0.797239 0.746255 0.797239 0.874532 0.793788 0.875468 0.793788 0.897004 0.962036 0.897004 0.962036 0.178839
0 0.641070 0.178839 0.641070 0.211610 0.704055 0.212547 0.704055 0.426030 0.713546 0.426030 0.713546 0.212547 0.732528 0.211610 0.732528 0.178839
0 0.245902 0.023408 0.044866 0.244382 0.650561 0.897004 0.715272 0.897004 0.715272 0.875468 0.658326 0.875468 0.550475 0.759363 0.609146 0.696629 0.602243 0.689139 0.543572 0.751873 0.508197 0.713483 0.545298 0.674157 0.520276 0.647940 0.483175 0.687266 0.238136 0.423221 0.261432 0.397940 0.236411 0.369850 0.211389 0.394195 0.064711 0.235955 0.245902 0.036517 0.397757 0.198502 0.370147 0.228464 0.395168 0.256554 0.439172 0.211610 0.500431 0.211610 0.500431 0.178839 0.416739 0.178839 0.403796 0.191948
1 0.716135 0.875468 0.716135 0.897004 0.792925 0.897004 0.792925 0.875468
1 0.812770 0.735019 0.812770 0.749064 0.864538 0.749064 0.864538 0.735019
1 0.715272 0.671348 0.708369 0.678839 0.756687 0.733146 0.763589 0.726592
1 0.704055 0.426966 0.704055 0.501873 0.713546 0.501873 0.713546 0.426966
1 0.369284 0.228464 0.319241 0.281835 0.345125 0.310861 0.395168 0.257491
2 0.301122 0.300562 0.236411 0.368914 0.262295 0.397940 0.327006 0.329588
2 0.733391 0.178839 0.733391 0.211610 0.872304 0.211610 0.872304 0.178839
2 0.501294 0.178839 0.501294 0.211610 0.640207 0.211610 0.640207 0.178839
