0 0.636819 0.890215 0.636819 0.908115 0.970630 0.908115 0.970630 0.847255 0.947708 0.847255 0.946991 0.890215 0.651146 0.890215 0.650430 0.794749 0.644699 0.794749 0.644699 0.889021
0 0.575931 0.908115 0.575931 0.890215 0.534384 0.889021 0.534384 0.704057 0.484957 0.704057 0.484957 0.713604 0.528653 0.714797 0.527937 0.855609 0.449140 0.854415 0.449140 0.704057 0.434097 0.704057 0.433381 0.682578 0.427650 0.682578 0.426934 0.855609 0.136819 0.855609 0.136103 0.775656 0.121060 0.775656 0.121060 0.873508 0.522923 0.873508 0.523639 0.908115
0 0.970630 0.564439 0.947708 0.564439 0.946991 0.612172 0.859599 0.612172 0.858883 0.492840 0.831662 0.491647 0.830946 0.612172 0.651146 0.612172 0.650430 0.522673 0.644699 0.522673 0.644699 0.700477 0.650430 0.700477 0.651146 0.621718 0.946991 0.621718 0.947708 0.664678 0.970630 0.664678
0 0.125358 0.391408 0.125358 0.400955 0.136103 0.400955 0.136103 0.391408
0 0.970630 0.354415 0.947708 0.354415 0.946991 0.417661 0.644699 0.417661 0.644699 0.439141 0.650430 0.439141 0.651146 0.436754 0.830946 0.436754 0.831662 0.439141 0.837393 0.439141 0.838109 0.436754 0.946991 0.436754 0.947708 0.476134 0.970630 0.476134
0 0.013610 0.523866 0.120344 0.523866 0.121060 0.576372 0.136103 0.576372 0.136819 0.523866 0.426934 0.523866 0.427650 0.594272 0.433381 0.594272 0.434097 0.523866 0.527937 0.523866 0.528653 0.596659 0.534384 0.596659 0.534384 0.504773 0.136819 0.504773 0.136103 0.497613 0.125358 0.497613 0.124642 0.504773 0.018625 0.504773 0.018625 0.058473 0.124642 0.058473 0.125358 0.113365 0.136103 0.113365 0.136819 0.058473 0.522923 0.058473 0.523639 0.318616 0.553725 0.318616 0.553725 0.307876 0.530086 0.306683 0.530086 0.059666 0.642550 0.058473 0.643266 0.306683 0.601003 0.307876 0.601003 0.318616 0.649713 0.318616 0.650430 0.058473 0.946991 0.058473 0.947708 0.151551 0.970630 0.151551 0.970630 0.015513 0.125358 0.015513 0.124642 0.040573 0.013610 0.040573
1 0.576648 0.890215 0.576648 0.908115 0.636103 0.908115 0.636103 0.890215
1 0.449857 0.704057 0.449857 0.713604 0.484241 0.713604 0.484241 0.704057
1 0.644699 0.701671 0.644699 0.793556 0.650430 0.793556 0.650430 0.701671
1 0.427650 0.595465 0.427650 0.681384 0.433381 0.681384 0.433381 0.595465
1 0.831662 0.440334 0.831662 0.490453 0.837393 0.490453 0.837393 0.440334
1 0.644699 0.440334 0.644699 0.521480 0.650430 0.521480 0.650430 0.440334
1 0.125358 0.402148 0.125358 0.496420 0.136103 0.496420 0.136103 0.402148
1 0.554441 0.307876 0.554441 0.318616 0.600287 0.318616 0.600287 0.307876
2 0.947708 0.665871 0.947708 0.846062 0.970630 0.846062 0.970630 0.665871
2 0.121060 0.577566 0.121060 0.774463 0.136103 0.774463 0.136103 0.577566
2 0.947708 0.477327 0.947708 0.563246 0.970630 0.563246 0.970630 0.477327
2 0.947708 0.152745 0.947708 0.353222 0.970630 0.353222 0.970630 0.152745
2 0.125358 0.114558 0.125358 0.390215 0.136103 0.390215 0.136103 0.114558
