0 0.018193 0.581576 0.018193 0.681465 0.471142 0.681465 0.471769 0.897891 0.501255 0.897891 0.501255 0.881243 0.481179 0.880133 0.481179 0.459489 0.474279 0.459489 0.474279 0.468368 0.476161 0.469478 0.475533 0.664817 0.427227 0.664817 0.426600 0.604883 0.408407 0.603774 0.408407 0.469478 0.434755 0.468368 0.434755 0.459489 0.399624 0.459489 0.399624 0.468368 0.403388 0.469478 0.402760 0.664817 0.328105 0.663707 0.328105 0.469478 0.359473 0.468368 0.359473 0.459489 0.292974 0.459489 0.292346 0.451720 0.287327 0.451720 0.287327 0.468368 0.323087 0.469478 0.322459 0.664817 0.037014 0.664817 0.036386 0.581576
0 0.846926 0.415094 0.846926 0.429523 0.863864 0.429523 0.863864 0.415094
0 0.018193 0.263041 0.018193 0.419534 0.036386 0.419534 0.037014 0.361820 0.286700 0.361820 0.287327 0.365150 0.292346 0.365150 0.292346 0.348502 0.287327 0.348502 0.286700 0.352941 0.037014 0.352941 0.036386 0.263041
0 0.561481 0.249723 0.561481 0.258602 0.567127 0.259711 0.567127 0.310766 0.713300 0.310766 0.713300 0.301887 0.572773 0.301887 0.572146 0.235294 0.567127 0.235294 0.567127 0.248613
0 0.996236 0.328524 0.959849 0.268590 0.959849 0.263041 0.864492 0.263041 0.863864 0.230855 0.846926 0.230855 0.846926 0.327414 0.863864 0.327414 0.864492 0.279689 0.957340 0.279689 0.991844 0.337403 0.991844 0.638180 0.984944 0.645949 0.864492 0.645949 0.863864 0.618202 0.846926 0.618202 0.846299 0.704772 0.574028 0.704772 0.573400 0.461709 0.567127 0.461709 0.567127 0.721421 0.611669 0.722531 0.611669 0.880133 0.560853 0.881243 0.560853 0.897891 0.621079 0.897891 0.621706 0.721421 0.863864 0.721421 0.864492 0.654828 0.986826 0.654828 0.995609 0.647059
0 0.018193 0.035516 0.018193 0.100999 0.036386 0.100999 0.037014 0.052164 0.286700 0.052164 0.287327 0.260821 0.292346 0.260821 0.292974 0.258602 0.421581 0.258602 0.421581 0.249723 0.385822 0.249723 0.385194 0.240844 0.379548 0.240844 0.378921 0.244173 0.294856 0.244173 0.294856 0.055494 0.378921 0.055494 0.379548 0.177580 0.385194 0.177580 0.385822 0.052164 0.483061 0.052164 0.483689 0.118757 0.507528 0.119867 0.507528 0.248613 0.468005 0.249723 0.468005 0.258602 0.515056 0.258602 0.515056 0.249723 0.512547 0.248613 0.513174 0.052164 0.846299 0.052164 0.846926 0.095450 0.863864 0.095450 0.863864 0.035516
1 0.501882 0.881243 0.501882 0.897891 0.560226 0.897891 0.560226 0.881243
1 0.435383 0.459489 0.435383 0.468368 0.473651 0.468368 0.473651 0.459489
1 0.360100 0.459489 0.360100 0.468368 0.398996 0.468368 0.398996 0.459489
1 0.287327 0.366260 0.287327 0.450610 0.292346 0.450610 0.292346 0.366260
1 0.846926 0.328524 0.846926 0.413984 0.863864 0.413984 0.863864 0.328524
1 0.287327 0.261931 0.287327 0.347392 0.292346 0.347392 0.292346 0.261931
1 0.515684 0.249723 0.515684 0.258602 0.560853 0.258602 0.560853 0.249723
1 0.422208 0.249723 0.422208 0.258602 0.467378 0.258602 0.467378 0.249723
1 0.379548 0.178690 0.379548 0.239734 0.385194 0.239734 0.385194 0.178690
2 0.846926 0.430633 0.846926 0.617092 0.863864 0.617092 0.863864 0.430633
2 0.018193 0.420644 0.018193 0.580466 0.036386 0.580466 0.036386 0.420644
2 0.018193 0.102109 0.018193 0.261931 0.036386 0.261931 0.036386 0.102109
2 0.846926 0.096559 0.846926 0.229745 0.863864 0.229745 0.863864 0.096559
