0 0.243672 0.838917 0.228784 0.838917 0.228288 0.868852 0.201489 0.868852 0.201489 0.890235 0.243672 0.890235
0 0.662531 0.778332 0.659553 0.781183 0.659553 0.805417 0.667990 0.805417 0.672953 0.797577 0.660546 0.781183
0 0.571216 0.776194 0.572705 0.778332 0.559801 0.794013 0.566253 0.805417 0.574194 0.805417 0.574194 0.781183
0 0.682382 0.747684 0.694293 0.764077 0.742928 0.763364 0.742928 0.740556 0.722084 0.739843 0.722084 0.694939 0.716129 0.694939 0.715633 0.740556 0.686849 0.740556
0 0.510670 0.622238 0.504715 0.622238 0.504218 0.666429 0.469975 0.666429 0.469975 0.674982 0.504715 0.675695 0.504715 0.736992 0.469975 0.737705 0.469975 0.760513 0.472457 0.761226 0.472457 0.769779 0.485360 0.769779 0.485856 0.760513 0.539950 0.761226 0.552854 0.745545 0.547891 0.737705 0.510670 0.736992
0 0.922581 0.551675 0.903226 0.551675 0.902730 0.610121 0.862531 0.610121 0.862531 0.617962 0.906203 0.618674 0.906203 0.739843 0.861538 0.740556 0.861042 0.694227 0.856079 0.694227 0.856079 0.739843 0.808933 0.740556 0.808933 0.763364 0.922581 0.763364
0 0.505707 0.565217 0.510670 0.565217 0.511166 0.522452 0.660050 0.522452 0.660050 0.513899 0.505707 0.513899
0 0.380149 0.512473 0.380149 0.736992 0.366749 0.737705 0.366749 0.760513 0.404963 0.760513 0.405459 0.770492 0.418362 0.770492 0.419355 0.737705 0.386104 0.736992 0.386104 0.675695 0.419355 0.674982 0.419355 0.666429 0.386104 0.665716 0.386104 0.512473
0 0.716625 0.423378 0.716129 0.630078 0.722084 0.630078 0.722581 0.588738 0.811911 0.588738 0.811911 0.617962 0.819355 0.617962 0.819355 0.610121 0.817370 0.609408 0.817866 0.521739 0.811911 0.521739 0.811414 0.523877 0.808933 0.523877 0.808437 0.575909 0.725062 0.575196 0.725062 0.469708 0.817866 0.468995 0.818362 0.466144 0.822333 0.466144 0.822333 0.456878 0.764268 0.456878 0.763772 0.436921 0.724069 0.436921 0.723573 0.423378
0 0.806452 0.235210 0.806452 0.258019 0.814392 0.258019 0.814392 0.235210
0 0.693797 0.206700 0.698759 0.215253 0.716129 0.215966 0.716129 0.257306 0.760794 0.258019 0.760794 0.235210 0.734491 0.234498 0.734491 0.192445 0.705707 0.192445
0 0.547891 0.189594 0.474938 0.189594 0.474938 0.213828 0.505211 0.214540 0.505211 0.311475 0.447643 0.312188 0.447146 0.280114 0.441191 0.280114 0.441191 0.426942 0.437221 0.427655 0.437221 0.436921 0.455583 0.436921 0.455583 0.427655 0.447146 0.426942 0.447643 0.320029 0.505211 0.320741 0.505211 0.426942 0.496774 0.427655 0.496774 0.436921 0.511166 0.436921 0.511166 0.214540 0.553846 0.213828 0.559305 0.203849
0 0.414888 0.189594 0.414888 0.213828 0.440695 0.213828 0.441191 0.218817 0.447146 0.218817 0.447146 0.214540 0.448635 0.213828 0.448635 0.189594
0 0.177667 0.189594 0.177667 0.213828 0.179156 0.213828 0.179156 0.189594
0 0.334988 0.189594 0.224814 0.189594 0.224814 0.213828 0.228784 0.214540 0.228288 0.428368 0.064516 0.428368 0.064020 0.214540 0.143921 0.213828 0.143921 0.189594 0.048139 0.189594 0.048139 0.449751 0.064020 0.450463 0.064020 0.533856 0.048139 0.534569 0.047643 0.890235 0.090323 0.890235 0.090323 0.868852 0.063524 0.868140 0.063524 0.541696 0.064516 0.436921 0.228784 0.437634 0.228784 0.776194 0.243672 0.776194 0.244169 0.760513 0.285360 0.760513 0.285360 0.737705 0.244665 0.736992 0.244665 0.436921 0.379653 0.436208 0.380149 0.442623 0.386104 0.442623 0.386600 0.436921 0.391067 0.436921 0.391067 0.427655 0.244665 0.426942 0.244665 0.214540 0.334988 0.213828
0 0.680397 0.148967 0.672457 0.148967 0.672457 0.171775 0.684864 0.157520
0 0.572208 0.148967 0.567246 0.157520 0.579156 0.171775 0.579156 0.148967
0 0.922581 0.148254 0.908189 0.148254 0.908189 0.234498 0.879901 0.235210 0.879901 0.258019 0.907196 0.258731 0.907196 0.456165 0.862531 0.456878 0.862531 0.466144 0.902730 0.466144 0.903226 0.469708 0.922581 0.469708
1 0.090819 0.868852 0.090819 0.890235 0.200993 0.890235 0.200993 0.868852
1 0.228784 0.776907 0.228784 0.838204 0.243672 0.838204 0.243672 0.776907
1 0.419851 0.737705 0.419851 0.760513 0.469479 0.760513 0.469479 0.737705
1 0.419851 0.666429 0.419851 0.674982 0.469479 0.674982 0.469479 0.666429
1 0.716129 0.630791 0.716129 0.694227 0.722084 0.694227 0.722084 0.630791
1 0.819851 0.610121 0.819851 0.617962 0.862035 0.617962 0.862035 0.610121
1 0.811911 0.469708 0.811911 0.521026 0.817866 0.521026 0.817866 0.469708
1 0.822829 0.456878 0.822829 0.466144 0.862035 0.466144 0.862035 0.456878
1 0.380149 0.443336 0.380149 0.511761 0.386104 0.511761 0.386104 0.443336
1 0.456079 0.427655 0.456079 0.436921 0.496278 0.436921 0.496278 0.427655
1 0.391563 0.427655 0.391563 0.436921 0.436725 0.436921 0.436725 0.427655
1 0.716129 0.258019 0.716625 0.422666 0.723573 0.422666 0.723077 0.258019
1 0.761290 0.235210 0.761290 0.258019 0.805955 0.258019 0.805955 0.235210
1 0.441191 0.219530 0.441191 0.279401 0.447146 0.279401 0.447146 0.219530
1 0.179653 0.189594 0.179653 0.213828 0.224318 0.213828 0.224318 0.189594
2 0.574690 0.781183 0.574690 0.805417 0.659057 0.805417 0.659057 0.781183
2 0.681886 0.747684 0.661042 0.781183 0.673449 0.797577 0.694293 0.764790
2 0.552854 0.746258 0.539950 0.761939 0.559305 0.794013 0.572208 0.778332
2 0.743424 0.740556 0.743424 0.763364 0.808437 0.763364 0.808437 0.740556
2 0.285856 0.737705 0.285856 0.760513 0.366253 0.760513 0.366253 0.737705
2 0.903226 0.470421 0.903226 0.550962 0.922581 0.550962 0.922581 0.470421
2 0.047643 0.450463 0.047643 0.533856 0.063524 0.533856 0.063524 0.450463
2 0.814888 0.235210 0.814888 0.258019 0.879404 0.258019 0.879404 0.235210
2 0.449132 0.189594 0.449132 0.213828 0.474442 0.213828 0.474442 0.189594
2 0.335484 0.189594 0.335484 0.213828 0.414392 0.213828 0.414392 0.189594
2 0.144417 0.189594 0.144417 0.213828 0.177171 0.213828 0.177171 0.189594
2 0.685360 0.157520 0.673449 0.172488 0.693300 0.206700 0.705707 0.191732
2 0.566749 0.157520 0.547891 0.188881 0.559801 0.203849 0.578660 0.172488
2 0.579653 0.148967 0.579653 0.171775 0.671960 0.171775 0.671960 0.148967
