0 0.590113 0.845749 0.571576 0.845749 0.570546 0.964067 0.071061 0.964067 0.070031 0.900088 0.048404 0.900088 0.048404 0.977213 0.584964 0.977213 0.584964 0.859772 0.590113 0.858896
0 0.565396 0.783523 0.565396 0.787029 0.571576 0.787029 0.571576 0.783523
0 0.048404 0.629273 0.048404 0.764242 0.070031 0.764242 0.071061 0.705521 0.564367 0.705521 0.565396 0.711656 0.571576 0.711656 0.571576 0.692375 0.071061 0.692375 0.070031 0.629273
0 0.511843 0.511832 0.511843 0.517090 0.519053 0.517090 0.519053 0.511832
0 0.633368 0.422436 0.633368 0.437336 0.712667 0.437336 0.713697 0.445223 0.719876 0.445223 0.720906 0.437336 0.760041 0.437336 0.760041 0.422436
0 0.169928 0.290973 0.169928 0.296231 0.192585 0.296231 0.192585 0.290973
0 0.963955 0.031551 0.903193 0.031551 0.903193 0.056968 0.948507 0.057844 0.948507 0.512708 0.720906 0.513585 0.719876 0.510079 0.713697 0.510079 0.713697 0.579316 0.719876 0.579316 0.720906 0.520596 0.885685 0.520596 0.886715 0.575811 0.948507 0.576687 0.948507 0.703769 0.720906 0.704645 0.719876 0.642419 0.713697 0.642419 0.713697 0.751972 0.719876 0.751972 0.720906 0.710780 0.834192 0.710780 0.835221 0.743208 0.871267 0.744084 0.871267 0.844873 0.720906 0.845749 0.719876 0.806310 0.713697 0.806310 0.713697 0.844873 0.678682 0.845749 0.678682 0.858896 0.886715 0.858896 0.886715 0.713409 0.963955 0.712533
0 0.048404 0.496933 0.070031 0.496933 0.071061 0.437336 0.510814 0.437336 0.511843 0.441718 0.519053 0.441718 0.520082 0.437336 0.535530 0.437336 0.535530 0.422436 0.193615 0.422436 0.192585 0.366345 0.169928 0.366345 0.168898 0.398773 0.048404 0.398773 0.047374 0.402279 0.017508 0.402279 0.017508 0.037686 0.047374 0.037686 0.048404 0.041192 0.168898 0.041192 0.169928 0.107800 0.192585 0.107800 0.193615 0.056968 0.743563 0.056968 0.743563 0.031551 0.009269 0.031551 0.009269 0.408414 0.048404 0.409290
1 0.591143 0.845749 0.591143 0.858896 0.677652 0.858896 0.677652 0.845749
1 0.713697 0.752848 0.713697 0.805434 0.719876 0.805434 0.719876 0.752848
1 0.565396 0.712533 0.565396 0.782647 0.571576 0.782647 0.571576 0.712533
1 0.713697 0.580193 0.713697 0.641543 0.719876 0.641543 0.719876 0.580193
1 0.713697 0.446100 0.713697 0.509202 0.719876 0.509202 0.719876 0.446100
1 0.511843 0.442594 0.511843 0.510955 0.519053 0.510955 0.519053 0.442594
1 0.536560 0.422436 0.536560 0.437336 0.632338 0.437336 0.632338 0.422436
1 0.169928 0.297108 0.169928 0.365469 0.192585 0.365469 0.192585 0.297108
2 0.048404 0.765118 0.048404 0.899211 0.070031 0.899211 0.070031 0.765118
2 0.048404 0.497809 0.048404 0.628396 0.070031 0.628396 0.070031 0.497809
2 0.169928 0.108677 0.169928 0.290096 0.192585 0.290096 0.192585 0.108677
2 0.744593 0.031551 0.744593 0.056968 0.902163 0.056968 0.902163 0.031551
