0 0.464559 0.715420 0.464559 0.852608 0.345785 0.853175 0.345785 0.865646 0.468391 0.865646 0.469349 0.931406 0.474138 0.931406 0.474138 0.866213 0.489464 0.865646 0.489464 0.853175 0.473180 0.852608 0.473180 0.783447 0.488506 0.782880 0.488506 0.777778 0.473180 0.777211 0.473180 0.715420
0 0.649425 0.679705 0.640805 0.679705 0.640805 0.777211 0.575670 0.777778 0.575670 0.782880 0.582375 0.783447 0.582375 0.852608 0.577586 0.853175 0.577586 0.865646 0.647510 0.865646 0.647510 0.853175 0.590996 0.852608 0.590996 0.783447 0.649425 0.782880
0 0.729885 0.282313 0.681034 0.282313 0.681992 0.388889 0.574713 0.389456 0.574713 0.392290 0.569923 0.392857 0.569923 0.399660 0.688697 0.400227 0.688697 0.520408 0.614943 0.520975 0.614943 0.526077 0.639847 0.526077 0.640805 0.528912 0.649425 0.528912 0.650383 0.526077 0.697318 0.526077 0.697318 0.295351 0.729885 0.294785
0 0.416667 0.282313 0.416667 0.294785 0.455939 0.295351 0.455939 0.526077 0.532567 0.526077 0.532567 0.520975 0.464559 0.520408 0.464559 0.400227 0.506705 0.399660 0.506705 0.392857 0.502874 0.392290 0.502874 0.389456 0.473180 0.388889 0.473180 0.295351 0.620690 0.294785 0.620690 0.282313
0 0.323755 0.282313 0.323755 0.294785 0.338123 0.294785 0.338123 0.282313
0 0.948276 0.104308 0.939655 0.104308 0.939655 0.281746 0.907088 0.282313 0.907088 0.294785 0.938697 0.295351 0.938697 0.624150 0.650383 0.624717 0.649425 0.581633 0.640805 0.581633 0.640805 0.632086 0.649425 0.632086 0.650383 0.629819 0.938697 0.630385 0.938697 0.852608 0.799808 0.853175 0.799808 0.865646 0.959770 0.865646 0.959770 0.282313 0.948276 0.281746
0 0.090038 0.104308 0.090038 0.865646 0.196360 0.865646 0.196360 0.853175 0.111111 0.852608 0.111111 0.664399 0.201149 0.663832 0.201149 0.658730 0.111111 0.658163 0.111111 0.595238 0.311303 0.594671 0.312261 0.658163 0.270115 0.658730 0.270115 0.663832 0.463602 0.663832 0.464559 0.667234 0.473180 0.667234 0.473180 0.657596 0.464559 0.657596 0.463602 0.658730 0.320881 0.658163 0.321839 0.594671 0.463602 0.594671 0.464559 0.616213 0.473180 0.616213 0.473180 0.589569 0.111111 0.589002 0.111111 0.295351 0.145594 0.294785 0.145594 0.282313 0.098659 0.281746 0.098659 0.104308
1 0.490421 0.853175 0.490421 0.865646 0.576628 0.865646 0.576628 0.853175
1 0.489464 0.777778 0.489464 0.782880 0.574713 0.782880 0.574713 0.777778
1 0.464559 0.667800 0.464559 0.714853 0.473180 0.714853 0.473180 0.667800
1 0.202107 0.658730 0.202107 0.663832 0.269157 0.663832 0.269157 0.658730
1 0.640805 0.632653 0.640805 0.679138 0.649425 0.679138 0.649425 0.632653
1 0.464559 0.616780 0.464559 0.657029 0.473180 0.657029 0.473180 0.616780
1 0.640805 0.529478 0.640805 0.581066 0.649425 0.581066 0.649425 0.529478
1 0.533525 0.520975 0.533525 0.526077 0.613985 0.526077 0.613985 0.520975
1 0.507663 0.392857 0.507663 0.399660 0.568966 0.399660 0.568966 0.392857
1 0.339080 0.282313 0.339080 0.294785 0.415709 0.294785 0.415709 0.282313
2 0.648467 0.853175 0.648467 0.865646 0.798851 0.865646 0.798851 0.853175
2 0.197318 0.853175 0.197318 0.865646 0.344828 0.865646 0.344828 0.853175
2 0.730843 0.282313 0.730843 0.294785 0.906130 0.294785 0.906130 0.282313
2 0.621648 0.282313 0.621648 0.294785 0.680077 0.294785 0.680077 0.282313
2 0.146552 0.282313 0.146552 0.294785 0.322797 0.294785 0.322797 0.282313
