0 0.733300 0.767223 0.733300 0.783925 0.739781 0.783925 0.739781 0.767223
0 0.099701 0.715031 0.099701 0.781315 0.110169 0.781837 0.110169 0.875261 0.331007 0.875261 0.331007 0.868998 0.116650 0.868998 0.116152 0.781837 0.213858 0.781315 0.213858 0.763570 0.116152 0.763570 0.115653 0.715031
0 0.284148 0.637787 0.284148 0.763048 0.259721 0.763570 0.259721 0.781315 0.325025 0.781315 0.325523 0.822025 0.331007 0.822025 0.331007 0.781837 0.342971 0.781315 0.342971 0.763570 0.289133 0.763048 0.289133 0.637787
0 0.099701 0.595511 0.099701 0.681628 0.115653 0.681628 0.115653 0.623695 0.128614 0.623173 0.128614 0.617432 0.115653 0.616910 0.115653 0.595511
0 0.099701 0.479645 0.099701 0.562109 0.115653 0.562109 0.116152 0.538622 0.210369 0.538622 0.210867 0.600731 0.190927 0.617432 0.165005 0.617432 0.165005 0.623173 0.192921 0.623173 0.216351 0.603862 0.216351 0.475470 0.210867 0.475470 0.210369 0.533403 0.116152 0.533403 0.115653 0.479645
0 0.472582 0.416493 0.456630 0.416493 0.456132 0.528706 0.326520 0.528706 0.326022 0.520355 0.306082 0.520355 0.306082 0.561587 0.326022 0.561587 0.326520 0.533925 0.456630 0.534447 0.456630 0.763048 0.404287 0.763570 0.404287 0.781315 0.472582 0.781315
0 0.099701 0.351775 0.099701 0.446764 0.115653 0.446764 0.116152 0.390919 0.210369 0.390919 0.210867 0.432672 0.216351 0.432672 0.216351 0.385699 0.116152 0.385699 0.115653 0.351775
0 0.760718 0.184238 0.760718 0.200939 0.829013 0.201461 0.829013 0.474426 0.749751 0.474948 0.749751 0.479645 0.829013 0.480167 0.828514 0.531315 0.749751 0.531315 0.749751 0.565240 0.769691 0.565240 0.770189 0.536013 0.829013 0.536534 0.829013 0.766701 0.771186 0.767223 0.771186 0.783925 0.915254 0.783925 0.915254 0.184238
0 0.543868 0.184238 0.543868 0.783925 0.595214 0.784447 0.595214 0.879436 0.748754 0.879436 0.748754 0.783925 0.742772 0.783925 0.742273 0.873173 0.601196 0.872651 0.601695 0.783925 0.692423 0.783925 0.692423 0.767223 0.630608 0.766701 0.630608 0.201461 0.699900 0.200939 0.699900 0.184238
0 0.408275 0.181106 0.408275 0.197808 0.456630 0.198330 0.456630 0.350731 0.472582 0.350731 0.472582 0.181106
0 0.099701 0.287578 0.115653 0.287578 0.116152 0.197808 0.283151 0.197808 0.283649 0.340292 0.288634 0.340292 0.288634 0.198330 0.346461 0.197808 0.346461 0.181106 0.099701 0.181106
1 0.692921 0.767223 0.692921 0.783925 0.732802 0.783925 0.732802 0.767223
1 0.214357 0.763570 0.214357 0.781315 0.259222 0.781315 0.259222 0.763570
1 0.129113 0.617432 0.129113 0.623173 0.164506 0.623173 0.164506 0.617432
1 0.210867 0.433194 0.210867 0.474948 0.216351 0.474948 0.216351 0.433194
2 0.740279 0.767223 0.740279 0.783925 0.770688 0.783925 0.770688 0.767223
2 0.343470 0.763570 0.343470 0.781315 0.403789 0.781315 0.403789 0.763570
2 0.099701 0.682150 0.099701 0.714509 0.115653 0.714509 0.115653 0.682150
2 0.099701 0.562630 0.099701 0.594990 0.115653 0.594990 0.115653 0.562630
2 0.099701 0.447286 0.099701 0.479123 0.115653 0.479123 0.115653 0.447286
2 0.456630 0.351253 0.456630 0.415971 0.472582 0.415971 0.472582 0.351253
2 0.099701 0.288100 0.099701 0.351253 0.115653 0.351253 0.115653 0.288100
2 0.700399 0.184238 0.700399 0.200939 0.760219 0.200939 0.760219 0.184238
2 0.346959 0.181106 0.346959 0.197808 0.407777 0.197808 0.407777 0.181106
