0 0.423259 0.998527 0.357595 0.997054 0.357595 0.726068 0.350475 0.726068 0.349684 0.964654 0.186709 0.964654 0.185918 0.998527 0.021361 0.998527 0.020570 0.917526 0.003165 0.917526 0.003165 0.998527
0 0.357595 0.486009 0.350475 0.486009 0.349684 0.584683 0.021361 0.584683 0.020570 0.491900 0.003165 0.491900 0.003165 0.603829 0.020570 0.603829 0.021361 0.600884 0.349684 0.600884 0.350475 0.609720 0.357595 0.609720
0 0.863924 0.430044 0.863924 0.441826 0.875791 0.441826 0.875791 0.430044
0 0.003165 0.425626 0.003165 0.428571 0.020570 0.428571 0.020570 0.425626
0 0.003165 0.010309 0.003165 0.125184 0.020570 0.125184 0.021361 0.027982 0.349684 0.027982 0.350475 0.363770 0.357595 0.363770 0.358386 0.356406 0.422468 0.356406 0.422468 0.344624 0.356804 0.343152 0.357595 0.027982 0.476266 0.029455 0.476266 0.123711 0.488133 0.125184 0.488133 0.343152 0.469937 0.344624 0.469937 0.356406 0.492880 0.356406 0.493671 0.123711 0.500000 0.125184 0.500000 0.356406 0.503165 0.356406 0.503956 0.027982 0.863133 0.027982 0.863924 0.035346 0.875791 0.035346 0.876582 0.027982 0.978639 0.029455 0.978639 0.565538 0.876582 0.567010 0.875791 0.562592 0.863924 0.562592 0.863133 0.571429 0.852848 0.571429 0.852057 0.590574 0.492089 0.590574 0.492089 0.997054 0.488924 0.998527 0.501582 0.998527 0.502373 0.608247 0.984968 0.608247 0.984968 0.010309
1 0.350475 0.611193 0.350475 0.724595 0.357595 0.724595 0.357595 0.611193
1 0.863924 0.443299 0.863924 0.561119 0.875791 0.561119 0.875791 0.443299
1 0.350475 0.365243 0.350475 0.484536 0.357595 0.484536 0.357595 0.365243
1 0.500000 0.357879 0.500000 0.589102 0.503165 0.589102 0.503165 0.357879
1 0.423259 0.344624 0.423259 0.356406 0.469146 0.356406 0.469146 0.344624
2 0.003165 0.605302 0.003165 0.916053 0.020570 0.916053 0.020570 0.605302
2 0.003165 0.430044 0.003165 0.490427 0.020570 0.490427 0.020570 0.430044
2 0.003165 0.126657 0.003165 0.424153 0.020570 0.424153 0.020570 0.126657
2 0.863924 0.036819 0.863924 0.428571 0.875791 0.428571 0.875791 0.036819
