0 0.944268 0.840406 0.925955 0.840406 0.925159 0.880996 0.800159 0.880996 0.799363 0.810886 0.789809 0.810886 0.789013 0.880996 0.582803 0.880996 0.582803 0.902214 0.944268 0.902214
0 0.626592 0.541513 0.626592 0.749077 0.671178 0.749077 0.671178 0.737085 0.636943 0.736162 0.637739 0.648524 0.683917 0.648524 0.684713 0.673432 0.719745 0.673432 0.720541 0.648524 0.748408 0.648524 0.749204 0.736162 0.714172 0.737085 0.714172 0.749077 0.789013 0.749077 0.789809 0.760148 0.799363 0.760148 0.799363 0.737085 0.759554 0.736162 0.759554 0.682657 0.794586 0.681734 0.795382 0.648524 0.906051 0.648524 0.906847 0.681734 0.925159 0.681734 0.925955 0.689114 0.944268 0.689114 0.944268 0.570111 0.925955 0.570111 0.925159 0.636531 0.637739 0.636531 0.636943 0.541513
0 0.944268 0.290590 0.925955 0.290590 0.925159 0.352399 0.689490 0.352399 0.689490 0.364391 0.925159 0.364391 0.925955 0.427122 0.944268 0.427122
0 0.944268 0.057196 0.498408 0.057196 0.497611 0.346863 0.052548 0.346863 0.052548 0.736162 0.501592 0.736162 0.502389 0.902214 0.524682 0.902214 0.524682 0.880996 0.520701 0.880074 0.520701 0.714945 0.208599 0.714945 0.207803 0.687269 0.189490 0.687269 0.188694 0.711255 0.085987 0.711255 0.085191 0.724170 0.064490 0.723247 0.064490 0.359779 0.082803 0.358856 0.083599 0.374539 0.188694 0.374539 0.189490 0.378229 0.207803 0.378229 0.208599 0.364391 0.636146 0.364391 0.636146 0.352399 0.516720 0.351476 0.517516 0.078413 0.925159 0.078413 0.925955 0.139299 0.944268 0.139299
1 0.525478 0.880996 0.525478 0.902214 0.582006 0.902214 0.582006 0.880996
1 0.789809 0.761070 0.789809 0.809963 0.799363 0.809963 0.799363 0.761070
1 0.671975 0.737085 0.671975 0.749077 0.713376 0.749077 0.713376 0.737085
1 0.189490 0.620849 0.189490 0.686347 0.207803 0.686347 0.207803 0.620849
1 0.636943 0.352399 0.636943 0.364391 0.688694 0.364391 0.688694 0.352399
2 0.925955 0.690037 0.925955 0.839483 0.944268 0.839483 0.944268 0.690037
2 0.925955 0.428044 0.925955 0.569188 0.944268 0.569188 0.944268 0.428044
2 0.189490 0.379151 0.189490 0.618081 0.207803 0.618081 0.207803 0.379151
2 0.925955 0.140221 0.925955 0.289668 0.944268 0.289668 0.944268 0.140221
