0 0.984733 0.114173 0.853690 0.114173 0.853690 0.161417 0.960560 0.162730 0.960560 0.767717 0.697201 0.769029 0.695929 0.612861 0.676845 0.612861 0.676845 0.623360 0.684478 0.624672 0.683206 0.695538 0.609415 0.694226 0.610687 0.612861 0.603053 0.612861 0.601781 0.695538 0.522901 0.695538 0.521628 0.624672 0.535623 0.623360 0.535623 0.612861 0.436387 0.612861 0.435115 0.604987 0.424936 0.604987 0.424936 0.627297 0.435115 0.627297 0.436387 0.623360 0.513995 0.623360 0.515267 0.694226 0.436387 0.695538 0.435115 0.692913 0.424936 0.692913 0.424936 0.889764 0.421120 0.891076 0.421120 0.917323 0.445293 0.917323 0.446565 0.717848 0.681934 0.717848 0.683206 0.796588 0.984733 0.796588
0 0.259542 0.114173 0.234097 0.114173 0.234097 0.618110 0.072519 0.619423 0.072519 0.909449 0.232824 0.909449 0.234097 0.917323 0.310433 0.917323 0.310433 0.891076 0.259542 0.889764 0.259542 0.742782 0.234097 0.742782 0.232824 0.896325 0.095420 0.895013 0.095420 0.646982 0.232824 0.645669 0.234097 0.652231 0.259542 0.652231 0.260814 0.488189 0.423664 0.488189 0.424936 0.492126 0.435115 0.492126 0.435115 0.346457 0.424936 0.346457 0.423664 0.440945 0.259542 0.439633
0 0.599237 0.043307 0.470738 0.043307 0.469466 0.114173 0.343511 0.114173 0.343511 0.161417 0.423664 0.161417 0.424936 0.251969 0.435115 0.251969 0.435115 0.162730 0.482188 0.161417 0.482188 0.114173 0.477099 0.112861 0.477099 0.052493 0.590331 0.051181 0.591603 0.112861 0.587786 0.114173 0.587786 0.161417 0.591603 0.161417 0.591603 0.115486 0.599237 0.114173
1 0.311705 0.891076 0.311705 0.917323 0.419847 0.917323 0.419847 0.891076
1 0.234097 0.653543 0.234097 0.741470 0.259542 0.741470 0.259542 0.653543
1 0.424936 0.628609 0.424936 0.691601 0.435115 0.691601 0.435115 0.628609
1 0.611959 0.612861 0.611959 0.623360 0.675573 0.623360 0.675573 0.612861
1 0.536896 0.612861 0.536896 0.623360 0.601781 0.623360 0.601781 0.612861
1 0.424936 0.493438 0.424936 0.603675 0.435115 0.603675 0.435115 0.493438
1 0.424936 0.253281 0.424936 0.345144 0.435115 0.345144 0.435115 0.253281
1 0.483461 0.114173 0.483461 0.161417 0.586514 0.161417 0.586514 0.114173
2 0.592875 0.115486 0.592875 0.161417 0.852417 0.161417 0.852417 0.114173
2 0.260814 0.114173 0.260814 0.161417 0.342239 0.161417 0.342239 0.114173
