0 0.512508 0.564027 0.474680 0.564027 0.474070 0.596595 0.439902 0.596595 0.439902 0.628423 0.474680 0.629164 0.474680 0.705403 0.441733 0.706144 0.441123 0.925981 0.163514 0.925981 0.162904 0.923760 0.148871 0.923760 0.148871 0.937824 0.451495 0.937824 0.451495 0.800888 0.564369 0.800148 0.564369 0.717246 0.583282 0.716506 0.583282 0.706144 0.552166 0.706144 0.552166 0.717246 0.554606 0.717987 0.553996 0.788305 0.450275 0.787565 0.450885 0.717246 0.514948 0.717246 0.514948 0.706144 0.481391 0.705403 0.481391 0.572909 0.512508 0.572169
0 0.148871 0.499630 0.148871 0.502591 0.162904 0.502591 0.162904 0.499630
0 0.498475 0.411547 0.473459 0.410807 0.473459 0.345670 0.464918 0.345670 0.464308 0.411547 0.373398 0.411547 0.373398 0.421910 0.498475 0.421910
0 0.875534 0.179127 0.875534 0.198372 0.877364 0.198372 0.877364 0.179127
0 0.815131 0.179127 0.815131 0.198372 0.817572 0.199112 0.817572 0.516654 0.826113 0.516654 0.826113 0.481125 0.827944 0.480385 0.827944 0.471503 0.824893 0.470762 0.824893 0.199112 0.828554 0.198372 0.828554 0.179127
0 0.726052 0.179127 0.726052 0.198372 0.728493 0.198372 0.728493 0.179127
0 0.611348 0.102887 0.611348 0.131014 0.652227 0.131754 0.652227 0.365655 0.615009 0.366395 0.614399 0.411547 0.543014 0.411547 0.543014 0.421910 0.652227 0.422650 0.652227 0.585492 0.660769 0.585492 0.660769 0.199112 0.677852 0.198372 0.677852 0.179127 0.675412 0.178386 0.675412 0.109548 0.965833 0.109548 0.965833 0.178386 0.964613 0.179127 0.964613 0.198372 0.979866 0.199112 0.979866 0.470762 0.874314 0.471503 0.874314 0.480385 0.882245 0.481125 0.882245 0.567728 0.890787 0.567728 0.891397 0.480385 0.979866 0.481125 0.979866 0.615100 0.891397 0.615840 0.890787 0.612879 0.882245 0.612879 0.881635 0.706144 0.661379 0.706144 0.660769 0.643227 0.652227 0.643227 0.652227 0.705403 0.633313 0.706144 0.633313 0.716506 0.890177 0.716506 0.890787 0.623242 0.988408 0.623242 0.988408 0.102887
0 0.464308 0.102887 0.464918 0.282013 0.473459 0.282013 0.474070 0.102887
0 0.281879 0.102887 0.282489 0.288675 0.291031 0.288675 0.291031 0.102887
0 0.079927 0.102887 0.079927 0.723168 0.148261 0.723168 0.148871 0.726129 0.162904 0.726129 0.163514 0.721688 0.204393 0.721688 0.204393 0.710585 0.163514 0.710585 0.162904 0.708364 0.148871 0.708364 0.148261 0.712065 0.083588 0.711325 0.083588 0.440415 0.148261 0.439674 0.148871 0.441155 0.162904 0.441155 0.163514 0.421910 0.292251 0.421910 0.292251 0.411547 0.291031 0.410807 0.291031 0.346410 0.282489 0.346410 0.281879 0.411547 0.103722 0.411547 0.103112 0.131754 0.104942 0.131014 0.104942 0.102887
1 0.583893 0.706144 0.583893 0.716506 0.632703 0.716506 0.632703 0.706144
1 0.515558 0.706144 0.515558 0.717246 0.551556 0.717246 0.551556 0.706144
1 0.652227 0.586232 0.652227 0.642487 0.660769 0.642487 0.660769 0.586232
1 0.882245 0.568468 0.882245 0.612139 0.890787 0.612139 0.890787 0.568468
1 0.828554 0.471503 0.828554 0.480385 0.873703 0.480385 0.873703 0.471503
1 0.148871 0.441895 0.148871 0.498890 0.162904 0.498890 0.162904 0.441895
1 0.499085 0.411547 0.499085 0.421910 0.542404 0.421910 0.542404 0.411547
1 0.292862 0.411547 0.292862 0.421910 0.372788 0.421910 0.372788 0.411547
1 0.282489 0.289415 0.282489 0.345670 0.291031 0.345670 0.291031 0.289415
1 0.464918 0.282754 0.464918 0.344930 0.473459 0.344930 0.473459 0.282754
1 0.829164 0.179127 0.829164 0.198372 0.874924 0.198372 0.874924 0.179127
1 0.678462 0.179127 0.678462 0.198372 0.725442 0.198372 0.725442 0.179127
2 0.148871 0.726869 0.148871 0.923020 0.162904 0.923020 0.162904 0.726869
2 0.148871 0.503331 0.148871 0.707624 0.162904 0.707624 0.162904 0.503331
2 0.877974 0.179127 0.877974 0.198372 0.964002 0.198372 0.964002 0.179127
2 0.729103 0.179127 0.729103 0.198372 0.814521 0.198372 0.814521 0.179127
2 0.474680 0.102887 0.474680 0.131014 0.610738 0.131014 0.610738 0.102887
2 0.291641 0.102887 0.291641 0.131014 0.463697 0.131014 0.463697 0.102887
2 0.105552 0.102887 0.105552 0.131014 0.281269 0.131014 0.281269 0.102887
