0 0.292447 0.320413 0.292447 0.792420 0.516462 0.792420 0.516462 0.773471 0.468044 0.772610 0.468044 0.527132 0.461588 0.527132 0.461588 0.772610 0.306649 0.772610 0.306649 0.320413
0 0.564881 0.211886 0.564881 0.242033 0.584248 0.242033 0.584248 0.211886
0 0.292447 0.211886 0.292447 0.254091 0.306649 0.254091 0.307295 0.242033 0.372498 0.242033 0.372498 0.211886
0 0.706908 0.024978 0.692705 0.024978 0.692059 0.032730 0.492576 0.032730 0.492576 0.211025 0.474500 0.211886 0.474500 0.242033 0.512589 0.242033 0.512589 0.211886 0.499032 0.211025 0.499677 0.041344 0.692705 0.042205 0.692705 0.211025 0.645578 0.211886 0.645578 0.242033 0.692705 0.242894 0.692705 0.430663 0.548741 0.431525 0.548741 0.440138 0.588121 0.440999 0.588121 0.574505 0.594577 0.574505 0.595223 0.458226 0.642350 0.458226 0.642995 0.440138 0.692705 0.440999 0.692705 0.645995 0.637185 0.646856 0.637185 0.655469 0.692705 0.656331 0.692705 0.763997 0.595223 0.764858 0.594577 0.656331 0.597159 0.655469 0.597159 0.646856 0.588121 0.645134 0.588121 0.772610 0.577792 0.773471 0.577792 0.792420 0.706908 0.792420
1 0.517108 0.773471 0.517108 0.792420 0.577147 0.792420 0.577147 0.773471
1 0.597805 0.646856 0.597805 0.655469 0.636540 0.655469 0.636540 0.646856
1 0.588121 0.575366 0.588121 0.644272 0.594577 0.644272 0.594577 0.575366
1 0.513234 0.211886 0.513234 0.242033 0.564235 0.242033 0.564235 0.211886
2 0.292447 0.254953 0.292447 0.319552 0.306649 0.319552 0.306649 0.254953
2 0.584893 0.211886 0.584893 0.242033 0.644932 0.242033 0.644932 0.211886
2 0.373144 0.211886 0.373144 0.242033 0.473854 0.242033 0.473854 0.211886
