0 0.630480 0.653965 0.630480 0.657055 0.656228 0.657055 0.656228 0.653965
0 0.739040 0.548919 0.656924 0.548919 0.656228 0.461380 0.630480 0.461380 0.629784 0.498455 0.427975 0.498455 0.427975 0.510814 0.629784 0.510814 0.630480 0.566426 0.656228 0.566426 0.656924 0.561277 0.730689 0.562307 0.730689 0.803296 0.656924 0.804325 0.656228 0.800206 0.630480 0.800206 0.629784 0.873326 0.254001 0.873326 0.253305 0.829042 0.244955 0.829042 0.244259 0.873326 0.169798 0.873326 0.169798 0.899073 0.656228 0.899073 0.656924 0.816684 0.739040 0.816684
0 0.361865 0.450051 0.353514 0.450051 0.352818 0.498455 0.274878 0.498455 0.274182 0.450051 0.265832 0.450051 0.265832 0.497425 0.244955 0.498455 0.244955 0.723996 0.253305 0.723996 0.253305 0.511843 0.365344 0.510814 0.365344 0.498455 0.361865 0.497425
0 0.320111 0.183316 0.320111 0.221421 0.354906 0.222451 0.354906 0.377961 0.363257 0.377961 0.363953 0.221421 0.629784 0.221421 0.630480 0.287333 0.656228 0.287333 0.656228 0.183316
0 0.249130 0.183316 0.249130 0.221421 0.265832 0.222451 0.265832 0.380021 0.274182 0.380021 0.274878 0.183316
0 0.052192 0.183316 0.051496 0.899073 0.102992 0.899073 0.102992 0.873326 0.068894 0.872297 0.068894 0.722966 0.178845 0.721936 0.178845 0.661174 0.171190 0.661174 0.170494 0.713697 0.072373 0.713697 0.071677 0.512873 0.171190 0.511843 0.171886 0.584964 0.178845 0.584964 0.178845 0.500515 0.068894 0.499485 0.068894 0.222451 0.139179 0.221421 0.139179 0.183316
1 0.103688 0.873326 0.103688 0.899073 0.169102 0.899073 0.169102 0.873326
1 0.630480 0.567456 0.630480 0.652935 0.656228 0.652935 0.656228 0.567456
2 0.630480 0.658084 0.630480 0.799176 0.656228 0.799176 0.656228 0.658084
2 0.630480 0.288363 0.630480 0.460350 0.656228 0.460350 0.656228 0.288363
2 0.275574 0.183316 0.275574 0.221421 0.319415 0.221421 0.319415 0.183316
2 0.139875 0.183316 0.139875 0.221421 0.248434 0.221421 0.248434 0.183316
