0 0.834663 0.356470 0.804206 0.356470 0.804206 0.389032 0.817259 0.389889 0.817259 0.735219 0.715011 0.736075 0.715011 0.744644 0.816534 0.744644 0.816534 0.848329 0.622190 0.848329 0.621465 0.745501 0.654097 0.744644 0.654097 0.736075 0.621465 0.735219 0.621465 0.629820 0.614213 0.629820 0.613488 0.848329 0.435098 0.848329 0.434373 0.643530 0.427121 0.643530 0.427121 0.847472 0.372009 0.848329 0.372009 0.865467 0.834663 0.865467
0 0.415518 0.314482 0.415518 0.389032 0.460479 0.389032 0.460479 0.356470 0.444525 0.355613 0.444525 0.314482
0 0.415518 0.231362 0.415518 0.238218 0.444525 0.238218 0.444525 0.231362
0 0.345178 0.094259 0.345178 0.126821 0.414793 0.126821 0.415518 0.146530 0.444525 0.146530 0.445250 0.107112 0.613488 0.107112 0.614213 0.113111 0.633793 0.113967 0.633793 0.137104 0.638869 0.137961 0.638869 0.355613 0.593183 0.356470 0.593183 0.389032 0.614213 0.389889 0.614213 0.544130 0.621465 0.544130 0.621465 0.389889 0.693981 0.389032 0.693981 0.356470 0.649746 0.355613 0.649746 0.094259
0 0.137781 0.094259 0.137781 0.865467 0.305294 0.865467 0.305294 0.848329 0.298767 0.847472 0.298767 0.790060 0.290790 0.790060 0.290065 0.848329 0.153009 0.847472 0.153009 0.644387 0.221175 0.643530 0.221175 0.634105 0.153009 0.633248 0.153009 0.517566 0.290790 0.517566 0.290790 0.633248 0.282814 0.634105 0.282814 0.643530 0.290790 0.644387 0.290790 0.712082 0.298767 0.712082 0.298767 0.507284 0.153009 0.506427 0.153009 0.127678 0.238579 0.126821 0.238579 0.094259
1 0.306019 0.848329 0.306019 0.865467 0.371284 0.865467 0.371284 0.848329
1 0.654822 0.736075 0.654822 0.744644 0.714286 0.744644 0.714286 0.736075
1 0.290790 0.712939 0.290790 0.789203 0.298767 0.789203 0.298767 0.712939
1 0.221900 0.634105 0.221900 0.643530 0.282088 0.643530 0.282088 0.634105
1 0.614213 0.544987 0.614213 0.628963 0.621465 0.628963 0.621465 0.544987
1 0.415518 0.239075 0.415518 0.313625 0.444525 0.313625 0.444525 0.239075
2 0.694706 0.356470 0.694706 0.389032 0.803481 0.389032 0.803481 0.356470
2 0.461204 0.356470 0.461204 0.389032 0.592458 0.389032 0.592458 0.356470
2 0.415518 0.147386 0.415518 0.230506 0.444525 0.230506 0.444525 0.147386
2 0.239304 0.094259 0.239304 0.126821 0.344453 0.126821 0.344453 0.094259
