0 0.615582 0.619289 0.615582 0.623350 0.621575 0.623350 0.621575 0.619289
0 0.398116 0.460914 0.398116 0.469036 0.614726 0.468020 0.615582 0.542132 0.621575 0.542132 0.621575 0.459898
0 0.202911 0.422335 0.202911 0.495431 0.221747 0.495431 0.221747 0.422335
0 0.202911 0.337056 0.202911 0.344162 0.221747 0.344162 0.221747 0.337056
0 0.963185 0.085279 0.929795 0.085279 0.929795 0.112690 0.952911 0.113706 0.952911 0.458883 0.771404 0.459898 0.771404 0.468020 0.817637 0.469036 0.817637 0.643655 0.823630 0.643655 0.824486 0.625381 0.836473 0.625381 0.836473 0.616244 0.824486 0.615228 0.824486 0.471066 0.945205 0.471066 0.945205 0.615228 0.895548 0.616244 0.895548 0.625381 0.952055 0.626396 0.952055 0.870051 0.823630 0.870051 0.823630 0.700508 0.817637 0.700508 0.817637 0.870051 0.803938 0.871066 0.803938 0.884264 0.963185 0.884264
0 0.068493 0.098477 0.068493 0.699492 0.591610 0.699492 0.592466 0.828426 0.722603 0.828426 0.723459 0.884264 0.738870 0.884264 0.738870 0.871066 0.734589 0.870051 0.734589 0.684264 0.698630 0.684264 0.698630 0.690355 0.729452 0.691371 0.728596 0.812183 0.604452 0.811168 0.604452 0.691371 0.648973 0.690355 0.648973 0.684264 0.222603 0.684264 0.221747 0.649746 0.202911 0.649746 0.202055 0.685279 0.075342 0.685279 0.074486 0.113706 0.202055 0.112690 0.202911 0.158376 0.221747 0.158376 0.222603 0.112690 0.694349 0.112690 0.695205 0.468020 0.705479 0.468020 0.705479 0.459898 0.702055 0.458883 0.702055 0.113706 0.752568 0.112690 0.752568 0.085279 0.202911 0.085279 0.202055 0.098477
1 0.739726 0.871066 0.739726 0.884264 0.803082 0.884264 0.803082 0.871066
1 0.649829 0.684264 0.649829 0.690355 0.697774 0.690355 0.697774 0.684264
1 0.817637 0.644670 0.817637 0.699492 0.823630 0.699492 0.823630 0.644670
1 0.837329 0.616244 0.837329 0.625381 0.894692 0.625381 0.894692 0.616244
1 0.615582 0.543147 0.615582 0.618274 0.621575 0.618274 0.621575 0.543147
1 0.706336 0.459898 0.706336 0.468020 0.770548 0.468020 0.770548 0.459898
1 0.202911 0.345178 0.202911 0.421320 0.221747 0.421320 0.221747 0.345178
2 0.202911 0.496447 0.202911 0.648731 0.221747 0.648731 0.221747 0.496447
2 0.202911 0.159391 0.202911 0.336041 0.221747 0.336041 0.221747 0.159391
2 0.753425 0.085279 0.753425 0.112690 0.928938 0.112690 0.928938 0.085279
