0 0.037851 0.102493 0.039072 0.891043 0.327228 0.891043 0.327228 0.102493
0 0.862637 0.100646 0.862637 0.126500 0.950549 0.127424 0.950549 0.440443 0.779609 0.441367 0.778999 0.438596 0.771673 0.438596 0.771062 0.442290 0.736874 0.442290 0.736874 0.452447 0.949939 0.452447 0.950549 0.531856 0.733822 0.532779 0.733822 0.542936 0.949939 0.542936 0.950549 0.866113 0.869353 0.867036 0.869353 0.893813 0.968864 0.893813 0.968864 0.100646
0 0.676435 0.100646 0.676435 0.893813 0.755189 0.893813 0.755189 0.867036 0.689255 0.866113 0.689255 0.543860 0.693529 0.542936 0.693529 0.532779 0.689255 0.531856 0.689255 0.372114 0.726496 0.371191 0.726496 0.360111 0.689255 0.359187 0.689255 0.127424 0.771673 0.127424 0.771673 0.359187 0.766178 0.360111 0.766178 0.371191 0.771673 0.372114 0.771673 0.381348 0.778999 0.381348 0.778999 0.100646
0 0.608059 0.099723 0.608059 0.132964 0.634921 0.133887 0.634921 0.261311 0.609280 0.262235 0.609280 0.273315 0.634921 0.274238 0.634921 0.861496 0.608669 0.862419 0.608669 0.891967 0.651404 0.891967 0.651404 0.099723
0 0.489011 0.099723 0.489011 0.132964 0.543956 0.133887 0.543956 0.273315 0.565324 0.273315 0.565324 0.262235 0.551893 0.261311 0.551893 0.133887 0.565934 0.132964 0.565934 0.099723
0 0.346764 0.099723 0.346764 0.891967 0.432234 0.891967 0.432234 0.862419 0.366911 0.861496 0.366911 0.459834 0.543346 0.458910 0.543346 0.522622 0.431013 0.522622 0.431013 0.532779 0.551893 0.532779 0.551893 0.395199 0.543956 0.395199 0.543346 0.447830 0.367521 0.447830 0.366911 0.133887 0.403541 0.132964 0.403541 0.099723
1 0.545177 0.862419 0.545177 0.891967 0.608059 0.891967 0.608059 0.862419
1 0.694139 0.532779 0.694139 0.542936 0.733211 0.542936 0.733211 0.532779
1 0.771673 0.382271 0.771673 0.437673 0.778999 0.437673 0.778999 0.382271
1 0.727106 0.360111 0.727106 0.371191 0.765568 0.371191 0.765568 0.360111
1 0.232601 0.359187 0.232601 0.372114 0.280830 0.372114 0.280830 0.359187
1 0.565934 0.262235 0.565934 0.273315 0.608669 0.273315 0.608669 0.262235
1 0.238095 0.226223 0.238095 0.235457 0.265568 0.235457 0.265568 0.226223
1 0.566545 0.099723 0.566545 0.132964 0.607448 0.132964 0.607448 0.099723
2 0.755800 0.867036 0.755800 0.893813 0.868742 0.893813 0.868742 0.867036
2 0.432845 0.862419 0.432845 0.891967 0.543346 0.891967 0.543346 0.862419
2 0.779609 0.100646 0.779609 0.126500 0.862027 0.126500 0.862027 0.100646
2 0.404151 0.099723 0.404151 0.132964 0.488400 0.132964 0.488400 0.099723
