0 0.956599 0.092865 0.910540 0.092865 0.910540 0.160815 0.930027 0.161948 0.929141 0.756512 0.753764 0.756512 0.753764 0.766704 0.791851 0.767837 0.790965 0.896942 0.689105 0.895810 0.689105 0.821065 0.683791 0.819932 0.683791 0.767837 0.692648 0.766704 0.692648 0.756512 0.675819 0.756512 0.674934 0.821065 0.565988 0.821065 0.565102 0.865232 0.426926 0.865232 0.426041 0.821065 0.276351 0.821065 0.276351 0.849377 0.403012 0.849377 0.403897 0.893545 0.588131 0.893545 0.589017 0.849377 0.666076 0.849377 0.666962 0.925255 0.813995 0.925255 0.814880 0.784824 0.956599 0.784824
0 0.698849 0.092865 0.550930 0.092865 0.550930 0.160815 0.573959 0.161948 0.573959 0.563986 0.496900 0.565119 0.496900 0.575311 0.550930 0.576444 0.550930 0.642129 0.493357 0.643262 0.493357 0.653454 0.550044 0.653454 0.550930 0.686297 0.583702 0.686297 0.583702 0.161948 0.698849 0.160815
0 0.255093 0.092865 0.255093 0.160815 0.302037 0.161948 0.302037 0.642129 0.271922 0.643262 0.271922 0.653454 0.431355 0.653454 0.431355 0.643262 0.310009 0.642129 0.310009 0.161948 0.376439 0.160815 0.376439 0.092865
0 0.031887 0.092865 0.031887 0.849377 0.204606 0.849377 0.204606 0.821065 0.201063 0.819932 0.201063 0.789354 0.193091 0.789354 0.192205 0.821065 0.059345 0.819932 0.060230 0.612684 0.192205 0.612684 0.193091 0.720272 0.201063 0.720272 0.201063 0.654587 0.203720 0.653454 0.203720 0.643262 0.201063 0.642129 0.201063 0.602492 0.119575 0.602492 0.118689 0.545866 0.108946 0.545866 0.108060 0.556059 0.059345 0.554926 0.059345 0.161948 0.131089 0.160815 0.131089 0.092865
1 0.205492 0.821065 0.205492 0.849377 0.275465 0.849377 0.275465 0.821065
1 0.693534 0.756512 0.693534 0.766704 0.752879 0.766704 0.752879 0.756512
1 0.193091 0.721404 0.193091 0.788222 0.201063 0.788222 0.201063 0.721404
1 0.432241 0.643262 0.432241 0.653454 0.492471 0.653454 0.492471 0.643262
1 0.204606 0.643262 0.204606 0.653454 0.271036 0.653454 0.271036 0.643262
2 0.699734 0.092865 0.699734 0.160815 0.909655 0.160815 0.909655 0.092865
2 0.377325 0.092865 0.377325 0.160815 0.550044 0.160815 0.550044 0.092865
2 0.131975 0.092865 0.131975 0.160815 0.254207 0.160815 0.254207 0.092865
