0 0.463955 0.646451 0.463955 0.690925 0.458290 0.691375 0.458290 0.696316 0.463955 0.696765 0.463955 0.724618 0.509269 0.723720 0.509269 0.714735 0.470134 0.714286 0.470134 0.658580 0.515448 0.658131 0.515448 0.652740 0.470649 0.652740 0.470134 0.646451
0 0.584449 0.611860 0.584449 0.652291 0.548919 0.652740 0.548919 0.658131 0.584449 0.658580 0.584449 0.714286 0.544799 0.714735 0.544799 0.723720 0.579815 0.724169 0.579815 0.774933 0.638002 0.774933 0.638002 0.765948 0.590113 0.765499 0.590113 0.617251 0.644696 0.616801 0.644696 0.611860
0 0.730175 0.603324 0.729660 0.611860 0.680742 0.611860 0.680742 0.616801 0.730175 0.617251 0.730175 0.774933 0.736869 0.774933 0.736869 0.603324
0 0.569001 0.433962 0.569001 0.523360 0.614315 0.523360 0.614315 0.518419 0.574665 0.517969 0.574665 0.433962
0 0.677652 0.325247 0.677652 0.334681 0.730175 0.335130 0.730175 0.517969 0.649331 0.518419 0.649331 0.523360 0.729660 0.523360 0.730175 0.524259 0.736869 0.524259 0.736869 0.325247
0 0.569516 0.312668 0.569516 0.334681 0.582904 0.334681 0.582904 0.325247 0.581359 0.324798 0.581359 0.312668
0 0.519567 0.246181 0.519567 0.256514 0.569001 0.256514 0.569516 0.282570 0.581359 0.282570 0.581359 0.246181
0 0.885170 0.072776 0.878476 0.072776 0.878476 0.229560 0.873326 0.230009 0.873326 0.324798 0.828527 0.325247 0.828527 0.334681 0.873326 0.335130 0.873326 0.561545 0.737384 0.561995 0.736869 0.554807 0.730175 0.554807 0.730175 0.573226 0.736869 0.573226 0.737384 0.566936 0.873326 0.567385 0.873326 0.765499 0.826982 0.765948 0.826982 0.774933 0.885170 0.774933
0 0.364573 0.070530 0.364058 0.765948 0.365088 0.766846 0.365088 0.774034 0.364058 0.774933 0.364058 0.914645 0.475798 0.914645 0.475798 0.844564 0.469619 0.844564 0.469104 0.909704 0.370237 0.909254 0.370237 0.775382 0.469104 0.774933 0.469619 0.814915 0.475798 0.814915 0.475283 0.745732 0.464470 0.745732 0.463955 0.765948 0.375901 0.765499 0.375901 0.696765 0.432029 0.696316 0.432029 0.691375 0.375901 0.690925 0.375901 0.580413 0.463440 0.579964 0.463955 0.615903 0.470134 0.615903 0.470134 0.549865 0.463955 0.549865 0.463440 0.574573 0.376416 0.574573 0.375901 0.522013 0.463440 0.521563 0.463955 0.528751 0.470134 0.528751 0.470649 0.521563 0.504119 0.521563 0.504119 0.508985 0.497940 0.508985 0.497425 0.516173 0.376416 0.516173 0.375901 0.465409 0.497425 0.464960 0.497940 0.486074 0.504119 0.486074 0.504119 0.459569 0.375901 0.459119 0.375901 0.256963 0.394439 0.256514 0.394439 0.246181 0.371267 0.245732 0.371267 0.070530
1 0.469619 0.815364 0.469619 0.844115 0.475798 0.844115 0.475798 0.815364
1 0.509784 0.714735 0.509784 0.723720 0.544284 0.723720 0.544284 0.714735
1 0.432544 0.691375 0.432544 0.696316 0.457775 0.696316 0.457775 0.691375
1 0.515963 0.652740 0.515963 0.658131 0.548404 0.658131 0.548404 0.652740
1 0.463955 0.616352 0.463955 0.646002 0.470134 0.646002 0.470134 0.616352
1 0.645211 0.611860 0.645211 0.616801 0.680227 0.616801 0.680227 0.611860
1 0.730175 0.573675 0.730175 0.602875 0.736869 0.602875 0.736869 0.573675
1 0.463955 0.529200 0.463955 0.549416 0.470134 0.549416 0.470134 0.529200
1 0.730175 0.524708 0.730175 0.554358 0.736869 0.554358 0.736869 0.524708
1 0.614830 0.518419 0.614830 0.523360 0.648816 0.523360 0.648816 0.518419
1 0.497940 0.486523 0.497940 0.508535 0.504119 0.508535 0.504119 0.486523
1 0.569516 0.283019 0.569516 0.312219 0.581359 0.312219 0.581359 0.283019
2 0.737384 0.765948 0.737384 0.774933 0.826468 0.774933 0.826468 0.765948
2 0.638517 0.765948 0.638517 0.774933 0.729660 0.774933 0.729660 0.765948
2 0.463955 0.725067 0.464470 0.745283 0.475283 0.745283 0.475283 0.725067
2 0.737384 0.325247 0.737384 0.334681 0.828012 0.334681 0.828012 0.325247
2 0.583419 0.325247 0.583419 0.334681 0.677137 0.334681 0.677137 0.325247
2 0.394954 0.246181 0.394954 0.256514 0.519053 0.256514 0.519053 0.246181
