0 0.499320 0.894048 0.468027 0.892857 0.468027 0.665476 0.461224 0.665476 0.460544 0.894048 0.061905 0.894048 0.061224 0.840476 0.042857 0.840476 0.042857 0.919048 0.499320 0.919048
0 0.568027 0.610714 0.568027 0.622619 0.606803 0.623810 0.606803 0.892857 0.555102 0.894048 0.555102 0.919048 0.913605 0.919048 0.913605 0.691667 0.896599 0.691667 0.895918 0.894048 0.612925 0.894048 0.612245 0.613095 0.576190 0.613095 0.575510 0.610714
0 0.913605 0.434524 0.896599 0.434524 0.895918 0.488095 0.576190 0.488095 0.575510 0.484524 0.568027 0.484524 0.568027 0.507143 0.575510 0.507143 0.576190 0.501190 0.895918 0.501190 0.896599 0.507143 0.913605 0.507143
0 0.043537 0.425000 0.043537 0.433333 0.061905 0.433333 0.061905 0.425000
0 0.000000 0.585714 0.042177 0.586905 0.042857 0.659524 0.061224 0.659524 0.061905 0.555952 0.460544 0.555952 0.461224 0.561905 0.468027 0.561905 0.468027 0.538095 0.461224 0.538095 0.460544 0.542857 0.061905 0.542857 0.061224 0.526190 0.042857 0.525000 0.042857 0.508333 0.042177 0.566667 0.000680 0.565476 0.000680 0.117857 0.042857 0.117857 0.043537 0.167857 0.061905 0.167857 0.062585 0.120238 0.459864 0.120238 0.461224 0.132143 0.461224 0.434524 0.468027 0.434524 0.468027 0.377381 0.480952 0.376190 0.480952 0.363095 0.468027 0.361905 0.468707 0.130952 0.614966 0.130952 0.615646 0.216667 0.586395 0.217857 0.586395 0.361905 0.530612 0.363095 0.530612 0.376190 0.567347 0.376190 0.568027 0.379762 0.575510 0.379762 0.576190 0.376190 0.623129 0.376190 0.623129 0.132143 0.624490 0.120238 0.778912 0.120238 0.779592 0.192857 0.782993 0.192857 0.783673 0.120238 0.895918 0.120238 0.896599 0.248810 0.913605 0.248810 0.913605 0.096429 0.000000 0.097619
1 0.500000 0.894048 0.500000 0.919048 0.554422 0.919048 0.554422 0.894048
1 0.461224 0.563095 0.461224 0.664286 0.468027 0.664286 0.468027 0.563095
1 0.568027 0.508333 0.568027 0.609524 0.575510 0.609524 0.575510 0.508333
1 0.461224 0.435714 0.461224 0.536905 0.468027 0.536905 0.468027 0.435714
1 0.043537 0.434524 0.043537 0.525000 0.061905 0.525000 0.061905 0.434524
1 0.568027 0.380952 0.568027 0.483333 0.575510 0.483333 0.575510 0.380952
1 0.481633 0.363095 0.481633 0.376190 0.529932 0.376190 0.529932 0.363095
2 0.042857 0.660714 0.042857 0.839286 0.061224 0.839286 0.061224 0.660714
2 0.896599 0.508333 0.896599 0.690476 0.913605 0.690476 0.913605 0.508333
2 0.896599 0.250000 0.896599 0.433333 0.913605 0.433333 0.913605 0.250000
2 0.043537 0.169048 0.043537 0.423810 0.061905 0.423810 0.061905 0.169048
