0 0.237183 0.867888 0.216468 0.866924 0.216468 0.810993 0.211807 0.810993 0.211289 0.867888 0.145520 0.867888 0.145520 0.890068 0.237183 0.890068
0 0.353703 0.723240 0.353703 0.866924 0.352667 0.867888 0.352667 0.890068 0.360435 0.890068 0.360435 0.867888 0.358364 0.866924 0.358364 0.732883 0.359917 0.731919 0.359917 0.723240
0 0.480580 0.637416 0.480580 0.892960 0.517349 0.892960 0.517349 0.870781 0.497670 0.869817 0.497670 0.637416
0 0.048162 0.890068 0.082341 0.890068 0.082341 0.867888 0.067323 0.866924 0.067840 0.643202 0.211289 0.643202 0.211807 0.699132 0.216468 0.699132 0.216468 0.634523 0.067840 0.634523 0.067323 0.629701 0.048162 0.629701
0 0.766442 0.572806 0.766442 0.582449 0.767996 0.583414 0.767996 0.869817 0.763335 0.870781 0.763335 0.892960 0.794925 0.892960 0.794925 0.870781 0.773175 0.869817 0.773175 0.743491 0.790264 0.742527 0.790264 0.732883 0.773175 0.731919 0.773175 0.583414 0.799586 0.582449 0.799586 0.572806
0 0.727084 0.572806 0.651994 0.572806 0.651994 0.582449 0.655619 0.583414 0.655619 0.869817 0.624029 0.870781 0.624029 0.892960 0.671155 0.892960 0.671155 0.870781 0.660798 0.869817 0.660798 0.583414 0.727084 0.582449
0 0.480580 0.508197 0.480580 0.603664 0.497670 0.603664 0.498187 0.582449 0.614190 0.582449 0.614190 0.572806 0.605904 0.572806 0.605386 0.562199 0.600207 0.562199 0.599689 0.572806 0.498187 0.572806 0.497670 0.508197
0 0.276023 0.390550 0.275505 0.486982 0.277059 0.486982 0.277576 0.390550
0 0.795443 0.279653 0.795443 0.301832 0.798550 0.301832 0.798550 0.279653
0 0.756603 0.279653 0.754013 0.279653 0.753496 0.448409 0.708441 0.449373 0.707923 0.391514 0.704298 0.391514 0.704298 0.456123 0.756603 0.456123
0 0.520974 0.279653 0.480580 0.279653 0.480580 0.397300 0.497670 0.397300 0.497670 0.302797 0.520974 0.301832
0 0.179700 0.270974 0.179700 0.292189 0.182807 0.292189 0.182807 0.270974
0 0.048162 0.270974 0.048162 0.592093 0.067323 0.592093 0.067323 0.293153 0.085448 0.292189 0.085448 0.270974
0 0.298291 0.189007 0.297773 0.270974 0.225790 0.270974 0.225790 0.292189 0.229415 0.293153 0.229415 0.306654 0.320041 0.307618 0.320041 0.577628 0.364578 0.577628 0.364578 0.567020 0.325738 0.566056 0.325738 0.425265 0.365614 0.424301 0.365614 0.415622 0.325738 0.414658 0.325738 0.295082 0.366132 0.294118 0.366132 0.270974 0.309166 0.270974 0.308648 0.189007
0 0.692905 0.069431 0.692905 0.278689 0.609529 0.279653 0.609529 0.301832 0.655101 0.302797 0.655101 0.469624 0.600207 0.470588 0.600207 0.489875 0.605386 0.489875 0.605904 0.480231 0.661315 0.480231 0.661315 0.302797 0.701709 0.301832 0.701709 0.279653 0.700155 0.278689 0.700673 0.082932 0.870016 0.082932 0.870533 0.278689 0.836354 0.279653 0.836354 0.301832 0.868462 0.302797 0.868462 0.547734 0.839461 0.548698 0.839461 0.571842 0.836872 0.572806 0.836872 0.582449 0.868462 0.583414 0.868462 0.731919 0.825479 0.732883 0.825479 0.742527 0.868462 0.743491 0.868462 0.869817 0.850854 0.870781 0.850854 0.892960 0.880373 0.892960 0.880373 0.279653 0.877784 0.278689 0.877784 0.069431
0 0.398757 0.052073 0.398757 0.071360 0.438633 0.072324 0.438633 0.270010 0.404972 0.270974 0.404972 0.294118 0.437079 0.295082 0.437079 0.414658 0.403418 0.415622 0.403418 0.424301 0.437079 0.425265 0.437079 0.542912 0.408079 0.543877 0.408079 0.566056 0.401346 0.567020 0.401346 0.577628 0.437079 0.578592 0.437079 0.722276 0.404454 0.723240 0.404454 0.731919 0.437079 0.732883 0.437079 0.866924 0.405489 0.867888 0.405489 0.890068 0.449508 0.890068 0.449508 0.052073
0 0.298291 0.052073 0.298291 0.117647 0.308648 0.117647 0.309166 0.052073
1 0.360953 0.867888 0.360953 0.890068 0.404972 0.890068 0.404972 0.867888
1 0.790782 0.732883 0.790782 0.742527 0.824961 0.742527 0.824961 0.732883
1 0.360435 0.723240 0.360435 0.731919 0.403936 0.731919 0.403936 0.723240
1 0.211807 0.700096 0.211807 0.810029 0.216468 0.810029 0.216468 0.700096
1 0.800104 0.572806 0.800104 0.582449 0.836354 0.582449 0.836354 0.572806
1 0.727602 0.572806 0.727602 0.582449 0.765924 0.582449 0.765924 0.572806
1 0.614707 0.572806 0.614707 0.582449 0.651476 0.582449 0.651476 0.572806
1 0.365096 0.567020 0.365096 0.577628 0.400829 0.577628 0.400829 0.567020
1 0.600207 0.490839 0.600207 0.561234 0.605386 0.561234 0.605386 0.490839
1 0.366132 0.415622 0.366132 0.424301 0.402900 0.424301 0.402900 0.415622
1 0.799068 0.279653 0.799068 0.301832 0.835836 0.301832 0.835836 0.279653
1 0.366649 0.270974 0.366649 0.294118 0.404454 0.294118 0.404454 0.270974
1 0.183325 0.270974 0.183325 0.292189 0.225272 0.292189 0.225272 0.270974
1 0.298291 0.118611 0.298291 0.188042 0.308648 0.188042 0.308648 0.118611
2 0.795443 0.870781 0.795443 0.892960 0.850337 0.892960 0.850337 0.870781
2 0.671673 0.870781 0.671673 0.892960 0.762817 0.892960 0.762817 0.870781
2 0.517866 0.870781 0.517866 0.892960 0.623511 0.892960 0.623511 0.870781
2 0.237701 0.867888 0.237701 0.890068 0.352149 0.890068 0.352149 0.867888
2 0.082859 0.867888 0.082859 0.890068 0.145003 0.890068 0.145003 0.867888
2 0.480580 0.604629 0.480580 0.636451 0.497670 0.636451 0.497670 0.604629
2 0.048162 0.593057 0.048162 0.628737 0.067323 0.628737 0.067323 0.593057
2 0.480580 0.398264 0.480580 0.507232 0.497670 0.507232 0.497670 0.398264
2 0.757121 0.279653 0.757121 0.301832 0.794925 0.301832 0.794925 0.279653
2 0.702227 0.279653 0.702227 0.301832 0.753496 0.300868 0.753496 0.279653
2 0.521491 0.279653 0.521491 0.301832 0.609011 0.301832 0.609011 0.279653
2 0.085966 0.270974 0.085966 0.292189 0.179182 0.292189 0.179182 0.270974
2 0.309684 0.052073 0.309684 0.071360 0.398239 0.071360 0.398239 0.052073
