0 0.407792 0.391266 0.407792 0.533868 0.422078 0.533868 0.422078 0.391266
0 0.558442 0.235294 0.558442 0.265597 0.588312 0.265597 0.588312 0.235294
0 0.377922 0.235294 0.377922 0.265597 0.407792 0.266488 0.407792 0.318182 0.422078 0.318182 0.422078 0.266488 0.446753 0.265597 0.446753 0.235294
0 0.100000 0.057041 0.100000 0.957219 0.423377 0.957219 0.423377 0.938503 0.397403 0.937611 0.397403 0.844029 0.387013 0.844029 0.385714 0.938503 0.244156 0.938503 0.242857 0.929590 0.122078 0.928699 0.122078 0.680036 0.385714 0.679144 0.387013 0.767380 0.397403 0.767380 0.397403 0.682709 0.422078 0.681818 0.422078 0.608734 0.407792 0.608734 0.406494 0.672014 0.122078 0.671123 0.122078 0.266488 0.192208 0.265597 0.192208 0.235294 0.125974 0.234403 0.125974 0.066845 0.898701 0.066845 0.898701 0.234403 0.844156 0.235294 0.844156 0.265597 0.898701 0.266488 0.898701 0.726381 0.554545 0.727273 0.554545 0.740642 0.567532 0.740642 0.568831 0.736185 0.654545 0.737077 0.654545 0.809269 0.568831 0.810160 0.567532 0.806595 0.554545 0.806595 0.554545 0.819073 0.654545 0.819964 0.654545 0.937611 0.548052 0.938503 0.548052 0.957219 0.679221 0.957219 0.679221 0.745989 0.924675 0.745098 0.924675 0.057041
1 0.424675 0.938503 0.424675 0.957219 0.546753 0.957219 0.546753 0.938503
1 0.387013 0.768271 0.387013 0.843137 0.397403 0.843137 0.397403 0.768271
1 0.554545 0.741533 0.554545 0.805704 0.567532 0.805704 0.567532 0.741533
1 0.407792 0.534759 0.407792 0.607843 0.422078 0.607843 0.422078 0.534759
1 0.407792 0.319073 0.407792 0.390374 0.422078 0.390374 0.422078 0.319073
1 0.448052 0.235294 0.448052 0.265597 0.557143 0.265597 0.557143 0.235294
2 0.589610 0.235294 0.589610 0.265597 0.842857 0.265597 0.842857 0.235294
2 0.193506 0.235294 0.193506 0.265597 0.376623 0.265597 0.376623 0.235294
