0 0.414993 0.597762 0.407631 0.597762 0.407631 0.708578 0.379518 0.709110 0.379518 0.723495 0.422356 0.723495 0.422356 0.709110 0.414993 0.708578 0.414993 0.636654 0.422356 0.636121 0.422356 0.630261 0.414993 0.629728
0 0.193440 0.587640 0.193440 0.723495 0.275770 0.723495 0.275770 0.709110 0.211513 0.708578 0.211513 0.587640
0 0.541499 0.530634 0.541499 0.629728 0.483266 0.630261 0.483266 0.636121 0.541499 0.636654 0.541499 0.708578 0.484605 0.709110 0.484605 0.723495 0.506693 0.724028 0.506693 0.746937 0.514056 0.746937 0.514726 0.723495 0.620482 0.724028 0.620482 0.853490 0.514726 0.854022 0.514056 0.789025 0.506693 0.789025 0.506693 0.859883 0.627845 0.859883 0.627845 0.724028 0.643909 0.723495 0.643909 0.709110 0.548862 0.708578 0.548862 0.537027 0.550870 0.536494 0.550870 0.530634
0 0.607095 0.530634 0.607095 0.536494 0.768407 0.537027 0.768407 0.708578 0.723561 0.709110 0.723561 0.723495 0.826640 0.723495 0.826640 0.706979 0.779786 0.706446 0.779786 0.636654 0.783133 0.636121 0.783133 0.627597 0.775770 0.627064 0.775770 0.549281 0.781124 0.548748 0.781124 0.542888 0.775770 0.542355 0.775770 0.530634 0.764391 0.530634 0.763722 0.526372 0.756359 0.526372 0.755689 0.530634
0 0.715529 0.205115 0.664659 0.205115 0.664659 0.219499 0.686078 0.220032 0.686078 0.445392 0.510710 0.445924 0.510710 0.451785 0.698126 0.451785 0.698126 0.445924 0.693440 0.445392 0.693440 0.220032 0.715529 0.219499
0 0.459170 0.205115 0.459170 0.219499 0.508701 0.219499 0.508701 0.205115
0 0.387550 0.205115 0.387550 0.219499 0.403614 0.219499 0.403614 0.205115
0 0.200803 0.076718 0.200803 0.204582 0.193440 0.205115 0.193440 0.558871 0.211513 0.558871 0.212182 0.536494 0.262383 0.536494 0.262383 0.530634 0.211513 0.530101 0.212182 0.467235 0.316600 0.467235 0.317269 0.530101 0.312584 0.530634 0.312584 0.536494 0.406961 0.536494 0.407631 0.553543 0.414993 0.553543 0.414993 0.526372 0.407631 0.526372 0.406961 0.530634 0.324632 0.530101 0.325301 0.467235 0.406961 0.467235 0.407631 0.488013 0.414993 0.488013 0.414993 0.461375 0.211513 0.460842 0.211513 0.220032 0.289826 0.219499 0.289826 0.205115 0.282463 0.204582 0.282463 0.149707 0.275100 0.149707 0.274431 0.205115 0.208166 0.204582 0.208166 0.083111 0.274431 0.082579 0.275100 0.110282 0.282463 0.110282 0.282463 0.076718
0 0.894913 0.057006 0.887550 0.057006 0.887550 0.204582 0.791834 0.205115 0.791834 0.219499 0.884873 0.220032 0.884873 0.418221 0.756359 0.418753 0.756359 0.445392 0.754351 0.445924 0.754351 0.451785 0.756359 0.452318 0.756359 0.483751 0.763722 0.483751 0.764391 0.424614 0.884873 0.425147 0.884873 0.542355 0.836011 0.542888 0.836011 0.548748 0.884873 0.549281 0.884873 0.627064 0.825301 0.627597 0.825301 0.636121 0.880187 0.636654 0.880187 0.706446 0.858099 0.706979 0.858099 0.723495 0.902945 0.723495 0.902945 0.205115 0.894913 0.204582
1 0.506693 0.747469 0.506693 0.788492 0.514056 0.788492 0.514056 0.747469
1 0.423025 0.709110 0.423025 0.723495 0.483936 0.723495 0.483936 0.709110
1 0.423025 0.630261 0.423025 0.636121 0.482597 0.636121 0.482597 0.630261
1 0.783802 0.627597 0.783802 0.636121 0.824632 0.636121 0.824632 0.627597
1 0.407631 0.554076 0.407631 0.597230 0.414993 0.597230 0.414993 0.554076
1 0.781794 0.542888 0.781794 0.548748 0.835341 0.548748 0.835341 0.542888
1 0.551539 0.530634 0.551539 0.536494 0.606426 0.536494 0.606426 0.530634
1 0.263052 0.530634 0.263052 0.536494 0.311914 0.536494 0.311914 0.530634
1 0.407631 0.488546 0.407631 0.525839 0.414993 0.525839 0.414993 0.488546
1 0.756359 0.484283 0.756359 0.525839 0.763722 0.525839 0.763722 0.484283
1 0.698795 0.445924 0.698795 0.451785 0.753681 0.451785 0.753681 0.445924
1 0.404284 0.205115 0.404284 0.219499 0.458501 0.219499 0.458501 0.205115
1 0.275100 0.110815 0.275100 0.149174 0.282463 0.149174 0.282463 0.110815
2 0.644578 0.709110 0.644578 0.723495 0.722892 0.723495 0.722892 0.709110
2 0.276439 0.709110 0.276439 0.723495 0.378849 0.723495 0.378849 0.709110
2 0.827309 0.706979 0.827309 0.723495 0.857430 0.723495 0.857430 0.706979
2 0.193440 0.559403 0.193440 0.587107 0.211513 0.587107 0.211513 0.559403
2 0.716198 0.205115 0.716198 0.219499 0.791165 0.219499 0.791165 0.205115
2 0.509371 0.205115 0.509371 0.219499 0.663989 0.219499 0.663989 0.205115
2 0.290495 0.205115 0.290495 0.219499 0.386881 0.219499 0.386881 0.205115
