0 0.226667 0.760261 0.226667 0.979805 0.397143 0.979805 0.397143 0.824756 0.387619 0.824756 0.387619 0.972638 0.236190 0.972638 0.236190 0.767427 0.386667 0.766775 0.387619 0.771336 0.397143 0.771336 0.397143 0.760261
0 0.661905 0.626710 0.661905 0.644951 0.663810 0.644951 0.663810 0.626710
0 0.531429 0.455375 0.531429 0.570684 0.480000 0.571336 0.480000 0.578502 0.531429 0.579153 0.531429 0.626059 0.491429 0.626710 0.491429 0.644951 0.561905 0.645603 0.561905 0.758958 0.570476 0.758958 0.570476 0.645603 0.576190 0.644951 0.576190 0.626710 0.541905 0.626059 0.541905 0.455375
0 0.398095 0.452769 0.387619 0.452769 0.387619 0.626059 0.230476 0.626710 0.230476 0.644951 0.401905 0.644951 0.401905 0.626710 0.398095 0.626059 0.398095 0.579153 0.402857 0.578502 0.402857 0.571336 0.398095 0.570684
0 0.757143 0.020847 0.757143 0.035179 0.909524 0.035831 0.909524 0.349837 0.542857 0.350489 0.541905 0.308795 0.531429 0.308795 0.531429 0.357655 0.909524 0.358306 0.909524 0.626059 0.835238 0.626710 0.835238 0.644951 0.927619 0.644951 0.927619 0.020847
0 0.474286 0.020847 0.474286 0.035179 0.570476 0.035831 0.570476 0.244300 0.505714 0.244951 0.505714 0.251466 0.530476 0.251466 0.531429 0.256678 0.541905 0.256678 0.542857 0.251466 0.580000 0.251466 0.580000 0.035831 0.604762 0.035179 0.604762 0.020847
0 0.205714 0.020847 0.205714 0.044951 0.241905 0.045603 0.241905 0.157003 0.238095 0.157655 0.238095 0.166775 0.245714 0.167427 0.245714 0.251466 0.328571 0.251466 0.329524 0.256026 0.339048 0.256026 0.340000 0.251466 0.430476 0.251466 0.430476 0.244951 0.255238 0.244300 0.255238 0.035831 0.324762 0.035179 0.324762 0.020847
0 0.145714 0.020847 0.063810 0.020847 0.063810 0.644951 0.086667 0.644951 0.086667 0.626710 0.084762 0.626059 0.084762 0.355700 0.386667 0.355049 0.387619 0.400651 0.398095 0.400651 0.398095 0.347883 0.339048 0.347231 0.339048 0.301629 0.329524 0.301629 0.328571 0.347883 0.084762 0.347231 0.084762 0.167427 0.179048 0.166775 0.179048 0.157655 0.100952 0.157003 0.100952 0.045603 0.145714 0.044951
1 0.387619 0.771987 0.387619 0.824104 0.397143 0.824104 0.397143 0.771987
1 0.577143 0.626710 0.577143 0.644951 0.660952 0.644951 0.660952 0.626710
1 0.402857 0.626710 0.402857 0.644951 0.490476 0.644951 0.490476 0.626710
1 0.403810 0.571336 0.403810 0.578502 0.479048 0.578502 0.479048 0.571336
1 0.387619 0.401303 0.387619 0.452117 0.398095 0.452117 0.398095 0.401303
1 0.531429 0.257329 0.531429 0.308143 0.541905 0.308143 0.541905 0.257329
1 0.329524 0.256678 0.329524 0.300977 0.339048 0.300977 0.339048 0.256678
1 0.431429 0.244951 0.431429 0.251466 0.504762 0.251466 0.504762 0.244951
1 0.180000 0.157655 0.180000 0.166775 0.237143 0.166775 0.237143 0.157655
2 0.664762 0.626710 0.664762 0.644951 0.834286 0.644951 0.834286 0.626710
2 0.087619 0.626710 0.087619 0.644951 0.229524 0.644951 0.229524 0.626710
2 0.605714 0.020847 0.605714 0.035179 0.756190 0.035179 0.756190 0.020847
2 0.325714 0.020847 0.325714 0.035179 0.473333 0.035179 0.473333 0.020847
2 0.146667 0.020847 0.146667 0.044951 0.204762 0.044951 0.204762 0.020847
