0 0.856122 0.184502 0.856122 0.246002 0.941912 0.248462 0.941912 0.555966 0.744415 0.557196 0.743521 0.483395 0.734584 0.483395 0.734584 0.698647 0.827525 0.698647 0.827525 0.686347 0.743521 0.685117 0.744415 0.569496 0.941019 0.569496 0.941912 0.685117 0.873101 0.686347 0.873101 0.698647 0.878463 0.699877 0.878463 0.739237 0.924039 0.740467 0.924039 0.878229 0.905273 0.879459 0.905273 0.920049 0.966935 0.920049 0.966935 0.185732
0 0.629133 0.182042 0.629133 0.243542 0.727435 0.244772 0.728329 0.183272
0 0.521895 0.179582 0.330652 0.178352 0.329759 0.239852 0.374441 0.241082 0.374441 0.678967 0.383378 0.678967 0.383378 0.241082 0.500447 0.241082 0.500447 0.180812
0 0.050938 0.174662 0.050938 0.934809 0.383378 0.934809 0.384272 0.905289 0.588919 0.905289 0.589812 0.923739 0.799821 0.923739 0.800715 0.920049 0.831993 0.920049 0.831993 0.879459 0.799821 0.879459 0.798928 0.884379 0.680965 0.884379 0.680071 0.831488 0.671135 0.831488 0.670241 0.870849 0.384272 0.870849 0.383378 0.769988 0.374441 0.769988 0.373548 0.891759 0.316354 0.891759 0.315460 0.814268 0.306524 0.814268 0.305630 0.891759 0.250223 0.890529 0.250223 0.814268 0.241287 0.814268 0.240393 0.891759 0.176944 0.891759 0.176050 0.814268 0.167113 0.814268 0.166220 0.891759 0.099196 0.891759 0.098302 0.237392 0.162645 0.237392 0.163539 0.175892
1 0.832887 0.879459 0.832887 0.920049 0.904379 0.920049 0.904379 0.879459
1 0.828418 0.686347 0.828418 0.698647 0.872207 0.698647 0.872207 0.686347
1 0.374441 0.680197 0.374441 0.768758 0.383378 0.768758 0.383378 0.680197
2 0.729223 0.183272 0.728329 0.244772 0.855228 0.246002 0.855228 0.184502
2 0.501340 0.180812 0.501340 0.242312 0.628239 0.243542 0.628239 0.182042
2 0.164433 0.175892 0.163539 0.237392 0.328865 0.239852 0.329759 0.178352
