0 0.273861 0.935624 0.273861 0.942885 0.426790 0.942885 0.426790 0.935624
0 0.186551 0.935624 0.186551 0.942885 0.189262 0.942885 0.189262 0.935624
0 0.508677 0.932236 0.508677 0.942885 0.659436 0.942885 0.659436 0.935624 0.629067 0.935624 0.628525 0.933688 0.620390 0.933688 0.619848 0.935624 0.517354 0.935624 0.516811 0.932236
0 0.321041 0.667473 0.321041 0.671346 0.329176 0.671346 0.329176 0.667473
0 0.272777 0.622943 0.272777 0.630203 0.274946 0.630203 0.274946 0.622943
0 0.223970 0.622943 0.223970 0.630203 0.226139 0.630203 0.226139 0.622943
0 0.857918 0.588093 0.826464 0.588093 0.826464 0.595353 0.849783 0.595837 0.849783 0.935140 0.754338 0.935624 0.754338 0.942885 0.857918 0.942885
0 0.673536 0.588093 0.673536 0.595353 0.698482 0.595353 0.698482 0.588093
0 0.233731 0.756534 0.233731 0.763795 0.508134 0.763795 0.508677 0.896418 0.516811 0.896418 0.517354 0.807841 0.619848 0.807841 0.620390 0.897386 0.628525 0.897386 0.628525 0.800581 0.516811 0.800097 0.516811 0.595837 0.544469 0.595353 0.544469 0.588093 0.475054 0.588093 0.475054 0.595353 0.508677 0.595837 0.508134 0.756534 0.329718 0.756534 0.329176 0.728945 0.321041 0.728945 0.320499 0.756534
0 0.311280 0.630203 0.320499 0.630203 0.321041 0.636012 0.329176 0.636012 0.329718 0.595353 0.382321 0.595353 0.382321 0.588093 0.321041 0.588093 0.321041 0.622459 0.311280 0.622943
0 0.072126 0.588093 0.072126 0.942885 0.167028 0.942885 0.167028 0.935624 0.080260 0.935140 0.080260 0.764279 0.182213 0.763795 0.182213 0.756534 0.167570 0.756050 0.167570 0.713456 0.159436 0.713456 0.158894 0.756534 0.080260 0.756050 0.080803 0.681510 0.167570 0.681510 0.167570 0.674734 0.080260 0.674250 0.080260 0.595837 0.158894 0.595353 0.159436 0.642788 0.167570 0.642788 0.168113 0.630203 0.187093 0.630203 0.187093 0.622943 0.167570 0.622459 0.167570 0.588093
0 0.808568 0.489351 0.808568 0.496612 0.811822 0.496612 0.811822 0.489351
0 0.479935 0.489351 0.479935 0.496612 0.482646 0.496612 0.482646 0.489351
0 0.309111 0.489351 0.309111 0.496612 0.311280 0.496612 0.311280 0.489351
0 0.646421 0.444337 0.646421 0.451113 0.648590 0.451113 0.648590 0.444337
0 0.719631 0.335915 0.719631 0.402711 0.699024 0.403195 0.699024 0.410455 0.719631 0.410939 0.719631 0.443853 0.699024 0.444337 0.699024 0.451113 0.719089 0.451597 0.719089 0.496612 0.777657 0.496612 0.777657 0.489351 0.727766 0.488867 0.727766 0.343659 0.732646 0.343175 0.732646 0.335915
0 0.354121 0.335915 0.354121 0.342207 0.375813 0.342691 0.375813 0.384318 0.390456 0.384802 0.390456 0.488867 0.341649 0.489351 0.341649 0.496612 0.450108 0.496612 0.450108 0.489351 0.397505 0.488867 0.397505 0.335915
0 0.122017 0.335915 0.122017 0.342207 0.123644 0.342207 0.123644 0.335915
0 0.620933 0.334947 0.612798 0.334947 0.612798 0.488867 0.559111 0.489351 0.559111 0.496612 0.620390 0.496612 0.620390 0.451597 0.630694 0.451113 0.630694 0.444337 0.620933 0.443853 0.620933 0.410939 0.631236 0.410455 0.631236 0.403195 0.620933 0.402711
0 0.191432 0.335915 0.191432 0.342207 0.308568 0.342207 0.308568 0.335915 0.251627 0.335915 0.251085 0.332043 0.242950 0.332043 0.242408 0.335915
0 0.072668 0.331559 0.072668 0.496612 0.244035 0.496612 0.244035 0.489351 0.080803 0.488867 0.080803 0.331559
0 0.072668 0.290416 0.072668 0.295741 0.080803 0.295741 0.080803 0.290416
0 0.121475 0.182478 0.121475 0.189255 0.123102 0.189255 0.123102 0.182478
0 0.874187 0.076960 0.874187 0.084221 0.926247 0.084705 0.926247 0.257502 0.777657 0.257986 0.778200 0.290416 0.786334 0.290416 0.786876 0.265247 0.854121 0.265731 0.854121 0.335431 0.786876 0.335915 0.786334 0.322846 0.778200 0.322846 0.778200 0.343175 0.873102 0.343175 0.873102 0.335915 0.862256 0.335431 0.862256 0.265731 0.926247 0.265731 0.926247 0.335431 0.914317 0.335915 0.914317 0.343175 0.926247 0.343659 0.926247 0.488867 0.876356 0.489351 0.876356 0.496612 0.934382 0.496612 0.934382 0.076960
0 0.812907 0.076960 0.812907 0.084221 0.817787 0.084221 0.817787 0.076960
0 0.645336 0.076960 0.645336 0.084221 0.691974 0.084705 0.691974 0.265247 0.733189 0.265247 0.733189 0.257986 0.700108 0.257502 0.700108 0.084705 0.779826 0.084221 0.779826 0.076960
0 0.585683 0.076960 0.585683 0.084221 0.599241 0.084221 0.599241 0.076960
0 0.501627 0.076960 0.501627 0.084221 0.510846 0.084221 0.510846 0.076960
0 0.347614 0.076960 0.347614 0.084221 0.366594 0.084705 0.366594 0.216844 0.329718 0.217328 0.329718 0.224589 0.366594 0.225073 0.366594 0.267667 0.612256 0.267667 0.612798 0.294288 0.620933 0.294288 0.620933 0.261375 0.374187 0.261375 0.373644 0.084705 0.425705 0.084221 0.425705 0.076960
0 0.227766 0.076960 0.227766 0.084221 0.242950 0.084705 0.242950 0.118587 0.251085 0.118587 0.251085 0.084705 0.270065 0.084221 0.270065 0.076960
0 0.072668 0.076960 0.072668 0.245402 0.080803 0.245402 0.080803 0.189739 0.085141 0.189255 0.085141 0.182478 0.080803 0.181994 0.080803 0.084705 0.143167 0.084221 0.143709 0.189255 0.242950 0.189739 0.242950 0.295257 0.251085 0.295257 0.251085 0.225073 0.289046 0.224589 0.289046 0.217328 0.251085 0.216844 0.251085 0.151016 0.242950 0.151016 0.242408 0.182478 0.152386 0.182478 0.151844 0.084705 0.186551 0.084221 0.186551 0.076960
1 0.620390 0.897870 0.620390 0.933204 0.628525 0.933204 0.628525 0.897870
1 0.508677 0.896902 0.508677 0.931752 0.516811 0.931752 0.516811 0.896902
1 0.182755 0.756534 0.182755 0.763795 0.233189 0.763795 0.233189 0.756534
1 0.159436 0.681994 0.159436 0.712972 0.167570 0.712972 0.167570 0.681994
1 0.159436 0.643272 0.159436 0.674250 0.167570 0.674250 0.167570 0.643272
1 0.321041 0.636496 0.321041 0.666989 0.329176 0.666989 0.329176 0.636496
1 0.226681 0.622943 0.226681 0.630203 0.272234 0.630203 0.272234 0.622943
1 0.699024 0.588093 0.699024 0.595353 0.825922 0.595353 0.825922 0.588093
1 0.545011 0.588093 0.545011 0.595353 0.672993 0.595353 0.672993 0.588093
1 0.649132 0.444337 0.649132 0.451113 0.698482 0.451113 0.698482 0.444337
1 0.648590 0.403195 0.648590 0.410455 0.698482 0.410455 0.698482 0.403195
1 0.873644 0.335915 0.873644 0.343175 0.913774 0.343175 0.913774 0.335915
1 0.733189 0.335915 0.733189 0.343175 0.777657 0.343175 0.777657 0.335915
1 0.309111 0.335915 0.309111 0.342207 0.353579 0.342207 0.353579 0.335915
1 0.124187 0.335915 0.124187 0.342207 0.169740 0.342207 0.169740 0.335915
1 0.072668 0.296225 0.072668 0.331075 0.080803 0.331075 0.080803 0.296225
1 0.242950 0.295741 0.242950 0.331559 0.251085 0.331559 0.251085 0.295741
1 0.612798 0.294773 0.612798 0.334463 0.620933 0.334463 0.620933 0.294773
1 0.778200 0.290900 0.778200 0.322362 0.786334 0.322362 0.786334 0.290900
1 0.733731 0.257986 0.733731 0.265247 0.777115 0.265247 0.777115 0.257986
1 0.289588 0.217328 0.289588 0.224589 0.329176 0.224589 0.329176 0.217328
1 0.085683 0.182478 0.085683 0.189255 0.120933 0.189255 0.120933 0.182478
1 0.242950 0.119071 0.242950 0.150532 0.251085 0.150532 0.251085 0.119071
1 0.599783 0.076960 0.599783 0.084221 0.644794 0.084221 0.644794 0.076960
2 0.737527 0.935624 0.737527 0.942885 0.753796 0.942885 0.753796 0.935624
2 0.659978 0.935624 0.659978 0.942885 0.735900 0.942885 0.735900 0.935624
2 0.490781 0.935624 0.490781 0.942885 0.508134 0.942885 0.508134 0.935624
2 0.427332 0.935624 0.427332 0.942885 0.489154 0.942885 0.489154 0.935624
2 0.189805 0.935624 0.189805 0.942885 0.273319 0.942885 0.273319 0.935624
2 0.167570 0.935624 0.167570 0.942885 0.186009 0.942885 0.186009 0.935624
2 0.321041 0.671830 0.321041 0.728461 0.329176 0.728461 0.329176 0.671830
2 0.275488 0.622943 0.275488 0.630203 0.310738 0.630203 0.310738 0.622943
2 0.187636 0.622943 0.187636 0.630203 0.223427 0.630203 0.223427 0.622943
2 0.458785 0.588093 0.458785 0.595353 0.474512 0.595353 0.474512 0.588093
2 0.382863 0.588093 0.382863 0.595353 0.457701 0.595353 0.457701 0.588093
2 0.812364 0.489351 0.812364 0.496612 0.875813 0.496612 0.875813 0.489351
2 0.778200 0.489351 0.778200 0.496612 0.808026 0.496612 0.808026 0.489351
2 0.483189 0.489351 0.483189 0.496612 0.558568 0.496612 0.558568 0.489351
2 0.450651 0.489351 0.450651 0.496612 0.479393 0.496612 0.479393 0.489351
2 0.311822 0.489351 0.311822 0.496612 0.341106 0.496612 0.341106 0.489351
2 0.244577 0.489351 0.244577 0.496612 0.308568 0.496612 0.308568 0.489351
2 0.631236 0.444337 0.631236 0.451113 0.645879 0.451113 0.645879 0.444337
2 0.631779 0.403195 0.631779 0.410455 0.646963 0.410455 0.646963 0.403195
2 0.171367 0.335915 0.171367 0.342207 0.190889 0.342207 0.190889 0.335915
2 0.080803 0.335915 0.080803 0.342207 0.121475 0.342207 0.121475 0.335915
2 0.072668 0.245886 0.072668 0.289932 0.080803 0.289932 0.080803 0.245886
2 0.123644 0.182478 0.123644 0.189255 0.143167 0.189255 0.143167 0.182478
2 0.818330 0.076960 0.818330 0.084221 0.873644 0.084221 0.873644 0.076960
2 0.780369 0.076960 0.780369 0.084221 0.812364 0.084221 0.812364 0.076960
2 0.511388 0.076960 0.511388 0.084221 0.585141 0.084221 0.585141 0.076960
2 0.426247 0.076960 0.426247 0.084221 0.501085 0.084221 0.501085 0.076960
2 0.290130 0.076960 0.290130 0.084221 0.347072 0.084221 0.347072 0.076960
2 0.270607 0.076960 0.270607 0.084221 0.288503 0.084221 0.288503 0.076960
2 0.187093 0.076960 0.187093 0.084221 0.227223 0.084221 0.227223 0.076960
