0 0.394030 0.862661 0.394030 0.873820 0.400498 0.873820 0.400498 0.862661
0 0.269154 0.862661 0.269154 0.873820 0.340796 0.873820 0.340796 0.862661 0.293035 0.862661 0.292537 0.833906 0.287562 0.833906 0.287562 0.862232
0 0.589552 0.765236 0.587065 0.765236 0.587065 0.821888 0.581592 0.822318 0.581592 0.824464 0.589552 0.824464
0 0.497015 0.759657 0.497015 0.862232 0.453234 0.862661 0.453234 0.873820 0.487065 0.874249 0.487065 0.941202 0.525373 0.941202 0.525373 0.937339 0.491542 0.936910 0.491542 0.874249 0.531343 0.873820 0.531343 0.862661 0.501493 0.862232 0.501493 0.759657
0 0.707463 0.735193 0.702985 0.735193 0.702488 0.739485 0.687562 0.739485 0.687562 0.743348 0.702985 0.743777 0.702488 0.794850 0.638308 0.794850 0.637811 0.743777 0.644776 0.743348 0.644776 0.739485 0.633333 0.739485 0.633333 0.862232 0.577612 0.862661 0.577612 0.873820 0.616915 0.874249 0.616915 0.936910 0.583085 0.937339 0.583085 0.941202 0.621393 0.941202 0.621891 0.873820 0.713930 0.873820 0.713930 0.862661 0.707463 0.862232 0.707463 0.841202 0.702985 0.841202 0.702488 0.862661 0.637811 0.862232 0.638308 0.798712 0.702488 0.798712 0.702985 0.803863 0.707463 0.803863
0 0.185075 0.729614 0.185075 0.873820 0.230846 0.873820 0.230846 0.862661 0.198010 0.862232 0.198010 0.742918 0.230348 0.742489 0.230348 0.738627 0.198507 0.738627 0.198010 0.729614
0 0.789552 0.515880 0.789552 0.527039 0.844279 0.527468 0.844279 0.678112 0.702985 0.678541 0.702985 0.687124 0.699005 0.687554 0.699005 0.691416 0.702488 0.691416 0.702985 0.694850 0.707463 0.694850 0.707960 0.682403 0.844279 0.682833 0.844279 0.862232 0.789552 0.862661 0.789552 0.873820 0.857214 0.873820 0.857214 0.515880
0 0.563682 0.515880 0.563682 0.527039 0.641791 0.527468 0.641791 0.687124 0.573632 0.687554 0.573632 0.691416 0.652239 0.691416 0.652239 0.687554 0.646269 0.687124 0.646269 0.527468 0.714428 0.527039 0.714428 0.515880
0 0.514428 0.515880 0.514428 0.527039 0.523881 0.527039 0.523881 0.515880
0 0.454229 0.515880 0.454229 0.527039 0.461194 0.527039 0.461194 0.515880
0 0.395025 0.515880 0.395025 0.527039 0.401493 0.527039 0.401493 0.515880
0 0.520398 0.687554 0.298010 0.687124 0.298010 0.527468 0.342786 0.527039 0.342786 0.515880 0.060697 0.516738 0.060697 0.872532 0.111940 0.872532 0.111940 0.869528 0.064179 0.869099 0.064677 0.519742 0.185075 0.520172 0.185075 0.695708 0.198010 0.695708 0.198507 0.691416 0.231343 0.691416 0.231343 0.687554 0.198010 0.687124 0.198010 0.591845 0.205473 0.591416 0.205473 0.587554 0.198010 0.587124 0.198010 0.527468 0.293532 0.527468 0.293532 0.587124 0.247264 0.587554 0.247264 0.591416 0.293532 0.591845 0.293532 0.687124 0.274627 0.687554 0.274627 0.691416 0.287562 0.691845 0.287562 0.793991 0.292537 0.793991 0.293035 0.691416 0.496517 0.691416 0.497015 0.719742 0.501493 0.719742 0.501493 0.691845 0.520398 0.691416
0 0.843781 0.244635 0.843781 0.257082 0.857214 0.257082 0.857214 0.244635
0 0.185572 0.240773 0.185572 0.255794 0.199005 0.255794 0.199005 0.240773
0 0.060697 0.070815 0.060697 0.358798 0.185075 0.358798 0.185572 0.431760 0.857214 0.431760 0.857214 0.302575 0.843781 0.302575 0.843781 0.348498 0.842786 0.348927 0.842786 0.353648 0.843781 0.354077 0.843284 0.420172 0.702985 0.420172 0.702985 0.348927 0.634328 0.348498 0.634328 0.266524 0.631841 0.266524 0.631841 0.390129 0.644776 0.390129 0.645274 0.358798 0.688557 0.358798 0.688557 0.420172 0.199005 0.419742 0.199502 0.358798 0.576119 0.358798 0.576617 0.390129 0.589552 0.390129 0.589552 0.266524 0.587065 0.266524 0.586567 0.272532 0.511940 0.272532 0.511940 0.276824 0.583582 0.277253 0.583085 0.348498 0.461194 0.348498 0.460697 0.277253 0.475124 0.276824 0.475124 0.272532 0.460697 0.272103 0.460697 0.249785 0.455721 0.249785 0.455224 0.348498 0.199502 0.348498 0.199005 0.301288 0.185572 0.301288 0.185075 0.354506 0.065672 0.354077 0.066169 0.075107 0.185572 0.075536 0.185572 0.206438 0.199005 0.206438 0.199502 0.150215 0.455224 0.150215 0.455721 0.212446 0.460697 0.212446 0.461194 0.150215 0.843284 0.150215 0.843781 0.198712 0.857214 0.198712 0.857214 0.070815
1 0.531841 0.862661 0.531841 0.873820 0.577114 0.873820 0.577114 0.862661
1 0.702985 0.804292 0.702985 0.840773 0.707463 0.840773 0.707463 0.804292
1 0.287562 0.794421 0.287562 0.833476 0.292537 0.833476 0.292537 0.794421
1 0.645274 0.739485 0.645274 0.743348 0.687065 0.743348 0.687065 0.739485
1 0.497015 0.720172 0.497015 0.759227 0.501493 0.759227 0.501493 0.720172
1 0.185075 0.696137 0.185075 0.729185 0.198010 0.729185 0.198010 0.696137
1 0.702985 0.695279 0.702985 0.734764 0.707463 0.734764 0.707463 0.695279
1 0.652736 0.687554 0.652736 0.691416 0.698507 0.691416 0.698507 0.687554
1 0.520896 0.687554 0.520896 0.691416 0.573134 0.691416 0.573134 0.687554
1 0.231841 0.687554 0.231841 0.691416 0.274129 0.691416 0.274129 0.687554
1 0.205970 0.587554 0.205970 0.591416 0.246766 0.591416 0.246766 0.587554
1 0.524378 0.515880 0.524378 0.527039 0.563184 0.527039 0.563184 0.515880
1 0.703483 0.348927 0.703483 0.353648 0.842289 0.353648 0.842289 0.348927
1 0.475622 0.272532 0.475622 0.276824 0.511443 0.276824 0.511443 0.272532
1 0.455721 0.212876 0.455721 0.249356 0.460697 0.249356 0.460697 0.212876
1 0.185572 0.206867 0.185572 0.240343 0.199005 0.240343 0.199005 0.206867
2 0.714428 0.862661 0.714428 0.873820 0.789055 0.873820 0.789055 0.862661
2 0.400995 0.862661 0.400995 0.873820 0.452736 0.873820 0.452736 0.862661
2 0.341294 0.862661 0.341294 0.873820 0.393532 0.873820 0.393532 0.862661
2 0.231343 0.862661 0.231343 0.873820 0.268657 0.873820 0.268657 0.862661
2 0.714925 0.515880 0.714925 0.527039 0.789055 0.527039 0.789055 0.515880
2 0.461692 0.515880 0.461692 0.527039 0.513930 0.527039 0.513930 0.515880
2 0.401990 0.515880 0.401990 0.527039 0.453731 0.527039 0.453731 0.515880
2 0.343284 0.515880 0.343284 0.527039 0.394527 0.527039 0.394527 0.515880
2 0.843781 0.257511 0.843781 0.302146 0.857214 0.302146 0.857214 0.257511
2 0.185572 0.256223 0.185572 0.300858 0.199005 0.300858 0.199005 0.256223
2 0.843781 0.199142 0.843781 0.244206 0.857214 0.244206 0.857214 0.199142
