0 0.108772 0.760667 0.108772 0.870000 0.672368 0.870000 0.672368 0.866000 0.111842 0.866000 0.111404 0.760667
0 0.427632 0.742667 0.427632 0.766000 0.513158 0.766000 0.513158 0.742667
0 0.372368 0.742667 0.372368 0.766000 0.376316 0.766000 0.376316 0.742667
0 0.266667 0.693333 0.266667 0.766000 0.321491 0.766000 0.321491 0.742667 0.282456 0.742667 0.282018 0.693333
0 0.727193 0.601333 0.727193 0.742000 0.723246 0.742667 0.723246 0.766000 0.789912 0.766000 0.789912 0.742667 0.731579 0.742000 0.731579 0.601333
0 0.266667 0.574667 0.266667 0.583333 0.282018 0.583333 0.282018 0.574667
0 0.610088 0.479333 0.610088 0.488000 0.636842 0.488667 0.636842 0.742000 0.562719 0.742667 0.562719 0.766000 0.682895 0.766000 0.682895 0.742667 0.641228 0.742000 0.641228 0.479333
0 0.786842 0.160667 0.786842 0.184000 0.807456 0.184667 0.807456 0.254000 0.814035 0.254000 0.814474 0.188667 0.887281 0.189333 0.887281 0.308667 0.807456 0.308667 0.807456 0.375333 0.803947 0.376000 0.803947 0.382667 0.807456 0.383333 0.807456 0.417333 0.816667 0.417333 0.816667 0.410667 0.811842 0.410000 0.812281 0.321333 0.890351 0.322000 0.890351 0.410000 0.852632 0.410667 0.852632 0.417333 0.890351 0.418000 0.890351 0.530000 0.732018 0.530667 0.731579 0.478000 0.727193 0.478000 0.727193 0.546667 0.731579 0.546667 0.732018 0.537333 0.890351 0.538000 0.890351 0.742000 0.861842 0.742667 0.861842 0.766000 0.898246 0.766667 0.898246 0.865333 0.781140 0.866000 0.781140 0.870000 0.900877 0.870000 0.900877 0.766667 0.905702 0.766000 0.905702 0.160667
0 0.610526 0.160667 0.610526 0.184000 0.654386 0.184000 0.654825 0.190000 0.659211 0.190000 0.659649 0.184000 0.727193 0.184667 0.726754 0.254000 0.659649 0.254000 0.659211 0.244000 0.654825 0.244000 0.654825 0.375333 0.650877 0.376000 0.650877 0.382667 0.664035 0.382667 0.664035 0.376000 0.659211 0.375333 0.659649 0.260667 0.727193 0.261333 0.727193 0.375333 0.700439 0.376000 0.700439 0.382667 0.727193 0.383333 0.727193 0.423333 0.731579 0.423333 0.732018 0.382667 0.767982 0.382667 0.767982 0.376000 0.731579 0.375333 0.731579 0.184667 0.750877 0.184000 0.750877 0.160667
0 0.354825 0.376000 0.354825 0.382667 0.440351 0.382667 0.440789 0.389333 0.507018 0.389333 0.507456 0.382667 0.615351 0.382667 0.615351 0.376000 0.466667 0.375333 0.466667 0.184667 0.538596 0.184000 0.538596 0.160667 0.403070 0.160667 0.403070 0.184000 0.462281 0.184667 0.462281 0.375333
0 0.249561 0.160667 0.249561 0.184000 0.277632 0.184667 0.277632 0.387333 0.282018 0.387333 0.282456 0.382667 0.318860 0.382667 0.318860 0.376000 0.282018 0.375333 0.282018 0.184667 0.331140 0.184000 0.331140 0.160667
0 0.104386 0.160667 0.104386 0.470000 0.266228 0.470000 0.266667 0.512667 0.282018 0.512667 0.282018 0.442667 0.277632 0.442667 0.277193 0.446667 0.119737 0.446000 0.119737 0.184667 0.177632 0.184000 0.177632 0.160667
1 0.683333 0.742667 0.683333 0.766000 0.722807 0.766000 0.722807 0.742667
1 0.727193 0.547333 0.727193 0.600667 0.731579 0.600667 0.731579 0.547333
1 0.266667 0.513333 0.266667 0.574000 0.282018 0.574000 0.282018 0.513333
1 0.727193 0.424000 0.727193 0.477333 0.731579 0.477333 0.731579 0.424000
1 0.817105 0.410667 0.817105 0.417333 0.852193 0.417333 0.852193 0.410667
1 0.277632 0.388000 0.277632 0.442000 0.282018 0.442000 0.282018 0.388000
1 0.768421 0.376000 0.768421 0.382667 0.803509 0.382667 0.803509 0.376000
1 0.664474 0.376000 0.664474 0.382667 0.700000 0.382667 0.700000 0.376000
1 0.615789 0.376000 0.615789 0.382667 0.650439 0.382667 0.650439 0.376000
1 0.319298 0.376000 0.319298 0.382667 0.354386 0.382667 0.354386 0.376000
1 0.807456 0.254667 0.807456 0.308000 0.814035 0.308000 0.814035 0.254667
1 0.654825 0.190667 0.654825 0.243333 0.659211 0.243333 0.659211 0.190667
2 0.790351 0.742667 0.790351 0.766000 0.861404 0.766000 0.861404 0.742667
2 0.513596 0.742667 0.513596 0.766000 0.562281 0.766000 0.562281 0.742667
2 0.376754 0.742667 0.376754 0.766000 0.427193 0.766000 0.427193 0.742667
2 0.321930 0.742667 0.321930 0.766000 0.371930 0.766000 0.371930 0.742667
2 0.266667 0.584000 0.266667 0.692667 0.282018 0.692667 0.282018 0.584000
2 0.751316 0.160667 0.751316 0.184000 0.786404 0.184000 0.786404 0.160667
2 0.539035 0.160667 0.539035 0.184000 0.610088 0.184000 0.610088 0.160667
2 0.331579 0.160667 0.331579 0.184000 0.402632 0.184000 0.402632 0.160667
2 0.178070 0.160667 0.178070 0.184000 0.249123 0.184000 0.249123 0.160667
