0 0.533013 0.685578 0.533013 0.842789 0.504202 0.843472 0.504202 0.871497 0.617047 0.871497 0.617047 0.843472 0.546218 0.842789 0.546218 0.685578
0 0.390156 0.664388 0.375750 0.664388 0.374550 0.669856 0.291717 0.669856 0.291717 0.676008 0.375750 0.676692 0.374550 0.735475 0.226891 0.735475 0.226891 0.743677 0.300120 0.744361 0.300120 0.842789 0.252101 0.843472 0.252101 0.871497 0.392557 0.871497 0.392557 0.843472 0.318127 0.842789 0.318127 0.744361 0.390156 0.743677
0 0.649460 0.437457 0.533013 0.437457 0.533013 0.517430 0.543818 0.517430 0.543818 0.444293 0.649460 0.443609
0 0.542617 0.161996 0.542617 0.190704 0.552221 0.190704 0.552221 0.161996
0 0.397359 0.161996 0.397359 0.190704 0.412965 0.191388 0.412965 0.331511 0.427371 0.331511 0.427371 0.191388 0.439376 0.190704 0.439376 0.161996
0 0.932773 0.003418 0.921969 0.003418 0.921969 0.161312 0.753902 0.161996 0.753902 0.190704 0.911164 0.191388 0.911164 0.619959 0.547419 0.620643 0.546218 0.578264 0.533013 0.578264 0.533013 0.628845 0.911164 0.629528 0.911164 0.842789 0.783914 0.843472 0.783914 0.871497 0.944778 0.871497 0.944778 0.161996 0.932773 0.161312
0 0.105642 0.003418 0.105642 0.161312 0.093637 0.161996 0.093637 0.871497 0.194478 0.871497 0.194478 0.843472 0.123649 0.842789 0.123649 0.744361 0.128451 0.743677 0.128451 0.735475 0.123649 0.734792 0.123649 0.567327 0.374550 0.566644 0.375750 0.609023 0.390156 0.609023 0.390156 0.558442 0.318127 0.557758 0.318127 0.488722 0.300120 0.488722 0.298920 0.558442 0.124850 0.558442 0.123649 0.431306 0.298920 0.430622 0.300120 0.433356 0.318127 0.433356 0.319328 0.430622 0.393758 0.430622 0.427371 0.408066 0.427371 0.389610 0.412965 0.389610 0.412965 0.405332 0.387755 0.422420 0.123649 0.421736 0.123649 0.191388 0.230492 0.190704 0.230492 0.161996 0.116447 0.161312 0.116447 0.003418
1 0.393758 0.843472 0.393758 0.871497 0.503001 0.871497 0.503001 0.843472
1 0.129652 0.735475 0.129652 0.743677 0.225690 0.743677 0.225690 0.735475
1 0.533013 0.629528 0.533013 0.684894 0.546218 0.684894 0.546218 0.629528
1 0.375750 0.609706 0.375750 0.663705 0.390156 0.663705 0.390156 0.609706
1 0.300120 0.434040 0.300120 0.488038 0.318127 0.488038 0.318127 0.434040
1 0.412965 0.332194 0.412965 0.388927 0.427371 0.388927 0.427371 0.332194
1 0.440576 0.161996 0.440576 0.190704 0.541417 0.190704 0.541417 0.161996
2 0.618247 0.843472 0.618247 0.871497 0.782713 0.871497 0.782713 0.843472
2 0.195678 0.843472 0.195678 0.871497 0.250900 0.871497 0.250900 0.843472
2 0.553421 0.161996 0.553421 0.190704 0.752701 0.190704 0.752701 0.161996
2 0.231693 0.161996 0.231693 0.190704 0.396158 0.190704 0.396158 0.161996
