0 0.481322 0.688322 0.458333 0.689869 0.456897 0.743233 0.357759 0.743233 0.357759 0.754060 0.364943 0.754834 0.364943 0.853828 0.343391 0.854602 0.343391 0.894045 0.505747 0.894045 0.505747 0.857695 0.390805 0.856922 0.390805 0.751740 0.485632 0.750967 0.485632 0.743233 0.472701 0.742459 0.472701 0.697602 0.487069 0.696829 0.487069 0.689869
0 0.650862 0.609435 0.650862 0.720804 0.675287 0.720804 0.675287 0.609435
0 0.466954 0.290023 0.466954 0.439288 0.484195 0.439288 0.484195 0.290023
0 0.614943 0.187162 0.614943 0.214230 0.637931 0.214230 0.637931 0.187162
0 0.380747 0.187162 0.380747 0.214230 0.465517 0.214230 0.466954 0.225058 0.484195 0.225058 0.484195 0.215004 0.497126 0.214230 0.497126 0.187162
0 0.943966 0.047177 0.912356 0.047177 0.912356 0.186388 0.875000 0.187162 0.875000 0.214230 0.919540 0.215004 0.919540 0.828306 0.875000 0.829080 0.873563 0.857695 0.668103 0.857695 0.666667 0.805104 0.650862 0.805104 0.650862 0.856922 0.637931 0.857695 0.637931 0.894045 0.943966 0.894045
0 0.117816 0.047177 0.117816 0.894045 0.265805 0.894045 0.265805 0.854602 0.160920 0.853828 0.160920 0.754834 0.238506 0.754060 0.238506 0.743233 0.146552 0.742459 0.146552 0.607889 0.218391 0.607115 0.219828 0.566899 0.455460 0.566899 0.456897 0.618716 0.465517 0.618716 0.466954 0.623357 0.481322 0.623357 0.481322 0.619490 0.484195 0.618716 0.484195 0.505027 0.466954 0.505027 0.465517 0.558391 0.146552 0.557618 0.146552 0.215004 0.169540 0.214230 0.169540 0.187162 0.149425 0.186388 0.149425 0.047177
1 0.507184 0.857695 0.507184 0.894045 0.636494 0.894045 0.636494 0.857695
1 0.239943 0.743233 0.239943 0.754060 0.356322 0.754060 0.356322 0.743233
1 0.466954 0.624130 0.466954 0.687548 0.481322 0.687548 0.481322 0.624130
1 0.466954 0.440062 0.466954 0.504254 0.484195 0.504254 0.484195 0.440062
1 0.466954 0.225831 0.466954 0.289250 0.484195 0.289250 0.484195 0.225831
1 0.498563 0.187162 0.498563 0.214230 0.613506 0.214230 0.613506 0.187162
2 0.267241 0.854602 0.267241 0.894045 0.341954 0.894045 0.341954 0.854602
2 0.639368 0.187162 0.639368 0.214230 0.873563 0.214230 0.873563 0.187162
2 0.170977 0.187162 0.170977 0.214230 0.379310 0.214230 0.379310 0.187162
2 0.150862 0.047177 0.150862 0.064192 0.910920 0.064192 0.910920 0.047177
