0 0.040482 0.889957 0.040482 0.951923 0.588286 0.951923 0.588286 0.929487 0.064599 0.929487 0.063738 0.889957
0 0.670973 0.690171 0.670973 0.928419 0.660637 0.929487 0.660637 0.951923 0.956934 0.951923 0.956934 0.821581 0.930233 0.821581 0.929371 0.929487 0.678725 0.929487 0.677864 0.690171
0 0.117140 0.560897 0.140396 0.588675 0.160207 0.563034 0.489233 0.559829 0.498708 0.567308 0.509905 0.581197 0.515935 0.592949 0.520241 0.610043 0.526270 0.607906 0.521964 0.586538 0.503015 0.559829 0.491817 0.552350 0.480620 0.550214 0.479759 0.545940 0.472868 0.545940 0.472007 0.550214 0.167959 0.554487 0.167097 0.505342 0.142119 0.505342 0.142119 0.529915
0 0.667528 0.404915 0.667528 0.413462 0.670973 0.415598 0.677864 0.415598 0.678725 0.413462 0.769165 0.414530 0.769165 0.517094 0.743325 0.518162 0.743325 0.591880 0.677864 0.591880 0.677864 0.481838 0.670973 0.481838 0.670973 0.607906 0.677864 0.607906 0.678725 0.601496 0.776055 0.601496 0.776916 0.542735 0.929371 0.542735 0.930233 0.631410 0.956934 0.631410 0.956934 0.496795 0.930233 0.496795 0.929371 0.534188 0.776055 0.533120 0.776055 0.491453 0.801895 0.490385 0.801895 0.414530 0.839793 0.413462 0.839793 0.404915
0 0.894057 0.404915 0.894057 0.413462 0.929371 0.413462 0.930233 0.432692 0.956934 0.432692 0.956934 0.364316 0.930233 0.364316 0.929371 0.404915
0 0.479759 0.270299 0.312661 0.270299 0.311800 0.266026 0.300603 0.266026 0.299742 0.269231 0.174849 0.269231 0.173988 0.241453 0.142119 0.241453 0.141258 0.260684 0.000000 0.260684 0.000000 0.666667 0.039621 0.666667 0.040482 0.731838 0.063738 0.731838 0.063738 0.684829 0.089578 0.652778 0.087855 0.654915 0.064599 0.627137 0.040482 0.657051 0.000000 0.655983 0.000861 0.279915 0.141258 0.279915 0.142119 0.348291 0.167097 0.348291 0.167959 0.279915 0.440999 0.279915 0.441860 0.344017 0.472868 0.345085 0.472868 0.461538 0.479759 0.461538 0.479759 0.414530 0.482343 0.413462 0.482343 0.404915 0.479759 0.403846
0 0.142119 0.088675 0.142119 0.144231 0.173988 0.144231 0.174849 0.113248 0.299742 0.113248 0.300603 0.200855 0.311800 0.200855 0.312661 0.104701 0.515935 0.104701 0.516796 0.214744 0.586563 0.215812 0.586563 0.403846 0.536606 0.404915 0.536606 0.413462 0.596899 0.413462 0.596899 0.404915 0.593454 0.403846 0.593454 0.206197 0.546942 0.205128 0.547804 0.104701 0.929371 0.104701 0.930233 0.207265 0.956934 0.207265 0.956934 0.088675
1 0.589147 0.929487 0.589147 0.951923 0.659776 0.951923 0.659776 0.929487
1 0.670973 0.608974 0.670973 0.689103 0.677864 0.689103 0.677864 0.608974
1 0.116279 0.561966 0.065461 0.626068 0.087855 0.653846 0.139535 0.589744
1 0.472868 0.462607 0.472868 0.544872 0.479759 0.544872 0.479759 0.462607
1 0.670973 0.416667 0.670973 0.480769 0.677864 0.480769 0.677864 0.416667
1 0.840655 0.404915 0.840655 0.413462 0.893196 0.413462 0.893196 0.404915
1 0.597761 0.404915 0.597761 0.413462 0.666667 0.413462 0.666667 0.404915
1 0.483204 0.404915 0.483204 0.413462 0.535745 0.413462 0.535745 0.404915
1 0.300603 0.201923 0.300603 0.264957 0.311800 0.264957 0.311800 0.201923
2 0.040482 0.732906 0.040482 0.888889 0.063738 0.888889 0.063738 0.732906
2 0.930233 0.632479 0.930233 0.820513 0.956934 0.820513 0.956934 0.632479
2 0.930233 0.433761 0.930233 0.495726 0.956934 0.495726 0.956934 0.433761
2 0.142119 0.349359 0.142119 0.504274 0.167097 0.504274 0.167097 0.349359
2 0.930233 0.208333 0.930233 0.363248 0.956934 0.363248 0.956934 0.208333
2 0.142119 0.145299 0.142119 0.240385 0.173988 0.240385 0.173988 0.145299
