0 0.783260 0.685294 0.712775 0.685294 0.712775 0.695098 0.765639 0.696078 0.764758 0.936275 0.331278 0.936275 0.330396 0.898039 0.302203 0.898039 0.302203 0.951961 0.778855 0.951961 0.778855 0.702941 0.783260 0.701961
0 0.536564 0.685294 0.536564 0.695098 0.632599 0.695098 0.632599 0.685294
0 0.302203 0.558824 0.302203 0.561765 0.330396 0.561765 0.330396 0.558824
0 0.901322 0.023529 0.901322 0.064706 0.936564 0.065686 0.936564 0.199020 0.861674 0.200000 0.861674 0.215686 0.945374 0.216667 0.945374 0.516667 0.872247 0.517647 0.872247 0.527451 0.945374 0.528431 0.945374 0.666667 0.889868 0.667647 0.889868 0.684314 0.868722 0.685294 0.868722 0.701961 0.961233 0.701961 0.961233 0.023529
0 0.465198 0.023529 0.465198 0.060784 0.681057 0.060784 0.681938 0.212745 0.690749 0.212745 0.690749 0.061765 0.785903 0.061765 0.785022 0.318627 0.691630 0.318627 0.690749 0.276471 0.681938 0.276471 0.681057 0.318627 0.461674 0.318627 0.461674 0.328431 0.785022 0.328431 0.785903 0.527451 0.798238 0.527451 0.798238 0.517647 0.794714 0.516667 0.794714 0.216667 0.804405 0.215686 0.804405 0.200000 0.800000 0.199020 0.800000 0.065686 0.802643 0.064706 0.802643 0.023529
0 0.366520 0.023529 0.302203 0.023529 0.301322 0.250000 0.186784 0.250000 0.185903 0.259804 0.090749 0.259804 0.090749 0.682353 0.037004 0.683333 0.037004 0.701961 0.196476 0.701961 0.197357 0.691176 0.301322 0.691176 0.302203 0.758824 0.330396 0.758824 0.330396 0.651961 0.302203 0.651961 0.301322 0.683333 0.097797 0.682353 0.097797 0.268627 0.301322 0.267647 0.302203 0.380392 0.330396 0.380392 0.331278 0.328431 0.385903 0.328431 0.385903 0.318627 0.330396 0.317647 0.330396 0.061765 0.366520 0.060784
1 0.784141 0.685294 0.784141 0.701961 0.867841 0.701961 0.867841 0.685294
1 0.633480 0.685294 0.633480 0.695098 0.711894 0.695098 0.711894 0.685294
1 0.302203 0.562745 0.302203 0.650980 0.330396 0.650980 0.330396 0.562745
1 0.799119 0.517647 0.799119 0.527451 0.871366 0.527451 0.871366 0.517647
1 0.386784 0.318627 0.386784 0.328431 0.460793 0.328431 0.460793 0.318627
1 0.681938 0.213725 0.681938 0.275490 0.690749 0.275490 0.690749 0.213725
1 0.805286 0.200000 0.805286 0.215686 0.860793 0.215686 0.860793 0.200000
2 0.302203 0.759804 0.302203 0.897059 0.330396 0.897059 0.330396 0.759804
2 0.302203 0.381373 0.302203 0.557843 0.330396 0.557843 0.330396 0.381373
2 0.803524 0.023529 0.803524 0.064706 0.900441 0.064706 0.900441 0.023529
2 0.367401 0.023529 0.367401 0.060784 0.464317 0.060784 0.464317 0.023529
