0 0.669753 0.773399 0.669753 0.787730 0.670782 0.787730 0.670782 0.773399
0 0.480967 0.773399 0.480967 0.787730 0.646091 0.787730 0.646091 0.773399 0.623971 0.772951 0.623971 0.716077 0.643519 0.715629 0.643519 0.710255 0.591564 0.710255 0.591564 0.715629 0.615226 0.716077 0.614712 0.773399 0.527263 0.773399 0.526749 0.716077 0.558128 0.715629 0.558128 0.710255 0.527263 0.710255 0.526749 0.704881 0.521091 0.704881 0.521091 0.772951
0 0.715021 0.653829 0.715021 0.709807 0.711934 0.710255 0.711934 0.715629 0.715021 0.716077 0.715021 0.772951 0.711934 0.773399 0.711934 0.787730 0.730453 0.787730 0.730453 0.773399 0.721193 0.772951 0.721193 0.653829
0 0.715021 0.435289 0.715021 0.504254 0.721193 0.504254 0.721708 0.455441 0.806584 0.455889 0.806584 0.562024 0.721708 0.562472 0.721193 0.536498 0.715021 0.536498 0.715021 0.607703 0.721193 0.607703 0.721708 0.579489 0.812757 0.579489 0.813272 0.510076 0.905864 0.510524 0.905864 0.772951 0.842078 0.773399 0.842078 0.787730 0.920267 0.787730 0.920267 0.503807 0.905864 0.503807 0.905350 0.504702 0.813272 0.504702 0.812757 0.441558 0.814300 0.441111 0.814300 0.435737
0 0.419753 0.430811 0.419753 0.445589 0.425412 0.445589 0.425412 0.430811
0 0.307099 0.430811 0.307099 0.787730 0.384259 0.787730 0.384259 0.773399 0.324074 0.772951 0.324588 0.612629 0.520576 0.612629 0.521091 0.668159 0.526749 0.668159 0.527263 0.612629 0.621914 0.612629 0.622428 0.642185 0.626543 0.642185 0.626543 0.607703 0.324588 0.607703 0.324074 0.446037 0.340535 0.445589 0.340535 0.430811
0 0.240226 0.393193 0.084362 0.393193 0.084362 0.503807 0.098765 0.503807 0.099280 0.485893 0.233025 0.486341 0.232510 0.552620 0.099280 0.552620 0.098765 0.533811 0.084362 0.533811 0.084362 0.787282 0.092078 0.787282 0.092078 0.559337 0.240226 0.558889 0.240226 0.468876 0.233025 0.468876 0.232510 0.480072 0.092078 0.480072 0.091564 0.398119 0.232510 0.397671 0.233025 0.426780 0.240226 0.426780
0 0.514403 0.390954 0.514403 0.430363 0.504630 0.430811 0.504630 0.445589 0.529321 0.445589 0.529321 0.390954
0 0.905864 0.376176 0.905864 0.435289 0.850309 0.435737 0.850309 0.441111 0.905350 0.441111 0.905864 0.467085 0.920267 0.467085 0.920267 0.376176
0 0.514403 0.345723 0.514403 0.349306 0.529321 0.349306 0.529321 0.345723
0 0.514403 0.282579 0.514403 0.284371 0.529321 0.284371 0.529321 0.282579
0 0.920267 0.047918 0.856996 0.047918 0.856996 0.060905 0.905864 0.061352 0.905350 0.262427 0.721708 0.262427 0.721193 0.261084 0.715021 0.261084 0.714506 0.261979 0.651749 0.261979 0.651749 0.290640 0.715021 0.291088 0.715021 0.404389 0.721193 0.404389 0.721193 0.358262 0.723765 0.357815 0.723765 0.350202 0.721193 0.349754 0.721708 0.267801 0.815329 0.268249 0.815329 0.349754 0.761317 0.350202 0.761317 0.357815 0.824074 0.357815 0.824588 0.267801 0.905350 0.267801 0.905864 0.329601 0.920267 0.329601
0 0.673354 0.047918 0.673354 0.060905 0.715021 0.061352 0.715021 0.218092 0.648148 0.218540 0.648148 0.223914 0.714506 0.223914 0.715021 0.225258 0.721193 0.225258 0.721193 0.061352 0.759774 0.060905 0.759774 0.047918
0 0.514403 0.047918 0.514403 0.228840 0.529321 0.228840 0.529835 0.223914 0.605453 0.223914 0.605453 0.218540 0.529321 0.218092 0.529321 0.061352 0.571502 0.060905 0.571502 0.047918
1 0.671296 0.773399 0.671296 0.787730 0.711420 0.787730 0.711420 0.773399
1 0.668724 0.710255 0.668724 0.715629 0.711420 0.715629 0.711420 0.710255
1 0.558642 0.710255 0.558642 0.715629 0.591049 0.715629 0.591049 0.710255
1 0.521091 0.668607 0.521091 0.704433 0.526749 0.704433 0.526749 0.668607
1 0.715021 0.608150 0.715021 0.653381 0.721193 0.653381 0.721193 0.608150
1 0.715021 0.504702 0.715021 0.536050 0.721193 0.536050 0.721193 0.504702
1 0.084362 0.504254 0.084362 0.533363 0.098765 0.533363 0.098765 0.504254
1 0.905864 0.467532 0.905864 0.503359 0.920267 0.503359 0.920267 0.467532
1 0.814815 0.435737 0.814815 0.441111 0.849794 0.441111 0.849794 0.435737
1 0.233025 0.427228 0.233025 0.468428 0.240226 0.468428 0.240226 0.427228
1 0.715021 0.404837 0.715021 0.434841 0.721193 0.434841 0.721193 0.404837
1 0.724280 0.350202 0.724280 0.357815 0.760802 0.357815 0.760802 0.350202
1 0.514403 0.349754 0.514403 0.390506 0.529321 0.390506 0.529321 0.349754
1 0.715021 0.225705 0.715021 0.260636 0.721193 0.260636 0.721193 0.225705
1 0.605967 0.218540 0.605967 0.223914 0.647634 0.223914 0.647634 0.218540
2 0.730967 0.773399 0.730967 0.787730 0.841564 0.787730 0.841564 0.773399
2 0.646605 0.773399 0.646605 0.787730 0.669239 0.787730 0.669239 0.773399
2 0.384774 0.773399 0.384774 0.787730 0.480453 0.787730 0.480453 0.773399
2 0.644033 0.710255 0.644033 0.715629 0.667181 0.715629 0.667181 0.710255
2 0.425926 0.430811 0.425926 0.445589 0.504115 0.445589 0.504115 0.430811
2 0.341049 0.430811 0.341049 0.445589 0.419239 0.445589 0.419239 0.430811
2 0.905864 0.330049 0.905864 0.375728 0.920267 0.375728 0.920267 0.330049
2 0.514403 0.284819 0.514403 0.345275 0.529321 0.345275 0.529321 0.284819
2 0.514403 0.229288 0.514403 0.282132 0.529321 0.282132 0.529321 0.229288
2 0.760288 0.047918 0.760288 0.060905 0.856481 0.060905 0.856481 0.047918
2 0.572016 0.047918 0.572016 0.060905 0.672840 0.060905 0.672840 0.047918
