0 0.732084 0.302326 0.732084 0.333333 0.747519 0.333333 0.747519 0.302326
0 0.914002 0.129568 0.889746 0.129568 0.889746 0.301218 0.865491 0.302326 0.865491 0.333333 0.889746 0.334441 0.889746 0.632337 0.586549 0.633444 0.585447 0.433001 0.561191 0.433001 0.561191 0.614618 0.491731 0.615725 0.491731 0.624585 0.561191 0.625692 0.561191 0.863787 0.475193 0.864895 0.475193 0.888151 0.585447 0.888151 0.586549 0.657807 0.914002 0.657807
0 0.504961 0.129568 0.504961 0.170543 0.561191 0.171650 0.561191 0.337763 0.585447 0.337763 0.586549 0.333333 0.628445 0.333333 0.628445 0.302326 0.615215 0.301218 0.615215 0.129568
0 0.298787 0.129568 0.298787 0.170543 0.329658 0.170543 0.329658 0.129568
0 0.009923 0.129568 0.009923 0.888151 0.370452 0.888151 0.370452 0.864895 0.294377 0.863787 0.294377 0.785161 0.281147 0.785161 0.278942 0.856035 0.044101 0.854928 0.044101 0.623477 0.230430 0.622370 0.231533 0.654485 0.278942 0.654485 0.281147 0.688815 0.294377 0.688815 0.294377 0.485050 0.283352 0.485050 0.282249 0.614618 0.034179 0.613511 0.034179 0.171650 0.250276 0.170543 0.250276 0.129568
1 0.371555 0.864895 0.371555 0.888151 0.474090 0.888151 0.474090 0.864895
1 0.281147 0.689922 0.281147 0.784053 0.294377 0.784053 0.294377 0.689922
1 0.561191 0.338870 0.561191 0.431894 0.585447 0.431894 0.585447 0.338870
1 0.629548 0.302326 0.629548 0.333333 0.730981 0.333333 0.730981 0.302326
2 0.748622 0.302326 0.748622 0.333333 0.864388 0.333333 0.864388 0.302326
2 0.616318 0.129568 0.616318 0.155039 0.888644 0.155039 0.888644 0.129568
2 0.330761 0.129568 0.330761 0.170543 0.503859 0.170543 0.503859 0.129568
2 0.251378 0.129568 0.251378 0.170543 0.297685 0.170543 0.297685 0.129568
