0 0.662664 0.751468 0.529476 0.751468 0.524017 0.747554 0.517467 0.753425 0.521834 0.758317 0.521834 0.806262 0.532751 0.806262 0.533843 0.768102 0.635371 0.769080 0.634279 0.927593 0.533843 0.927593 0.532751 0.867906 0.521834 0.867906 0.520742 0.927593 0.216157 0.927593 0.215066 0.822896 0.164847 0.822896 0.164847 0.951076 0.661572 0.951076
0 0.337336 0.282779 0.337336 0.308219 0.352620 0.308219 0.352620 0.282779
0 0.164847 0.282779 0.164847 0.689824 0.215066 0.689824 0.216157 0.679061 0.431223 0.679061 0.456332 0.701566 0.465066 0.694716 0.479258 0.707436 0.436681 0.669276 0.215066 0.668297 0.215066 0.309198 0.227074 0.308219 0.227074 0.282779
0 0.729258 0.137965 0.729258 0.172211 0.843886 0.173190 0.843886 0.410959 0.618996 0.411937 0.617904 0.353229 0.606987 0.353229 0.606987 0.627202 0.672489 0.627202 0.672489 0.617417 0.617904 0.616438 0.617904 0.449119 0.668122 0.448141 0.669214 0.421722 0.836245 0.421722 0.837336 0.616438 0.758734 0.617417 0.758734 0.627202 0.842795 0.628180 0.842795 0.750489 0.766376 0.751468 0.766376 0.774951 0.874454 0.774951 0.874454 0.137965
0 0.562227 0.137965 0.461790 0.137965 0.462882 0.281800 0.453057 0.282779 0.453057 0.308219 0.512009 0.308219 0.512009 0.173190 0.562227 0.172211
0 0.206332 0.137965 0.164847 0.137965 0.164847 0.179061 0.183406 0.179061 0.183406 0.155577 0.206332 0.154599
1 0.521834 0.807241 0.521834 0.866928 0.532751 0.866928 0.532751 0.807241
1 0.663755 0.751468 0.663755 0.774951 0.765284 0.774951 0.765284 0.751468
1 0.465066 0.695695 0.457424 0.702544 0.516376 0.753425 0.524017 0.746575
1 0.673581 0.617417 0.673581 0.627202 0.757642 0.627202 0.757642 0.617417
1 0.353712 0.282779 0.353712 0.308219 0.451965 0.308219 0.451965 0.282779
2 0.164847 0.690802 0.164847 0.821918 0.215066 0.821918 0.215066 0.690802
2 0.228166 0.282779 0.228166 0.308219 0.336245 0.308219 0.336245 0.282779
2 0.164847 0.180039 0.164847 0.281800 0.183406 0.281800 0.183406 0.180039
2 0.563319 0.137965 0.563319 0.172211 0.728166 0.172211 0.728166 0.137965
2 0.207424 0.137965 0.207424 0.154599 0.460699 0.154599 0.460699 0.137965
