0 0.352301 0.668992 0.352301 0.682942 0.359833 0.683576 0.359833 0.809765 0.778243 0.809765 0.778243 0.722257 0.731381 0.722257 0.730544 0.797083 0.477824 0.797083 0.476987 0.752695 0.467782 0.752695 0.466946 0.797083 0.378243 0.797083 0.377406 0.679138 0.466946 0.678503 0.467782 0.708941 0.476987 0.708941 0.476987 0.679772 0.484519 0.674065 0.482008 0.675967 0.473640 0.670260 0.475314 0.668992
0 0.628452 0.334813 0.628452 0.354471 0.641841 0.354471 0.641841 0.334813
0 0.778243 0.333545 0.731381 0.334813 0.731381 0.613190 0.544770 0.613824 0.525523 0.629042 0.532218 0.634750 0.550628 0.620799 0.730544 0.620799 0.731381 0.630945 0.778243 0.630945
0 0.748954 0.228916 0.748954 0.255549 0.778243 0.254914 0.778243 0.228916
0 0.450209 0.228916 0.450209 0.253012 0.493724 0.253646 0.493724 0.354471 0.545607 0.354471 0.545607 0.334813 0.534728 0.334179 0.535565 0.228916
0 0.187448 0.228916 0.187448 0.682942 0.270293 0.682942 0.270293 0.668992 0.206695 0.668358 0.206695 0.579581 0.274477 0.578947 0.274477 0.570704 0.214226 0.570070 0.214226 0.431198 0.354812 0.430564 0.355649 0.453393 0.397490 0.454027 0.397490 0.570070 0.348954 0.570704 0.348954 0.578947 0.406695 0.578947 0.406695 0.424223 0.206695 0.423589 0.206695 0.253646 0.308787 0.253012 0.308787 0.228916
1 0.467782 0.709575 0.467782 0.752061 0.476987 0.752061 0.476987 0.709575
1 0.271130 0.668992 0.271130 0.682942 0.351464 0.682942 0.351464 0.668992
1 0.524686 0.629677 0.474477 0.670260 0.482008 0.675333 0.532218 0.635384
1 0.275314 0.570704 0.275314 0.578947 0.348117 0.578947 0.348117 0.570704
1 0.546444 0.334813 0.546444 0.354471 0.627615 0.354471 0.627615 0.334813
2 0.731381 0.631579 0.731381 0.721623 0.778243 0.721623 0.778243 0.631579
2 0.642678 0.334813 0.642678 0.354471 0.730544 0.354471 0.730544 0.334813
2 0.764854 0.255549 0.764017 0.332911 0.778243 0.332911 0.778243 0.255549
2 0.536402 0.228916 0.536402 0.240330 0.748117 0.240330 0.748117 0.228916
2 0.309623 0.228916 0.309623 0.253012 0.449372 0.253012 0.449372 0.228916
