0 0.603352 0.674286 0.567737 0.674286 0.567737 0.685714 0.580307 0.686667 0.579609 0.809524 0.505587 0.808571 0.505587 0.686667 0.513268 0.685714 0.513268 0.674286 0.476955 0.673333 0.476955 0.604762 0.465782 0.604762 0.465782 0.685714 0.495810 0.686667 0.495112 0.809524 0.227654 0.809524 0.226955 0.733333 0.208799 0.733333 0.208799 0.834286 0.598464 0.834286 0.598464 0.700000 0.603352 0.699048
0 0.849162 0.600952 0.831006 0.600952 0.830307 0.674286 0.673184 0.674286 0.672486 0.656190 0.662709 0.656190 0.662709 0.673333 0.657821 0.674286 0.657821 0.699048 0.849162 0.699048
0 0.592179 0.416190 0.582402 0.416190 0.582402 0.474286 0.551676 0.475238 0.551676 0.488571 0.592179 0.488571
0 0.849162 0.347619 0.831006 0.347619 0.830307 0.476190 0.662709 0.476190 0.662709 0.584762 0.672486 0.584762 0.673184 0.489524 0.830307 0.489524 0.831006 0.555238 0.849162 0.555238
0 0.068436 0.552381 0.226955 0.553333 0.227654 0.488571 0.465084 0.488571 0.465782 0.531429 0.476955 0.531429 0.477654 0.488571 0.499302 0.488571 0.499302 0.475238 0.227654 0.475238 0.226257 0.471429 0.208799 0.471429 0.208101 0.401905 0.226257 0.400000 0.226257 0.356190 0.208101 0.355238 0.208101 0.264762 0.208799 0.538095 0.078911 0.539048 0.078911 0.124762 0.207402 0.124762 0.208101 0.171429 0.226257 0.171429 0.226955 0.136190 0.581704 0.136190 0.582402 0.310476 0.592179 0.310476 0.592877 0.136190 0.830307 0.136190 0.831006 0.226667 0.849162 0.226667 0.849162 0.111429 0.068436 0.111429
1 0.604050 0.674286 0.604050 0.699048 0.657123 0.699048 0.657123 0.674286
1 0.513966 0.674286 0.513966 0.685714 0.567039 0.685714 0.567039 0.674286
1 0.662709 0.585714 0.662709 0.655238 0.672486 0.655238 0.672486 0.585714
1 0.465782 0.532381 0.465782 0.603810 0.476955 0.603810 0.476955 0.532381
1 0.226955 0.400952 0.208799 0.401905 0.208799 0.470476 0.226955 0.470476
2 0.831006 0.556190 0.831006 0.600000 0.849162 0.600000 0.849162 0.556190
2 0.208799 0.554286 0.208799 0.732381 0.226955 0.732381 0.226955 0.554286
2 0.831006 0.227619 0.831006 0.346667 0.849162 0.346667 0.849162 0.227619
2 0.208101 0.172381 0.208799 0.355238 0.226955 0.355238 0.226257 0.172381
