0 0.959119 0.280899 0.827044 0.280899 0.827044 0.311542 0.939203 0.312564 0.939203 0.682329 0.872117 0.683350 0.872117 0.695608 0.939203 0.696629 0.939203 0.834525 0.733753 0.835546 0.732704 0.696629 0.788260 0.695608 0.788260 0.683350 0.671908 0.683350 0.670860 0.676200 0.658281 0.676200 0.658281 0.695608 0.721174 0.696629 0.721174 0.834525 0.632075 0.835546 0.632075 0.855975 0.959119 0.855975
0 0.758910 0.280899 0.758910 0.311542 0.763103 0.311542 0.763103 0.280899
0 0.638365 0.280899 0.638365 0.311542 0.658281 0.312564 0.658281 0.592441 0.670860 0.592441 0.670860 0.312564 0.699161 0.311542 0.699161 0.280899
0 0.572327 0.280899 0.572327 0.311542 0.576520 0.311542 0.576520 0.280899
0 0.351153 0.280899 0.351153 0.311542 0.356394 0.311542 0.356394 0.280899
0 0.236897 0.280899 0.236897 0.311542 0.291405 0.311542 0.291405 0.280899
0 0.081761 0.027579 0.080713 0.037794 0.064990 0.037794 0.064990 0.279877 0.059748 0.280899 0.059748 0.855975 0.546122 0.855975 0.546122 0.835546 0.500000 0.834525 0.500000 0.737487 0.486373 0.737487 0.485325 0.835546 0.081761 0.834525 0.081761 0.713994 0.174004 0.712972 0.193920 0.697651 0.184486 0.684372 0.174004 0.691522 0.092243 0.690501 0.093291 0.564862 0.250524 0.564862 0.251572 0.632278 0.243187 0.639428 0.252621 0.652707 0.266247 0.643514 0.485325 0.643514 0.486373 0.653728 0.500000 0.653728 0.500000 0.632278 0.277778 0.632278 0.276730 0.438202 0.265199 0.438202 0.264151 0.551583 0.111111 0.550562 0.111111 0.504597 0.081761 0.503575 0.081761 0.312564 0.150943 0.311542 0.150943 0.280899 0.081761 0.279877 0.081761 0.038815 0.452830 0.037794 0.453878 0.279877 0.418239 0.280899 0.418239 0.311542 0.511530 0.311542 0.511530 0.280899 0.464361 0.279877 0.464361 0.027579
1 0.547170 0.835546 0.547170 0.855975 0.631027 0.855975 0.631027 0.835546
1 0.789308 0.683350 0.789308 0.695608 0.871069 0.695608 0.871069 0.683350
1 0.486373 0.654750 0.486373 0.736466 0.500000 0.736466 0.500000 0.654750
1 0.242138 0.639428 0.184486 0.683350 0.194969 0.696629 0.252621 0.653728
1 0.658281 0.593463 0.658281 0.675179 0.670860 0.675179 0.670860 0.593463
1 0.151992 0.280899 0.151992 0.311542 0.235849 0.311542 0.235849 0.280899
2 0.764151 0.280899 0.764151 0.311542 0.825996 0.311542 0.825996 0.280899
2 0.700210 0.280899 0.700210 0.311542 0.757862 0.311542 0.757862 0.280899
2 0.577568 0.280899 0.577568 0.311542 0.637317 0.311542 0.637317 0.280899
2 0.512579 0.280899 0.512579 0.311542 0.571279 0.311542 0.571279 0.280899
2 0.357442 0.280899 0.357442 0.311542 0.417191 0.311542 0.417191 0.280899
2 0.292453 0.280899 0.292453 0.311542 0.350105 0.311542 0.350105 0.280899
