0 0.396844 0.808357 0.387493 0.808357 0.387493 0.818444 0.389831 0.819164 0.389246 0.904899 0.339568 0.904179 0.339568 0.868876 0.331385 0.868156 0.331385 0.819164 0.345412 0.818444 0.345412 0.808357 0.323203 0.808357 0.322618 0.911383 0.165400 0.911383 0.164816 0.847983 0.135009 0.847983 0.135009 0.943804 0.416131 0.943804 0.414962 0.910663 0.396844 0.909942
0 0.135009 0.725504 0.135009 0.789625 0.164816 0.789625 0.164816 0.725504
0 0.300409 0.583573 0.300409 0.593660 0.323203 0.594380 0.323203 0.692363 0.389246 0.692363 0.389831 0.734870 0.396844 0.734870 0.396844 0.673631 0.389831 0.673631 0.389246 0.682277 0.331385 0.681556 0.331385 0.594380 0.373466 0.593660 0.374050 0.618156 0.389246 0.618156 0.389831 0.621037 0.396844 0.621037 0.396844 0.617435 0.399182 0.616715 0.399182 0.608790 0.396844 0.608069 0.396844 0.575648 0.389831 0.575648 0.389246 0.583573
0 0.158387 0.515130 0.157802 0.517291 0.135009 0.535303 0.135009 0.667147 0.164816 0.667147 0.165400 0.593660 0.210988 0.593660 0.210988 0.583573 0.164816 0.582853 0.164816 0.527378
0 0.108708 0.446686 0.098773 0.466859 0.108708 0.485591 0.133840 0.464697 0.130918 0.463977
0 0.839275 0.396974 0.809468 0.396974 0.808884 0.608790 0.489188 0.608790 0.489188 0.616715 0.492110 0.617435 0.492110 0.741354 0.504968 0.742075 0.504968 0.909942 0.469316 0.910663 0.468732 0.943804 0.518410 0.943804 0.518410 0.624640 0.785506 0.623919 0.786090 0.636167 0.839275 0.636167
0 0.808884 0.281700 0.808884 0.318444 0.839275 0.319164 0.839275 0.281700
0 0.165400 0.149856 0.135593 0.149856 0.135009 0.391931 0.160140 0.410663 0.148451 0.434438 0.165400 0.399856 0.165985 0.341499 0.298071 0.341499 0.298071 0.332133 0.165400 0.331412
0 0.472823 0.057637 0.472823 0.093660 0.492110 0.094380 0.492110 0.208934 0.452951 0.210375 0.452951 0.219741 0.455289 0.220461 0.456458 0.242075 0.492110 0.242795 0.492110 0.306916 0.455289 0.307637 0.455289 0.318444 0.526593 0.318444 0.527762 0.281700 0.521917 0.280980 0.522501 0.092939 0.593220 0.093660 0.593220 0.280980 0.587376 0.281700 0.587960 0.318444 0.684980 0.318444 0.684980 0.281700 0.597312 0.280980 0.597312 0.087896 0.522501 0.087896 0.521917 0.057637
0 0.265926 0.057637 0.265926 0.093660 0.389831 0.094380 0.389831 0.307637 0.353010 0.308357 0.353010 0.331412 0.351257 0.332133 0.351257 0.341499 0.389246 0.341499 0.389831 0.386888 0.396844 0.386888 0.396844 0.220461 0.411455 0.219741 0.411455 0.210375 0.396844 0.209654 0.396844 0.104467 0.426651 0.103746 0.427236 0.057637
0 0.135593 0.057637 0.135593 0.094380 0.165985 0.093660 0.165985 0.057637
1 0.416715 0.928674 0.416715 0.943804 0.468147 0.943804 0.468147 0.928674
1 0.345996 0.808357 0.345996 0.818444 0.386908 0.818444 0.386908 0.808357
1 0.389831 0.735591 0.389831 0.807637 0.396844 0.807637 0.396844 0.735591
1 0.389831 0.621758 0.389831 0.672911 0.396844 0.672911 0.396844 0.621758
1 0.399766 0.608790 0.399766 0.616715 0.488603 0.616715 0.488603 0.608790
1 0.211572 0.583573 0.211572 0.593660 0.299825 0.593660 0.299825 0.583573
1 0.389831 0.387608 0.389831 0.574928 0.396844 0.574928 0.396844 0.387608
1 0.298656 0.332133 0.298656 0.341499 0.350672 0.341499 0.350672 0.332133
1 0.528346 0.281700 0.528346 0.297550 0.586791 0.297550 0.586791 0.281700
1 0.412040 0.210375 0.412040 0.219741 0.452367 0.219741 0.452367 0.210375
2 0.135009 0.790346 0.135009 0.847262 0.164816 0.847262 0.164816 0.790346
2 0.135009 0.667867 0.135009 0.724784 0.164816 0.724784 0.164816 0.667867
2 0.133255 0.466859 0.108708 0.486311 0.134424 0.535303 0.158387 0.515850
2 0.134424 0.391931 0.108708 0.445965 0.133255 0.464697 0.159556 0.410663
2 0.809468 0.319885 0.809468 0.396254 0.839275 0.396254 0.839275 0.319885
2 0.685564 0.281700 0.685564 0.318444 0.808299 0.318444 0.808299 0.281700
2 0.135593 0.095101 0.135593 0.149135 0.165400 0.149135 0.165400 0.095101
2 0.427820 0.057637 0.427820 0.093660 0.472238 0.093660 0.472238 0.057637
2 0.166569 0.057637 0.166569 0.093660 0.265342 0.093660 0.265342 0.057637
