0 0.798825 0.268222 0.798825 0.297376 0.891336 0.298348 0.891336 0.499514 0.806167 0.500486 0.804699 0.527697 0.591777 0.527697 0.590308 0.474247 0.578561 0.474247 0.578561 0.715258 0.676946 0.715258 0.676946 0.707483 0.590308 0.706511 0.591777 0.535471 0.804699 0.535471 0.806167 0.555879 0.878120 0.555879 0.879589 0.706511 0.784141 0.707483 0.784141 0.715258 0.888399 0.716229 0.888399 0.847425 0.735683 0.848397 0.735683 0.865889 0.919236 0.865889 0.919236 0.268222
0 0.400881 0.268222 0.400881 0.297376 0.403818 0.297376 0.403818 0.268222
0 0.054332 0.163265 0.054332 0.267250 0.048458 0.268222 0.048458 0.865889 0.607930 0.865889 0.607930 0.848397 0.077827 0.847425 0.077827 0.298348 0.146843 0.297376 0.146843 0.268222 0.077827 0.267250 0.077827 0.163265
0 0.054332 0.073858 0.054332 0.088435 0.077827 0.088435 0.079295 0.080661 0.597651 0.080661 0.599119 0.267250 0.521292 0.268222 0.521292 0.297376 0.666667 0.297376 0.666667 0.268222 0.622614 0.267250 0.622614 0.092323 0.609398 0.091351 0.609398 0.073858
1 0.609398 0.848397 0.609398 0.865889 0.734214 0.865889 0.734214 0.848397
1 0.678414 0.707483 0.678414 0.715258 0.782673 0.715258 0.782673 0.707483
1 0.405286 0.268222 0.405286 0.297376 0.519824 0.297376 0.519824 0.268222
2 0.668135 0.268222 0.668135 0.297376 0.797357 0.297376 0.797357 0.268222
2 0.148311 0.268222 0.148311 0.297376 0.399413 0.297376 0.399413 0.268222
2 0.054332 0.089407 0.054332 0.162293 0.077827 0.162293 0.077827 0.089407
