0 0.365682 0.373675 0.365682 0.521201 0.381153 0.521201 0.381153 0.373675
0 0.535865 0.217314 0.535865 0.248233 0.565401 0.248233 0.565401 0.217314
0 0.340366 0.217314 0.340366 0.248233 0.365682 0.249117 0.365682 0.302120 0.381153 0.302120 0.381153 0.249117 0.402250 0.248233 0.402250 0.217314
0 0.029536 0.037102 0.029536 0.947880 0.381153 0.947880 0.381153 0.928445 0.355837 0.927562 0.355837 0.832155 0.343179 0.832155 0.341772 0.928445 0.189873 0.928445 0.188467 0.919611 0.060478 0.918728 0.060478 0.667845 0.341772 0.666961 0.343179 0.757067 0.355837 0.757067 0.355837 0.667845 0.381153 0.666961 0.381153 0.592756 0.365682 0.592756 0.364276 0.659894 0.060478 0.659011 0.060478 0.249117 0.130802 0.248233 0.130802 0.217314 0.060478 0.216431 0.060478 0.052120 0.907173 0.052120 0.907173 0.216431 0.850914 0.217314 0.850914 0.248233 0.907173 0.249117 0.907173 0.715548 0.526020 0.716431 0.526020 0.728799 0.538678 0.728799 0.540084 0.724382 0.635724 0.725265 0.635724 0.800353 0.540084 0.801237 0.538678 0.795936 0.526020 0.795936 0.526020 0.810071 0.635724 0.810954 0.635724 0.927562 0.518987 0.928445 0.518987 0.947880 0.666667 0.947880 0.666667 0.736749 0.938115 0.735866 0.936709 0.037102
1 0.382560 0.928445 0.382560 0.947880 0.517581 0.947880 0.517581 0.928445
1 0.343179 0.757951 0.343179 0.831272 0.355837 0.831272 0.355837 0.757951
1 0.526020 0.729682 0.526020 0.795053 0.538678 0.795053 0.538678 0.729682
1 0.403657 0.217314 0.403657 0.248233 0.534459 0.248233 0.534459 0.217314
2 0.566807 0.217314 0.566807 0.248233 0.849508 0.248233 0.849508 0.217314
2 0.132208 0.217314 0.132208 0.248233 0.338959 0.248233 0.338959 0.217314
