0 0.293441 0.885959 0.275029 0.885959 0.274453 0.932762 0.210012 0.932762 0.210012 0.952538 0.293441 0.952538
0 0.054085 0.878049 0.054085 0.952538 0.139816 0.952538 0.139816 0.932762 0.072497 0.932762 0.071922 0.878049
0 0.715765 0.850363 0.715765 0.795649 0.697353 0.795649 0.696778 0.798286 0.639816 0.798286 0.639816 0.819380 0.710587 0.819380 0.711162 0.850363
0 0.372267 0.738299 0.372267 0.759394 0.378596 0.759394 0.378596 0.738299
0 0.697353 0.616348 0.697353 0.746869 0.715765 0.746869 0.716341 0.740936 0.745109 0.740936 0.745109 0.719842 0.703682 0.719183 0.703682 0.616348
0 0.434407 0.526038 0.434407 0.642057 0.371692 0.642716 0.371692 0.649308 0.434407 0.649967 0.434407 0.737640 0.412543 0.738299 0.412543 0.759394 0.421749 0.760053 0.421749 0.819380 0.499425 0.819380 0.499425 0.798286 0.440161 0.797627 0.440161 0.526038
0 0.298044 0.475939 0.296318 0.475280 0.293441 0.479895 0.300345 0.487805 0.300345 0.642057 0.157077 0.642716 0.157077 0.649308 0.182969 0.649967 0.182394 0.738299 0.071922 0.737640 0.071922 0.649967 0.108746 0.649308 0.108746 0.642716 0.072497 0.642716 0.071922 0.582070 0.054085 0.582070 0.054085 0.798286 0.071922 0.798286 0.072497 0.754120 0.274453 0.754120 0.275029 0.829268 0.293441 0.829268 0.293441 0.760053 0.318757 0.759394 0.318757 0.738299 0.306099 0.737640 0.306099 0.701384 0.300345 0.701384 0.299770 0.738299 0.189298 0.738299 0.188723 0.649967 0.317606 0.649308 0.317606 0.642716 0.306099 0.642057 0.306099 0.485168
0 0.054085 0.502307 0.071922 0.502307 0.072497 0.435728 0.253165 0.435728 0.257192 0.440343 0.261220 0.435728 0.255466 0.429136 0.192750 0.429136 0.192175 0.426500 0.186421 0.426500 0.185846 0.429136 0.072497 0.429136 0.071922 0.421226 0.054085 0.421226
0 0.697353 0.257086 0.697353 0.428477 0.542578 0.429136 0.542578 0.435728 0.638090 0.435728 0.638665 0.441661 0.690449 0.441661 0.691024 0.502307 0.697353 0.502966 0.697353 0.529334 0.703682 0.529334 0.704258 0.471984 0.907365 0.471984 0.907940 0.719183 0.853280 0.719842 0.853280 0.740936 0.915420 0.741595 0.915420 0.846407 0.871116 0.847067 0.871116 0.851022 0.918872 0.851022 0.918872 0.741595 0.925201 0.740936 0.925201 0.447594 0.900460 0.447594 0.899885 0.465392 0.803797 0.465392 0.803222 0.386289 0.798044 0.386289 0.797468 0.465392 0.704258 0.465392 0.703682 0.329598 0.797468 0.328939 0.798044 0.331575 0.803222 0.331575 0.803222 0.286091 0.804948 0.285432 0.804948 0.278181 0.798619 0.278181 0.798044 0.317732 0.704258 0.317732 0.703682 0.257086
0 0.807825 0.133158 0.807825 0.154911 0.813003 0.154911 0.813003 0.133158
0 0.917146 0.078444 0.913119 0.078444 0.912543 0.133158 0.862486 0.133158 0.862486 0.154911 0.906214 0.155570 0.906214 0.277521 0.852704 0.278181 0.852704 0.285432 0.900460 0.286091 0.900460 0.408701 0.925201 0.408701 0.925201 0.133158 0.917146 0.132498
0 0.617952 0.073830 0.617952 0.096243 0.697353 0.096902 0.697353 0.202373 0.703682 0.202373 0.703682 0.155570 0.736479 0.154911 0.736479 0.133158 0.714614 0.132498 0.714614 0.073830
0 0.512658 0.073830 0.372267 0.073830 0.372267 0.096243 0.432681 0.096902 0.432681 0.336190 0.306099 0.336849 0.306099 0.343441 0.438435 0.343441 0.438435 0.096902 0.512658 0.096243
0 0.193901 0.073830 0.193901 0.096243 0.247411 0.096902 0.247411 0.336190 0.243959 0.336849 0.243959 0.343441 0.257192 0.343441 0.257192 0.336849 0.253165 0.336190 0.253165 0.096902 0.301496 0.096243 0.301496 0.073830
0 0.054085 0.073830 0.054085 0.379038 0.071922 0.379038 0.072497 0.343441 0.185846 0.343441 0.186421 0.373105 0.192175 0.373105 0.192175 0.344100 0.195627 0.343441 0.195627 0.336849 0.071922 0.336190 0.071922 0.096902 0.124856 0.096243 0.124856 0.073830
1 0.275029 0.829927 0.275029 0.885300 0.293441 0.885300 0.293441 0.829927
1 0.697353 0.747528 0.697353 0.794990 0.715765 0.794990 0.715765 0.747528
1 0.319333 0.738299 0.319333 0.759394 0.371692 0.759394 0.371692 0.738299
1 0.300345 0.649967 0.300345 0.700725 0.306099 0.700725 0.306099 0.649967
1 0.318182 0.642716 0.318182 0.649308 0.371116 0.649308 0.371116 0.642716
1 0.109321 0.642716 0.109321 0.649308 0.156502 0.649308 0.156502 0.642716
1 0.697353 0.529993 0.697353 0.615689 0.703682 0.615689 0.703682 0.529993
1 0.261795 0.436388 0.257768 0.441002 0.292865 0.479235 0.296318 0.474621
1 0.186421 0.373764 0.186421 0.425840 0.192175 0.425840 0.192175 0.373764
1 0.257768 0.336849 0.257768 0.343441 0.305524 0.343441 0.305524 0.336849
1 0.196203 0.336849 0.196203 0.343441 0.243383 0.343441 0.243383 0.336849
1 0.798044 0.332235 0.798044 0.385630 0.803222 0.385630 0.803222 0.332235
1 0.805524 0.278181 0.805524 0.285432 0.852129 0.285432 0.852129 0.278181
1 0.697353 0.203032 0.697353 0.256427 0.703682 0.256427 0.703682 0.203032
1 0.813579 0.133158 0.813579 0.154911 0.861910 0.154911 0.861910 0.133158
2 0.140391 0.932762 0.140391 0.952538 0.209436 0.952538 0.209436 0.932762
2 0.054085 0.798945 0.054085 0.877390 0.071922 0.877390 0.071922 0.798945
2 0.500000 0.798286 0.500000 0.819380 0.639241 0.819380 0.639241 0.798286
2 0.379171 0.738299 0.379171 0.759394 0.411968 0.759394 0.411968 0.738299
2 0.745685 0.719842 0.745685 0.740936 0.852704 0.740936 0.852704 0.719842
2 0.054085 0.502966 0.054085 0.581411 0.071922 0.581411 0.071922 0.502966
2 0.900460 0.409361 0.900460 0.446935 0.925201 0.446935 0.925201 0.409361
2 0.054085 0.379697 0.054085 0.420567 0.071922 0.420567 0.071922 0.379697
2 0.737054 0.133158 0.737054 0.154911 0.807250 0.154911 0.807250 0.133158
2 0.513234 0.073830 0.513234 0.096243 0.617376 0.096243 0.617376 0.073830
2 0.302071 0.073830 0.302071 0.096243 0.371692 0.096243 0.371692 0.073830
2 0.125432 0.073830 0.125432 0.096243 0.193326 0.096243 0.193326 0.073830
