0 0.837696 0.125803 0.741361 0.125803 0.741361 0.158861 0.813613 0.159780 0.813613 0.699725 0.768586 0.700643 0.767539 0.755739 0.563351 0.755739 0.563351 0.775023 0.837696 0.775023
0 0.136126 0.125803 0.136126 0.775023 0.460733 0.775023 0.460733 0.755739 0.416754 0.754821 0.416754 0.694215 0.408377 0.694215 0.407330 0.755739 0.201047 0.755739 0.200000 0.695133 0.159162 0.694215 0.159162 0.597796 0.243979 0.596878 0.243979 0.589532 0.239791 0.588613 0.239791 0.584940 0.169634 0.584022 0.170681 0.463728 0.336126 0.463728 0.337173 0.588613 0.335079 0.589532 0.335079 0.596878 0.407330 0.596878 0.408377 0.616162 0.416754 0.616162 0.416754 0.589532 0.352880 0.588613 0.352880 0.460055 0.416754 0.459137 0.416754 0.341598 0.406283 0.341598 0.405236 0.451791 0.160209 0.451791 0.159162 0.159780 0.223037 0.158861 0.223037 0.125803
0 0.406283 0.224059 0.416754 0.224059 0.416754 0.159780 0.420942 0.158861 0.420942 0.134986 0.416754 0.134068 0.417801 0.127640 0.513089 0.127640 0.514136 0.134068 0.510995 0.134986 0.510995 0.158861 0.545550 0.158861 0.545550 0.125803 0.531937 0.125803 0.530890 0.121212 0.401047 0.121212 0.401047 0.124885 0.397906 0.125803 0.397906 0.158861 0.406283 0.159780
1 0.461780 0.755739 0.461780 0.775023 0.562304 0.775023 0.562304 0.755739
1 0.408377 0.617080 0.408377 0.693297 0.416754 0.693297 0.416754 0.617080
1 0.245026 0.589532 0.245026 0.596878 0.334031 0.596878 0.334031 0.589532
1 0.406283 0.224977 0.406283 0.340680 0.416754 0.340680 0.416754 0.224977
1 0.421990 0.134986 0.421990 0.158861 0.509948 0.158861 0.509948 0.134986
2 0.546597 0.125803 0.546597 0.158861 0.740314 0.158861 0.740314 0.125803
2 0.224084 0.125803 0.224084 0.158861 0.396859 0.158861 0.396859 0.125803
