0 0.485101 0.897802 0.485101 0.907308 0.528010 0.907308 0.528010 0.900178 0.500596 0.900178 0.499404 0.897802
0 0.873659 0.802733 0.873659 0.820559 0.927294 0.820559 0.927294 0.794415 0.890346 0.794415 0.890346 0.802139
0 0.476758 0.680333 0.476758 0.700535 0.462455 0.701129 0.462455 0.708259 0.476758 0.708853 0.476758 0.802139 0.458880 0.802733 0.458880 0.820559 0.485101 0.821153 0.485101 0.852050 0.499404 0.852050 0.500596 0.816399 0.725864 0.816399 0.727056 0.899584 0.601907 0.900178 0.601907 0.907308 0.741359 0.907308 0.741359 0.821153 0.767580 0.820559 0.767580 0.802733 0.491061 0.802733 0.489869 0.680333
0 0.927294 0.757576 0.927294 0.562686 0.890346 0.562686 0.889154 0.626857 0.476758 0.626857 0.476758 0.636364 0.489869 0.636364 0.491061 0.633393 0.889154 0.633393 0.890346 0.757576
0 0.303933 0.555556 0.303933 0.601901 0.241955 0.602496 0.241955 0.609031 0.303933 0.609626 0.303933 0.700535 0.274136 0.701129 0.274136 0.708259 0.281287 0.708853 0.281287 0.802139 0.270560 0.802733 0.270560 0.820559 0.358760 0.820559 0.358760 0.802733 0.294398 0.802139 0.294398 0.708853 0.358760 0.708259 0.358760 0.701129 0.317044 0.700535 0.317044 0.555556
0 0.890346 0.375520 0.890346 0.455140 0.927294 0.455140 0.927294 0.375520
0 0.873659 0.098039 0.873659 0.116459 0.890346 0.117053 0.890346 0.339275 0.927294 0.339275 0.927294 0.098039
0 0.572110 0.098039 0.572110 0.116459 0.592372 0.116459 0.592372 0.098039
0 0.404052 0.098039 0.404052 0.116459 0.437426 0.117053 0.437426 0.264409 0.450536 0.264409 0.450536 0.117053 0.480334 0.116459 0.480334 0.098039
0 0.407628 0.014260 0.078665 0.014260 0.078665 0.097445 0.060787 0.098039 0.060787 0.210339 0.073897 0.210933 0.073897 0.816399 0.205006 0.816993 0.205006 0.906714 0.218117 0.906714 0.218117 0.821153 0.234803 0.820559 0.234803 0.802733 0.097735 0.802139 0.097735 0.708853 0.207390 0.708259 0.207390 0.701129 0.097735 0.700535 0.097735 0.609626 0.177592 0.609031 0.177592 0.602496 0.097735 0.601901 0.097735 0.474747 0.302741 0.474153 0.303933 0.515746 0.317044 0.515746 0.317044 0.470588 0.336114 0.462270 0.332539 0.464052 0.323004 0.459299 0.303933 0.467617 0.261025 0.467023 0.261025 0.358883 0.390942 0.358883 0.390942 0.430184 0.373063 0.437908 0.382598 0.442662 0.404052 0.433155 0.404052 0.352941 0.450536 0.329768 0.450536 0.316102 0.437426 0.316102 0.437426 0.327392 0.387366 0.351753 0.240763 0.351753 0.240763 0.358289 0.247914 0.358883 0.246722 0.467617 0.097735 0.467023 0.097735 0.358883 0.176400 0.358289 0.176400 0.351753 0.097735 0.351159 0.097735 0.117053 0.190703 0.116459 0.190703 0.098039 0.091776 0.097445 0.091776 0.021390 0.407628 0.020796
1 0.485101 0.852644 0.485101 0.897207 0.499404 0.897207 0.499404 0.852644
1 0.359952 0.802733 0.359952 0.820559 0.457688 0.820559 0.457688 0.802733
1 0.359952 0.701129 0.359952 0.708259 0.461263 0.708259 0.461263 0.701129
1 0.208582 0.701129 0.208582 0.708259 0.272944 0.708259 0.272944 0.701129
1 0.476758 0.636958 0.476758 0.679739 0.489869 0.679739 0.489869 0.636958
1 0.178784 0.602496 0.178784 0.609031 0.240763 0.609031 0.240763 0.602496
1 0.303933 0.516340 0.303933 0.554961 0.317044 0.554961 0.317044 0.516340
1 0.371871 0.437908 0.324195 0.458705 0.332539 0.463458 0.380215 0.443256
1 0.177592 0.351753 0.177592 0.358289 0.239571 0.358289 0.239571 0.351753
1 0.437426 0.265003 0.437426 0.315508 0.450536 0.315508 0.450536 0.265003
1 0.481526 0.098039 0.481526 0.116459 0.570918 0.116459 0.570918 0.098039
2 0.529201 0.900178 0.529201 0.907308 0.600715 0.907308 0.600715 0.900178
2 0.768772 0.802733 0.768772 0.820559 0.872467 0.820559 0.872467 0.802733
2 0.235995 0.802733 0.235995 0.820559 0.269368 0.820559 0.269368 0.802733
2 0.890346 0.758170 0.890346 0.793821 0.927294 0.793821 0.927294 0.758170
2 0.890346 0.455734 0.890346 0.562092 0.927294 0.562092 0.927294 0.455734
2 0.890346 0.339869 0.890346 0.374926 0.927294 0.374926 0.927294 0.339869
2 0.593564 0.098039 0.593564 0.116459 0.872467 0.116459 0.872467 0.098039
2 0.191895 0.098039 0.191895 0.116459 0.402861 0.116459 0.402861 0.098039
