0 0.610419 0.667214 0.610419 0.678718 0.654587 0.679540 0.654587 0.754314 0.560589 0.755136 0.560589 0.763353 0.654587 0.764174 0.654587 0.832375 0.559456 0.833196 0.559456 0.845522 0.565119 0.846343 0.565119 0.850452 0.753114 0.850452 0.753114 0.829088 0.665912 0.828266 0.665912 0.718159 0.671574 0.717338 0.671574 0.709121 0.665912 0.708299 0.665912 0.670501 0.622877 0.670501 0.621744 0.667214
0 0.466591 0.621200 0.455266 0.621200 0.455266 0.832375 0.434881 0.833196 0.434881 0.850452 0.466591 0.850452 0.466591 0.846343 0.473386 0.845522 0.473386 0.833196 0.466591 0.832375 0.466591 0.764174 0.472254 0.763353 0.472254 0.755136 0.466591 0.754314
0 0.612684 0.115859 0.612684 0.133114 0.619479 0.133114 0.619479 0.115859
0 0.514156 0.115859 0.514156 0.133114 0.519819 0.133114 0.519819 0.115859
0 0.884485 0.000000 0.875425 0.000000 0.875425 0.109285 0.855040 0.110107 0.853907 0.115859 0.795017 0.115859 0.795017 0.133114 0.867497 0.133936 0.867497 0.551356 0.622877 0.552177 0.621744 0.387839 0.610419 0.387839 0.610419 0.609696 0.621744 0.609696 0.622877 0.560394 0.867497 0.561216 0.867497 0.708299 0.739524 0.709121 0.739524 0.717338 0.867497 0.718159 0.867497 0.828266 0.824462 0.829088 0.824462 0.850452 0.899207 0.850452 0.899207 0.110107 0.884485 0.109285
0 0.167610 0.000000 0.167610 0.115037 0.159683 0.115859 0.159683 0.850452 0.265006 0.850452 0.265006 0.833196 0.180068 0.832375 0.180068 0.550534 0.454134 0.549712 0.455266 0.555464 0.466591 0.555464 0.466591 0.539030 0.455266 0.539030 0.454134 0.542317 0.181200 0.542317 0.180068 0.461791 0.454134 0.460970 0.455266 0.491372 0.466591 0.491372 0.466591 0.455218 0.180068 0.454396 0.180068 0.133936 0.243488 0.133114 0.243488 0.115859 0.176670 0.115037 0.176670 0.000000
1 0.474519 0.833196 0.474519 0.845522 0.558324 0.845522 0.558324 0.833196
1 0.473386 0.755136 0.473386 0.763353 0.559456 0.763353 0.559456 0.755136
1 0.672707 0.709121 0.672707 0.717338 0.738392 0.717338 0.738392 0.709121
1 0.610419 0.610518 0.610419 0.666393 0.621744 0.666393 0.621744 0.610518
1 0.455266 0.556286 0.455266 0.620378 0.466591 0.620378 0.466591 0.556286
1 0.455266 0.492194 0.455266 0.538209 0.466591 0.538209 0.466591 0.492194
1 0.520951 0.115859 0.520951 0.133114 0.611552 0.133114 0.611552 0.115859
2 0.266138 0.833196 0.266138 0.850452 0.433749 0.850452 0.433749 0.833196
2 0.754247 0.829088 0.754247 0.850452 0.823330 0.850452 0.823330 0.829088
2 0.620612 0.115859 0.620612 0.133114 0.793884 0.133114 0.793884 0.115859
2 0.244621 0.115859 0.244621 0.133114 0.513024 0.133114 0.513024 0.115859
