0 0.426980 0.423687 0.426980 0.727717 0.443069 0.727717 0.444307 0.724054 0.487624 0.724054 0.487624 0.711844 0.443069 0.710623 0.444307 0.522589 0.573020 0.523810 0.573020 0.609280 0.626238 0.610501 0.626238 0.710623 0.569307 0.711844 0.569307 0.724054 0.625000 0.724054 0.626238 0.726496 0.641089 0.726496 0.641089 0.423687 0.623762 0.423687 0.622525 0.510379 0.441832 0.510379 0.440594 0.423687
0 0.982673 0.202686 0.836634 0.202686 0.836634 0.255189 0.954208 0.256410 0.954208 0.849817 0.924505 0.851038 0.924505 0.923077 0.642327 0.924298 0.641089 0.820513 0.626238 0.820513 0.626238 0.923077 0.622525 0.924298 0.622525 0.954823 0.982673 0.954823
0 0.622525 0.202686 0.623762 0.346764 0.641089 0.346764 0.641089 0.256410 0.644802 0.255189 0.644802 0.202686
0 0.188119 0.202686 0.188119 0.255189 0.205446 0.255189 0.205446 0.202686
0 0.017327 0.009768 0.017327 0.201465 0.006188 0.202686 0.006188 0.930403 0.414604 0.930403 0.415842 0.954823 0.525990 0.954823 0.525990 0.924298 0.443069 0.923077 0.443069 0.822955 0.426980 0.822955 0.425743 0.901099 0.035891 0.899878 0.035891 0.256410 0.110149 0.255189 0.110149 0.202686 0.025990 0.201465 0.025990 0.019536 0.397277 0.018315 0.398515 0.202686 0.407178 0.203907 0.407178 0.255189 0.426980 0.256410 0.426980 0.346764 0.440594 0.346764 0.440594 0.256410 0.559406 0.255189 0.559406 0.202686 0.407178 0.201465 0.407178 0.009768
1 0.527228 0.924298 0.527228 0.954823 0.621287 0.954823 0.621287 0.924298
1 0.426980 0.728938 0.426980 0.821734 0.443069 0.821734 0.443069 0.728938
1 0.626238 0.727717 0.626238 0.819292 0.641089 0.819292 0.641089 0.727717
1 0.488861 0.711844 0.488861 0.724054 0.568069 0.724054 0.568069 0.711844
1 0.623762 0.347985 0.623762 0.422466 0.641089 0.422466 0.641089 0.347985
1 0.426980 0.347985 0.426980 0.422466 0.440594 0.422466 0.440594 0.347985
1 0.111386 0.202686 0.111386 0.255189 0.186881 0.255189 0.186881 0.202686
2 0.646040 0.202686 0.646040 0.255189 0.835396 0.255189 0.835396 0.202686
2 0.560644 0.202686 0.560644 0.255189 0.621287 0.255189 0.621287 0.202686
2 0.206683 0.202686 0.206683 0.255189 0.405941 0.255189 0.405941 0.203907
