0 0.655794 0.697854 0.655794 0.699571 0.666094 0.699571 0.666094 0.697854
0 0.655794 0.649785 0.655794 0.651502 0.666094 0.651502 0.666094 0.649785
0 0.520172 0.497854 0.520172 0.554506 0.512446 0.555365 0.512446 0.568240 0.535622 0.568240 0.535622 0.557940 0.531330 0.557082 0.531330 0.497854
0 0.686695 0.082403 0.686695 0.117597 0.721888 0.118455 0.721888 0.557082 0.606867 0.557940 0.606867 0.596567 0.654936 0.596567 0.655794 0.605150 0.718455 0.606009 0.718455 0.745064 0.666953 0.745923 0.666094 0.744206 0.655794 0.744206 0.654936 0.753648 0.632618 0.753648 0.632618 0.787983 0.643777 0.787983 0.644635 0.763090 0.786266 0.763090 0.787124 0.920172 0.644635 0.921030 0.643777 0.860944 0.632618 0.860944 0.632618 0.907296 0.596567 0.908155 0.596567 0.926180 0.804292 0.926180 0.804292 0.745923 0.737339 0.745064 0.737339 0.082403
0 0.606009 0.082403 0.490987 0.082403 0.490987 0.117597 0.520172 0.118455 0.520172 0.429185 0.531330 0.429185 0.531330 0.118455 0.606009 0.117597
0 0.198283 0.082403 0.198283 0.571674 0.268670 0.572532 0.268670 0.674678 0.392275 0.674678 0.393133 0.764807 0.488412 0.765665 0.488412 0.926180 0.514163 0.926180 0.514163 0.908155 0.504721 0.907296 0.504721 0.701288 0.496137 0.701288 0.495279 0.750215 0.414592 0.749356 0.414592 0.569099 0.421459 0.568240 0.421459 0.555365 0.415451 0.555365 0.414592 0.552790 0.403433 0.552790 0.402575 0.656652 0.289270 0.656652 0.288412 0.552790 0.218026 0.551931 0.218026 0.118455 0.245494 0.117597 0.245494 0.082403
1 0.515021 0.908155 0.515021 0.926180 0.595708 0.926180 0.595708 0.908155
1 0.632618 0.788841 0.632618 0.860086 0.643777 0.860086 0.643777 0.788841
1 0.655794 0.700429 0.655794 0.743348 0.666094 0.743348 0.666094 0.700429
1 0.655794 0.652361 0.655794 0.696996 0.666094 0.696996 0.666094 0.652361
1 0.655794 0.606009 0.655794 0.648927 0.666094 0.648927 0.666094 0.606009
1 0.536481 0.557940 0.536481 0.568240 0.606009 0.568240 0.606009 0.557940
1 0.422318 0.555365 0.422318 0.568240 0.511588 0.568240 0.511588 0.555365
1 0.289270 0.552790 0.289270 0.563948 0.402575 0.563948 0.402575 0.552790
1 0.520172 0.430043 0.520172 0.496996 0.531330 0.496996 0.531330 0.430043
2 0.606867 0.082403 0.606867 0.117597 0.685837 0.117597 0.685837 0.082403
2 0.246352 0.082403 0.246352 0.117597 0.490129 0.117597 0.490129 0.082403
