0 0.713684 0.891019 0.713684 0.910192 0.797895 0.910192 0.797895 0.891019
0 0.412281 0.816347 0.412281 0.835520 0.443509 0.835520 0.443509 0.816347
0 0.568070 0.752270 0.568070 0.759839 0.577193 0.760343 0.577193 0.815843 0.567368 0.816347 0.567368 0.835520 0.568070 0.836024 0.568070 0.910192 0.581754 0.910192 0.581404 0.759334 0.584561 0.758829 0.584561 0.752270
0 0.628070 0.700303 0.628070 0.751766 0.606667 0.752270 0.606667 0.758829 0.628070 0.759334 0.628070 0.890515 0.603509 0.891019 0.603509 0.910192 0.670175 0.910192 0.670175 0.891019 0.632281 0.890515 0.632281 0.741675 0.707368 0.741171 0.707368 0.706862 0.708070 0.706357 0.708070 0.700303 0.703158 0.700303 0.702807 0.735116 0.632632 0.735116 0.632281 0.700303
0 0.532281 0.700303 0.527719 0.700303 0.527719 0.815843 0.488070 0.816347 0.488070 0.835520 0.532982 0.835520 0.532281 0.760343 0.533333 0.759839 0.533333 0.752270 0.532281 0.751766
0 0.738947 0.700303 0.738947 0.706357 0.771930 0.705853 0.771930 0.699798
0 0.375789 0.695762 0.375789 0.700807 0.377544 0.700807 0.377544 0.695762
0 0.344211 0.695762 0.344211 0.700807 0.346316 0.700807 0.346316 0.695762
0 0.311579 0.694753 0.311579 0.700807 0.316140 0.700807 0.316842 0.694753
0 0.256491 0.694753 0.256491 0.700807 0.258596 0.700807 0.258596 0.694753
0 0.223860 0.694753 0.223860 0.700807 0.226667 0.700807 0.226667 0.694753
0 0.192281 0.694753 0.192281 0.700807 0.194035 0.700807 0.194035 0.694753
0 0.159298 0.694753 0.159298 0.700807 0.162105 0.700807 0.162105 0.694753
0 0.127368 0.694753 0.127368 0.700807 0.129825 0.700807 0.129825 0.694753
0 0.095439 0.694753 0.095439 0.700807 0.097544 0.700807 0.097544 0.694753
0 0.064211 0.694753 0.064211 0.700807 0.068772 0.700807 0.068772 0.694753
0 0.919298 0.686176 0.906316 0.686176 0.905965 0.890515 0.841053 0.891019 0.841053 0.910192 0.919298 0.910192
0 0.803860 0.660444 0.803860 0.664480 0.848421 0.664480 0.848421 0.660444
0 0.311579 0.656408 0.311579 0.660444 0.316842 0.660444 0.316842 0.656408
0 0.890526 0.616549 0.877193 0.616549 0.876842 0.623108 0.838246 0.623108 0.838246 0.625631 0.877193 0.626135 0.876842 0.699294 0.802456 0.699798 0.802456 0.705853 0.891228 0.705348 0.891228 0.686176 0.890526 0.685671
0 0.311579 0.615540 0.311579 0.621090 0.316842 0.621090 0.316842 0.615540
0 0.533333 0.618567 0.454737 0.618567 0.454386 0.553986 0.449825 0.553986 0.449825 0.618063 0.425965 0.618567 0.425614 0.615540 0.411228 0.615540 0.411228 0.695257 0.408772 0.695762 0.408772 0.700807 0.412281 0.701312 0.412281 0.784561 0.425614 0.784561 0.425965 0.625126 0.527368 0.625126 0.527719 0.657417 0.532281 0.657417 0.532281 0.625631 0.533333 0.625126
0 0.311228 0.505550 0.311228 0.511100 0.316491 0.511100 0.316491 0.505550
0 0.562456 0.485873 0.562456 0.528254 0.566667 0.528254 0.567018 0.526741 0.671579 0.526741 0.671930 0.532291 0.676140 0.532291 0.676491 0.531282 0.742456 0.531282 0.742807 0.610999 0.676491 0.611504 0.676140 0.561049 0.671930 0.561049 0.671579 0.618567 0.567018 0.618567 0.566667 0.561049 0.562456 0.561049 0.562105 0.625126 0.750175 0.625126 0.750175 0.489405 0.745965 0.489405 0.745614 0.520686 0.567018 0.520686 0.566667 0.485873
0 0.311228 0.466196 0.311228 0.471241 0.316491 0.471241 0.316491 0.466196
0 0.502456 0.423310 0.502456 0.442482 0.523860 0.442482 0.523860 0.423310
0 0.376140 0.423310 0.376140 0.430878 0.379298 0.430878 0.379298 0.423310
0 0.343509 0.423310 0.343509 0.430878 0.346316 0.430878 0.346316 0.423310
0 0.310877 0.423310 0.311228 0.431382 0.316491 0.431382 0.316491 0.423310
0 0.256491 0.423310 0.256491 0.429364 0.259298 0.429364 0.259298 0.423310
0 0.223509 0.423310 0.223509 0.429364 0.226667 0.429364 0.226667 0.423310
0 0.191579 0.423310 0.191579 0.429364 0.195439 0.429364 0.195439 0.423310
0 0.158246 0.423310 0.158246 0.429364 0.162807 0.429364 0.162807 0.423310
0 0.126667 0.423310 0.126667 0.429364 0.131228 0.429364 0.131228 0.423310
0 0.094035 0.423310 0.094035 0.429364 0.099298 0.429364 0.099298 0.423310
0 0.063860 0.423310 0.063860 0.429364 0.068772 0.429364 0.068772 0.423310
0 0.862456 0.331988 0.862456 0.351160 0.877193 0.351665 0.877193 0.585267 0.890526 0.585267 0.890526 0.331988
0 0.733684 0.331988 0.733684 0.351160 0.768070 0.351160 0.768070 0.331988
0 0.657193 0.331988 0.657193 0.351160 0.690175 0.351160 0.690175 0.331988
0 0.553684 0.331988 0.553333 0.442482 0.562456 0.442482 0.562807 0.445005 0.567018 0.445005 0.567368 0.331988
0 0.417544 0.328456 0.413684 0.328456 0.413684 0.422805 0.408421 0.423310 0.408421 0.430878 0.411228 0.431382 0.411228 0.559031 0.316842 0.559536 0.316491 0.558022 0.311228 0.557518 0.311228 0.534813 0.311579 0.567608 0.316842 0.567608 0.317193 0.566599 0.410877 0.566599 0.411228 0.568113 0.425614 0.568113 0.425614 0.442987 0.459298 0.442482 0.459298 0.423310 0.417544 0.422805
0 0.529123 0.067608 0.528772 0.292129 0.883158 0.292129 0.883158 0.067608
1 0.533333 0.816347 0.533333 0.835520 0.567018 0.835520 0.567018 0.816347
1 0.584912 0.752270 0.584912 0.758829 0.606316 0.758829 0.606316 0.752270
1 0.533684 0.752270 0.533684 0.759839 0.567719 0.759839 0.567719 0.752270
1 0.708421 0.700303 0.708421 0.706357 0.738596 0.706357 0.738596 0.700303
1 0.772281 0.699798 0.772281 0.705853 0.802105 0.705853 0.802105 0.699798
1 0.527719 0.657921 0.527719 0.699798 0.532281 0.699798 0.532281 0.657921
1 0.533684 0.618567 0.533684 0.625126 0.561754 0.625126 0.561754 0.618567
1 0.411228 0.568618 0.411228 0.615035 0.425614 0.615035 0.425614 0.568618
1 0.311579 0.568113 0.311579 0.615035 0.316842 0.615035 0.316842 0.568113
1 0.671930 0.532795 0.671930 0.560545 0.676140 0.560545 0.676140 0.532795
1 0.562456 0.528759 0.562456 0.560545 0.566667 0.560545 0.566667 0.528759
1 0.311228 0.511604 0.311579 0.557518 0.316842 0.557518 0.316491 0.511604
1 0.562807 0.445510 0.562456 0.485368 0.566667 0.485368 0.567018 0.445510
1 0.524211 0.423310 0.524211 0.442482 0.552982 0.442482 0.552982 0.423310
1 0.259649 0.423310 0.259649 0.429364 0.310526 0.429364 0.310526 0.423310
1 0.582456 0.158930 0.582456 0.201816 0.588421 0.201816 0.588421 0.158930
2 0.798246 0.891019 0.798246 0.910192 0.840702 0.910192 0.840702 0.891019
2 0.670526 0.891019 0.670526 0.910192 0.713333 0.910192 0.713333 0.891019
2 0.582105 0.891019 0.582105 0.910192 0.603158 0.910192 0.603158 0.891019
2 0.443860 0.816347 0.443860 0.835520 0.487719 0.835520 0.487719 0.816347
2 0.412281 0.785066 0.412281 0.815843 0.425614 0.815843 0.425614 0.785066
2 0.377895 0.695762 0.377895 0.700807 0.408421 0.700807 0.408421 0.695762
2 0.346667 0.695762 0.346667 0.700807 0.375439 0.700807 0.375439 0.695762
2 0.316491 0.696771 0.316491 0.700807 0.343860 0.700807 0.343860 0.695762 0.317193 0.695762
2 0.227018 0.694753 0.227018 0.700807 0.256140 0.700807 0.256140 0.694753
2 0.194386 0.694753 0.194386 0.700807 0.223509 0.700807 0.223509 0.694753
2 0.162456 0.694753 0.162456 0.700807 0.191930 0.700807 0.191930 0.694753
2 0.130175 0.694753 0.130175 0.700807 0.158947 0.700807 0.158947 0.694753
2 0.097895 0.694753 0.097895 0.700807 0.127018 0.700807 0.127018 0.694753
2 0.069123 0.694753 0.069123 0.700807 0.095088 0.700807 0.095088 0.694753
2 0.891579 0.686176 0.891579 0.705348 0.905965 0.705348 0.905965 0.686176
2 0.311579 0.660949 0.311579 0.694248 0.316842 0.694248 0.316842 0.660949
2 0.311579 0.621594 0.311579 0.655903 0.316842 0.655903 0.316842 0.621594
2 0.877193 0.585772 0.877193 0.616044 0.890526 0.616044 0.890526 0.585772
2 0.311228 0.471746 0.311228 0.505045 0.316491 0.505045 0.316491 0.471746
2 0.311228 0.431887 0.311228 0.465691 0.316491 0.465691 0.316491 0.431887
2 0.459649 0.423310 0.459649 0.442482 0.502105 0.442482 0.502105 0.423310
2 0.379649 0.423310 0.379649 0.430878 0.408070 0.430878 0.408070 0.423310
2 0.346667 0.423310 0.346667 0.430878 0.375789 0.430878 0.375789 0.423310
2 0.316842 0.423310 0.316842 0.430878 0.343158 0.430878 0.343158 0.423310
2 0.227018 0.423310 0.227018 0.429364 0.256140 0.429364 0.256140 0.423310
2 0.195789 0.423310 0.195789 0.429364 0.223158 0.429364 0.223158 0.423310
2 0.163158 0.423310 0.163158 0.429364 0.191228 0.429364 0.191228 0.423310
2 0.131579 0.423310 0.131579 0.429364 0.157895 0.429364 0.157895 0.423310
2 0.099649 0.423310 0.099649 0.429364 0.126316 0.429364 0.126316 0.423310
2 0.069123 0.423310 0.069123 0.429364 0.093684 0.429364 0.093684 0.423310
2 0.768421 0.331988 0.768421 0.351160 0.862105 0.351160 0.862105 0.331988
2 0.690526 0.331988 0.690526 0.351160 0.733333 0.351160 0.733333 0.331988
2 0.567719 0.331988 0.567719 0.351160 0.656842 0.351160 0.656842 0.331988
