0 0.107099 0.692015 0.107099 0.701521 0.180539 0.702155 0.180539 0.692649
0 0.594247 0.688213 0.594247 0.697719 0.686659 0.697719 0.687271 0.764259 0.684211 0.764892 0.684211 0.782003 0.717258 0.782003 0.717258 0.764892 0.694002 0.764259 0.694002 0.728771 0.720318 0.728137 0.720318 0.718631 0.694002 0.717997 0.694002 0.688213
0 0.783354 0.417617 0.783354 0.622307 0.833537 0.622307 0.833537 0.614068 0.790698 0.613435 0.790698 0.417617
0 0.979804 0.230672 0.938800 0.230672 0.938800 0.247148 0.965728 0.247782 0.965728 0.613435 0.888005 0.614068 0.888005 0.622307 0.893513 0.622940 0.893513 0.657161 0.900245 0.657161 0.900857 0.622307 0.965728 0.622940 0.965728 0.747148 0.900857 0.747782 0.900245 0.714195 0.893513 0.714195 0.892901 0.764892 0.791310 0.764892 0.790698 0.718631 0.774786 0.718631 0.774786 0.728137 0.782742 0.728771 0.782742 0.764259 0.770502 0.764892 0.770502 0.782003 0.797430 0.782636 0.797430 0.866286 0.805386 0.866286 0.805998 0.782003 0.972460 0.782003 0.973072 0.961343 0.805998 0.961977 0.805386 0.922053 0.797430 0.922053 0.797430 0.967681 0.979804 0.967681
0 0.894125 0.230672 0.894125 0.247148 0.895349 0.247148 0.895349 0.230672
0 0.671971 0.230672 0.671971 0.247148 0.673807 0.247148 0.673807 0.230672
0 0.578335 0.230672 0.578335 0.247148 0.580171 0.247148 0.580171 0.230672
0 0.406977 0.230038 0.406977 0.246515 0.408201 0.246515 0.408201 0.230038
0 0.323133 0.230038 0.239290 0.230038 0.239290 0.246515 0.252754 0.247148 0.252754 0.487326 0.244186 0.487959 0.244186 0.497465 0.252142 0.497465 0.252754 0.505070 0.258874 0.505070 0.258874 0.247148 0.323133 0.246515
0 0.185435 0.230038 0.185435 0.246515 0.188494 0.246515 0.188494 0.230038
0 0.107711 0.230038 0.107711 0.246515 0.108935 0.246515 0.108935 0.230038
0 0.514076 0.105830 0.513464 0.782003 0.637087 0.782003 0.637699 0.968314 0.709302 0.968314 0.709302 0.960710 0.645043 0.960076 0.645043 0.782636 0.647491 0.782003 0.647491 0.764892 0.526928 0.764259 0.527540 0.622307 0.693390 0.622307 0.693390 0.613435 0.526928 0.612801 0.527540 0.247782 0.535496 0.247148 0.535496 0.230672 0.519584 0.230038 0.519584 0.114068 0.769278 0.113435 0.769890 0.230038 0.727662 0.230672 0.727662 0.247148 0.783354 0.247782 0.783354 0.340938 0.790698 0.340938 0.790698 0.247782 0.811506 0.247148 0.811506 0.230672 0.777234 0.230038 0.777234 0.105830
0 0.024480 0.004436 0.024480 0.782636 0.492656 0.782636 0.492656 0.004436 0.485312 0.004436 0.485312 0.229404 0.451040 0.230038 0.451040 0.246515 0.477356 0.247148 0.477356 0.534221 0.330477 0.534854 0.329865 0.603929 0.259486 0.603929 0.258874 0.558302 0.252754 0.558302 0.252754 0.663498 0.258874 0.663498 0.259486 0.610900 0.329865 0.610900 0.330477 0.653992 0.346389 0.653992 0.346389 0.647022 0.338433 0.646388 0.339045 0.542459 0.476744 0.542459 0.477356 0.646388 0.392289 0.647022 0.392289 0.653992 0.477356 0.654626 0.476744 0.766160 0.259486 0.766160 0.258874 0.707858 0.252754 0.707858 0.252142 0.766160 0.039168 0.765526 0.039168 0.626109 0.163403 0.625475 0.163403 0.572877 0.155447 0.572877 0.154835 0.617871 0.039780 0.617871 0.039780 0.498099 0.154835 0.497465 0.155447 0.525982 0.163403 0.525982 0.163403 0.498099 0.191554 0.497465 0.191554 0.487959 0.039780 0.487326 0.039780 0.247148 0.064871 0.246515 0.064871 0.230038 0.031212 0.229404 0.031212 0.004436
1 0.797430 0.866920 0.797430 0.921420 0.805386 0.921420 0.805386 0.866920
1 0.717870 0.764892 0.717870 0.782003 0.769890 0.782003 0.769890 0.764892
1 0.720930 0.718631 0.720930 0.728137 0.774174 0.728137 0.774174 0.718631
1 0.252754 0.664132 0.252754 0.707224 0.258874 0.707224 0.258874 0.664132
1 0.893513 0.657795 0.893513 0.713561 0.900245 0.713561 0.900245 0.657795
1 0.347001 0.647022 0.347001 0.653992 0.391677 0.653992 0.391677 0.647022
1 0.834149 0.614068 0.834149 0.622307 0.887393 0.622307 0.887393 0.614068
1 0.155447 0.526616 0.155447 0.572243 0.163403 0.572243 0.163403 0.526616
1 0.252754 0.505703 0.252754 0.557668 0.258874 0.557668 0.258874 0.505703
1 0.192166 0.487959 0.192166 0.497465 0.243574 0.497465 0.243574 0.487959
1 0.783354 0.341572 0.783354 0.416984 0.790698 0.416984 0.790698 0.341572
1 0.674419 0.230672 0.674419 0.247148 0.727050 0.247148 0.727050 0.230672
1 0.189106 0.230038 0.189106 0.246515 0.238678 0.246515 0.238678 0.230038
2 0.648103 0.764892 0.648103 0.782003 0.683599 0.782003 0.683599 0.764892
2 0.895961 0.230672 0.895961 0.247148 0.938188 0.247148 0.938188 0.230672
2 0.812118 0.230672 0.812118 0.247148 0.893513 0.247148 0.893513 0.230672
2 0.580783 0.230672 0.580783 0.247148 0.671359 0.247148 0.671359 0.230672
2 0.536108 0.230672 0.536108 0.247148 0.577723 0.247148 0.577723 0.230672
2 0.408813 0.230038 0.408813 0.246515 0.450428 0.246515 0.450428 0.230038
2 0.323745 0.230038 0.323745 0.246515 0.406365 0.246515 0.406365 0.230038
2 0.109547 0.230038 0.109547 0.246515 0.184823 0.246515 0.184823 0.230038
2 0.065483 0.230038 0.065483 0.246515 0.107099 0.246515 0.107099 0.230038
