0 0.955114 0.663395 0.930831 0.663395 0.930096 0.669284 0.637969 0.669284 0.637233 0.666340 0.628403 0.666340 0.627667 0.669284 0.502575 0.669284 0.502575 0.690873 0.955114 0.690873
0 0.420162 0.507360 0.349522 0.507360 0.349522 0.519136 0.411332 0.520118 0.410596 0.669284 0.253863 0.669284 0.253127 0.520118 0.302428 0.519136 0.302428 0.507360 0.253863 0.507360 0.253127 0.502453 0.245769 0.502453 0.245769 0.850834 0.072848 0.851816 0.072112 0.764475 0.043414 0.764475 0.043414 0.873405 0.261957 0.873405 0.262693 0.690873 0.437086 0.690873 0.437086 0.669284 0.420162 0.668302
0 0.324503 0.381747 0.324503 0.393523 0.329654 0.393523 0.329654 0.381747
0 0.955114 0.358194 0.947756 0.358194 0.947020 0.362120 0.871229 0.362120 0.870493 0.357213 0.856512 0.357213 0.855776 0.381747 0.628403 0.381747 0.628403 0.596663 0.637233 0.596663 0.637969 0.393523 0.930096 0.394504 0.930831 0.483808 0.955114 0.483808
0 0.043414 0.307164 0.043414 0.451423 0.072112 0.451423 0.072848 0.400393 0.245033 0.400393 0.245769 0.430815 0.253127 0.430815 0.253127 0.394504 0.260486 0.393523 0.260486 0.381747 0.072848 0.381747 0.072112 0.307164
0 0.856512 0.132483 0.856512 0.137390 0.870493 0.137390 0.870493 0.132483
0 0.043414 0.120707 0.072112 0.120707 0.072848 0.043180 0.415747 0.043180 0.416483 0.393523 0.425313 0.393523 0.426049 0.043180 0.855776 0.043180 0.856512 0.048086 0.870493 0.048086 0.871229 0.043180 0.947020 0.043180 0.947756 0.047105 0.955114 0.047105 0.955114 0.024534 0.043414 0.024534
1 0.437822 0.669284 0.437822 0.690873 0.501840 0.690873 0.501840 0.669284
1 0.628403 0.597645 0.628403 0.665358 0.637233 0.665358 0.637233 0.597645
1 0.303164 0.507360 0.303164 0.519136 0.348786 0.519136 0.348786 0.507360
1 0.245769 0.431796 0.245769 0.501472 0.253127 0.501472 0.253127 0.431796
1 0.261221 0.381747 0.261221 0.393523 0.323767 0.393523 0.323767 0.381747
1 0.856512 0.049068 0.856512 0.131501 0.870493 0.131501 0.870493 0.049068
2 0.930831 0.484789 0.930831 0.662414 0.955114 0.662414 0.955114 0.484789
2 0.043414 0.452404 0.043414 0.763494 0.072112 0.763494 0.072112 0.452404
2 0.856512 0.138371 0.856512 0.356232 0.870493 0.356232 0.870493 0.138371
2 0.043414 0.121688 0.043414 0.306183 0.072112 0.306183 0.072112 0.121688
2 0.947756 0.048086 0.947756 0.357213 0.955114 0.357213 0.955114 0.048086
