0 0.266786 0.759965 0.266786 0.869796 0.778872 0.869796 0.778872 0.846767 0.758281 0.846767 0.757386 0.843224 0.747538 0.843224 0.746643 0.846767 0.464637 0.846767 0.463742 0.839681 0.326768 0.839681 0.325873 0.759965
0 0.266786 0.635075 0.266786 0.710363 0.325873 0.710363 0.326768 0.700620 0.454790 0.700620 0.455685 0.782994 0.463742 0.782994 0.464637 0.700620 0.620412 0.700620 0.621307 0.714792 0.683080 0.714792 0.683975 0.700620 0.746643 0.700620 0.747538 0.769708 0.757386 0.769708 0.757386 0.689991 0.313339 0.689991 0.312444 0.635075
0 0.858550 0.175376 0.858550 0.217892 0.926589 0.218778 0.926589 0.582817 0.795882 0.583702 0.794987 0.570416 0.784244 0.569531 0.784244 0.527015 0.775291 0.527015 0.775291 0.534987 0.770815 0.535872 0.770815 0.544730 0.775291 0.545616 0.775291 0.592560 0.926589 0.593446 0.926589 0.845881 0.867502 0.846767 0.867502 0.869796 0.947180 0.869796 0.947180 0.175376
0 0.640107 0.175376 0.640107 0.217892 0.675918 0.218778 0.675918 0.544730 0.691137 0.544730 0.691137 0.535872 0.684870 0.534987 0.684870 0.218778 0.720680 0.217892 0.720680 0.175376
0 0.078782 0.076174 0.078782 0.404783 0.135184 0.404783 0.136079 0.418069 0.265891 0.418069 0.266786 0.591674 0.312444 0.591674 0.312444 0.395040 0.266786 0.395040 0.265891 0.397697 0.085944 0.396811 0.085944 0.084145 0.266786 0.084145 0.266786 0.309123 0.312444 0.309123 0.313339 0.217892 0.444047 0.217892 0.444047 0.175376 0.274843 0.175376 0.273948 0.076174
1 0.779767 0.846767 0.779767 0.869796 0.866607 0.869796 0.866607 0.846767
1 0.455685 0.783880 0.455685 0.838795 0.463742 0.838795 0.463742 0.783880
1 0.747538 0.770593 0.747538 0.842338 0.757386 0.842338 0.757386 0.770593
1 0.692032 0.535872 0.692032 0.544730 0.769919 0.544730 0.769919 0.535872
1 0.266786 0.310009 0.266786 0.394154 0.312444 0.394154 0.312444 0.310009
2 0.266786 0.711249 0.266786 0.759079 0.325873 0.759079 0.325873 0.711249
2 0.266786 0.592560 0.266786 0.634190 0.312444 0.634190 0.312444 0.592560
2 0.721576 0.175376 0.721576 0.217892 0.857654 0.217892 0.857654 0.175376
2 0.444942 0.175376 0.444942 0.217892 0.639212 0.217892 0.639212 0.175376
