0 0.234642 0.922752 0.234642 0.941460 0.262840 0.941460 0.262840 0.922752 0.254280 0.922752 0.253776 0.920941 0.245217 0.920941 0.244713 0.922752
0 0.701410 0.899819 0.696375 0.899819 0.695871 0.922752 0.670695 0.922752 0.670695 0.941460 0.711480 0.941460 0.711480 0.922752 0.701410 0.922148
0 0.067976 0.789982 0.067976 0.825588 0.129909 0.824985 0.129909 0.815329 0.085599 0.815329 0.085096 0.789982
0 0.175730 0.771273 0.169688 0.771273 0.169688 0.814725 0.167170 0.815329 0.167170 0.824985 0.169688 0.825588 0.169688 0.922148 0.085599 0.922752 0.085096 0.891370 0.067976 0.891370 0.067976 0.941460 0.192346 0.941460 0.192346 0.922752 0.175730 0.922148
0 0.380665 0.758600 0.380665 0.850935 0.369084 0.851539 0.369084 0.869040 0.394763 0.869040 0.394763 0.865419 0.396274 0.864816 0.396274 0.855763 0.394763 0.855160 0.394763 0.851539 0.388721 0.850935 0.388721 0.771877 0.398288 0.771273 0.398288 0.761617 0.386203 0.761617 0.385700 0.758600
0 0.940081 0.757996 0.930514 0.757996 0.930514 0.931201 0.917422 0.931804 0.917422 0.941460 0.940081 0.941460
0 0.244713 0.757996 0.245217 0.872058 0.253776 0.872058 0.254280 0.869040 0.266365 0.869040 0.266365 0.851539 0.251259 0.850935 0.251259 0.757996
0 0.520645 0.755582 0.514099 0.755582 0.513595 0.761617 0.491440 0.761617 0.491440 0.771273 0.512588 0.771877 0.512085 0.851539 0.458207 0.850935 0.458711 0.761617 0.439577 0.761617 0.439577 0.771273 0.448640 0.771877 0.448640 0.850935 0.441591 0.851539 0.441591 0.855160 0.439577 0.855763 0.439577 0.864816 0.441591 0.865419 0.441591 0.869040 0.448640 0.869644 0.448640 0.941460 0.557905 0.941460 0.557905 0.922752 0.521148 0.922752 0.520645 0.902836 0.516616 0.902836 0.516113 0.922752 0.466264 0.922148 0.466767 0.861195 0.516113 0.861195 0.516616 0.864212 0.520645 0.864212
0 0.067976 0.665057 0.067976 0.703681 0.085096 0.703681 0.085096 0.676524 0.099194 0.675920 0.099194 0.668075 0.085599 0.668075 0.085096 0.665057
0 0.378651 0.552203 0.378651 0.558841 0.380665 0.559445 0.380665 0.640917 0.349446 0.641521 0.349446 0.646349 0.353978 0.646349 0.354481 0.643331 0.380161 0.643331 0.380665 0.673506 0.354481 0.674110 0.353978 0.671092 0.349446 0.671092 0.349446 0.675920 0.380161 0.675920 0.380665 0.710923 0.385700 0.710923 0.385700 0.552203
0 0.823766 0.399517 0.823766 0.414605 0.826284 0.415208 0.826284 0.418829 0.923464 0.418829 0.923968 0.449004 0.940081 0.449004 0.940081 0.399517
0 0.754280 0.399517 0.754280 0.418829 0.769386 0.419433 0.769386 0.623416 0.693857 0.624019 0.693857 0.632468 0.696375 0.633072 0.696375 0.659626 0.701410 0.659626 0.701913 0.632468 0.769386 0.633072 0.769386 0.731442 0.701913 0.732046 0.701410 0.694629 0.696375 0.694629 0.695871 0.696439 0.514099 0.696439 0.514099 0.707302 0.520645 0.707302 0.521148 0.704285 0.695871 0.704285 0.696375 0.855160 0.701410 0.855160 0.701410 0.740495 0.768882 0.739891 0.769386 0.922148 0.754280 0.922752 0.754280 0.941460 0.795569 0.941460 0.795569 0.931804 0.780967 0.931201 0.780967 0.603500 0.930010 0.602897 0.930514 0.624019 0.940081 0.624019 0.940081 0.587206 0.776435 0.587206 0.775932 0.419433 0.780967 0.418829 0.780967 0.415208 0.783988 0.414605 0.783988 0.399517
0 0.617825 0.399517 0.617825 0.514786 0.621853 0.514786 0.622356 0.506337 0.648036 0.506940 0.648036 0.547978 0.622356 0.548582 0.621853 0.546168 0.617825 0.546168 0.617825 0.554013 0.621853 0.554013 0.622356 0.550996 0.648036 0.551599 0.648036 0.592034 0.622356 0.592637 0.621853 0.584792 0.617825 0.584792 0.617825 0.623416 0.595166 0.624019 0.595166 0.632468 0.621349 0.632468 0.621349 0.624019 0.619839 0.623416 0.620342 0.595051 0.647533 0.595051 0.648036 0.623416 0.646526 0.624019 0.646526 0.632468 0.653575 0.632468 0.653575 0.624019 0.650050 0.623416 0.650050 0.495474 0.646022 0.495474 0.645519 0.503923 0.619839 0.503319 0.619839 0.463488 0.645519 0.462885 0.646022 0.464695 0.650050 0.464695 0.650050 0.456850 0.646022 0.456850 0.645519 0.460471 0.619839 0.459867 0.619839 0.419433 0.645519 0.418829 0.646022 0.426675 0.650050 0.426675 0.650554 0.418829 0.658610 0.418829 0.658610 0.399517
0 0.476334 0.382016 0.476334 0.551599 0.449144 0.552203 0.448640 0.632468 0.453172 0.632468 0.453676 0.596862 0.528197 0.596862 0.528701 0.632468 0.551360 0.632468 0.551360 0.624019 0.534240 0.623416 0.534240 0.592034 0.485901 0.592034 0.485398 0.590223 0.481370 0.590223 0.480866 0.592034 0.453172 0.591430 0.453676 0.558841 0.480866 0.558841 0.481370 0.561255 0.485398 0.561255 0.485398 0.419433 0.519134 0.418829 0.519134 0.399517 0.492951 0.399517 0.492447 0.383826 0.487915 0.383826 0.487412 0.382016
0 0.476334 0.324080 0.476334 0.332529 0.487412 0.332529 0.487412 0.324080
0 0.476334 0.263730 0.476334 0.268558 0.487412 0.268558 0.487412 0.263730
0 0.476334 0.202776 0.476334 0.207604 0.487412 0.207604 0.487412 0.202776
0 0.476334 0.141823 0.476334 0.146651 0.487412 0.146651 0.487412 0.141823
0 0.476334 0.035607 0.476334 0.086904 0.490937 0.087508 0.490937 0.035607
0 0.427996 0.035607 0.230614 0.035607 0.230614 0.365118 0.223061 0.365721 0.223061 0.398310 0.067976 0.398914 0.067976 0.481593 0.071501 0.481593 0.072004 0.485214 0.079557 0.485214 0.080060 0.481593 0.085096 0.481593 0.085599 0.418226 0.244713 0.418829 0.244209 0.537115 0.080060 0.537115 0.079557 0.530477 0.072004 0.530477 0.072004 0.536512 0.067976 0.537115 0.067976 0.602293 0.085096 0.602293 0.085599 0.546771 0.162638 0.547375 0.162638 0.667471 0.132931 0.668075 0.132931 0.675920 0.169688 0.676524 0.169688 0.727218 0.175730 0.727218 0.175730 0.676524 0.177241 0.675920 0.177241 0.662040 0.175730 0.661436 0.176234 0.552203 0.239678 0.552806 0.239678 0.661436 0.213494 0.662040 0.213494 0.675920 0.215005 0.676524 0.215005 0.706699 0.218530 0.706699 0.218530 0.675920 0.244209 0.675920 0.244713 0.701871 0.242699 0.702474 0.242699 0.706699 0.244713 0.707302 0.244713 0.711527 0.251259 0.711527 0.251259 0.559445 0.336858 0.558841 0.336858 0.552203 0.251259 0.551599 0.251259 0.398310 0.259315 0.397707 0.259315 0.353048 0.251259 0.352444 0.251259 0.057333 0.427996 0.056729
1 0.796073 0.931804 0.796073 0.941460 0.916918 0.941460 0.916918 0.931804
1 0.245217 0.872661 0.245217 0.920338 0.253776 0.920338 0.253776 0.872661
1 0.516616 0.864816 0.516616 0.902233 0.520645 0.902233 0.520645 0.864816
1 0.696375 0.855763 0.696375 0.899215 0.701410 0.899215 0.701410 0.855763
1 0.396777 0.855763 0.396777 0.864816 0.439074 0.864816 0.439074 0.855763
1 0.130413 0.815329 0.130413 0.824985 0.166667 0.824985 0.166667 0.815329
1 0.459215 0.761617 0.459215 0.771273 0.490937 0.771273 0.490937 0.761617
1 0.398792 0.761617 0.398792 0.771273 0.439074 0.771273 0.439074 0.761617
1 0.169688 0.727821 0.169688 0.770670 0.175730 0.770670 0.175730 0.727821
1 0.244713 0.712130 0.244713 0.757393 0.251259 0.757393 0.251259 0.712130
1 0.380665 0.711527 0.380665 0.757996 0.385700 0.757996 0.385700 0.711527
1 0.514099 0.707906 0.514099 0.754979 0.520645 0.754979 0.520645 0.707906
1 0.219033 0.702474 0.219033 0.706699 0.242195 0.706699 0.242195 0.702474
1 0.099698 0.668075 0.099698 0.675920 0.132427 0.675920 0.132427 0.668075
1 0.177744 0.662040 0.177744 0.675920 0.212991 0.675920 0.212991 0.662040
1 0.696375 0.660229 0.696375 0.694025 0.701410 0.694025 0.701410 0.660229
1 0.349446 0.646952 0.349446 0.670489 0.353978 0.670489 0.353978 0.646952
1 0.654079 0.624019 0.654079 0.632468 0.693353 0.632468 0.693353 0.624019
1 0.621853 0.624019 0.621853 0.632468 0.646022 0.632468 0.646022 0.624019
1 0.551863 0.624019 0.551863 0.632468 0.594663 0.632468 0.594663 0.624019
1 0.481370 0.561859 0.481370 0.589620 0.485398 0.589620 0.485398 0.561859
1 0.617825 0.554617 0.617825 0.584188 0.621853 0.584188 0.621853 0.554617
1 0.337362 0.552203 0.337362 0.558841 0.378147 0.558841 0.378147 0.552203
1 0.617825 0.515389 0.617825 0.545564 0.621853 0.545564 0.621853 0.515389
1 0.072004 0.485818 0.072004 0.529873 0.079557 0.529873 0.079557 0.485818
1 0.646022 0.465299 0.646022 0.494870 0.650050 0.494870 0.650050 0.465299
1 0.646022 0.427278 0.646022 0.456246 0.650050 0.456246 0.650050 0.427278
1 0.784491 0.399517 0.784491 0.414605 0.823263 0.414605 0.823263 0.399517
1 0.476334 0.333132 0.476334 0.381412 0.487412 0.381412 0.487412 0.333132
2 0.711984 0.922752 0.711984 0.941460 0.753776 0.941460 0.753776 0.922752
2 0.558409 0.922752 0.558409 0.941460 0.670191 0.941460 0.670191 0.922752
2 0.192850 0.922752 0.192850 0.941460 0.234139 0.941460 0.234139 0.922752
2 0.266868 0.851539 0.266868 0.869040 0.368580 0.869040 0.368580 0.851539
2 0.067976 0.826192 0.067976 0.890766 0.085096 0.890766 0.085096 0.826192
2 0.067976 0.704285 0.067976 0.789378 0.085096 0.789378 0.085096 0.704285
2 0.930514 0.687387 0.930514 0.757393 0.940081 0.757393 0.940081 0.687387
2 0.930514 0.624623 0.930514 0.685576 0.940081 0.685576 0.940081 0.624623
2 0.067976 0.602897 0.067976 0.664454 0.085096 0.664454 0.085096 0.602897
2 0.923968 0.517200 0.923968 0.586602 0.940081 0.586602 0.940081 0.517200
2 0.923968 0.449608 0.923968 0.515993 0.940081 0.515993 0.940081 0.449608
2 0.729607 0.399517 0.729607 0.418829 0.753776 0.418829 0.753776 0.399517
2 0.659114 0.399517 0.659114 0.418829 0.728600 0.418829 0.728600 0.399517
2 0.592145 0.399517 0.592145 0.418829 0.617321 0.418829 0.617321 0.399517
2 0.519637 0.399517 0.519637 0.418829 0.591138 0.418829 0.591138 0.399517
2 0.476334 0.269161 0.476334 0.323476 0.487412 0.323476 0.487412 0.269161
2 0.476334 0.208208 0.476334 0.263126 0.487412 0.263126 0.487412 0.208208
2 0.476334 0.147254 0.476334 0.202173 0.487412 0.202173 0.487412 0.147254
2 0.476334 0.087508 0.476334 0.141219 0.487412 0.141219 0.487412 0.087508
2 0.428499 0.035607 0.428499 0.056729 0.475831 0.056729 0.475831 0.035607
