0 0.608452 0.690202 0.608452 0.755043 0.603360 0.755764 0.603360 0.763689 0.608452 0.764409 0.608452 0.809798 0.604379 0.810519 0.604379 0.816282 0.603360 0.817003 0.604379 0.837176 0.854888 0.837176 0.854888 0.742795 0.839104 0.742795 0.838595 0.810519 0.614053 0.810519 0.613544 0.690202
0 0.558554 0.755764 0.526477 0.755043 0.526477 0.656340 0.521385 0.656340 0.520876 0.810519 0.331466 0.810519 0.330957 0.710375 0.316701 0.710375 0.316701 0.837176 0.557026 0.837176 0.557026 0.832853 0.559572 0.832133 0.559572 0.817003 0.557026 0.816282 0.557026 0.810519 0.526477 0.809798 0.526477 0.764409 0.558554 0.763689
0 0.854888 0.550432 0.839104 0.550432 0.838595 0.603026 0.709267 0.603026 0.709267 0.610951 0.838595 0.610951 0.839104 0.628963 0.854888 0.628963
0 0.608452 0.520893 0.608452 0.628242 0.613544 0.628242 0.613544 0.520893
0 0.221487 0.493516 0.221487 0.506484 0.316191 0.506484 0.316701 0.597262 0.330957 0.597262 0.331466 0.541066 0.520876 0.541066 0.521385 0.593660 0.526477 0.593660 0.526477 0.533862 0.331466 0.533862 0.330957 0.481988 0.316701 0.481988 0.316191 0.493516
0 0.316701 0.417867 0.316701 0.422911 0.330957 0.422911 0.330957 0.417867
0 0.854888 0.326369 0.834012 0.326369 0.833503 0.358790 0.740326 0.358790 0.739817 0.355187 0.734725 0.355187 0.734216 0.358790 0.646130 0.358790 0.646130 0.365994 0.649185 0.366715 0.649185 0.424352 0.675153 0.424352 0.675662 0.365994 0.838595 0.365994 0.839104 0.415706 0.854888 0.415706
0 0.221996 0.216859 0.221996 0.229107 0.241853 0.229107 0.241853 0.216859
0 0.679735 0.202450 0.679735 0.229827 0.734725 0.230548 0.734725 0.309078 0.739817 0.309078 0.740326 0.237032 0.833503 0.237032 0.834012 0.280259 0.854888 0.280259 0.854888 0.202450
0 0.299898 0.216859 0.299898 0.229107 0.316701 0.229827 0.316701 0.276657 0.330957 0.276657 0.331466 0.229827 0.557026 0.229827 0.557536 0.484870 0.562627 0.484870 0.562627 0.366715 0.602342 0.365994 0.602342 0.358790 0.562627 0.358069 0.562627 0.230548 0.647149 0.229827 0.647149 0.202450 0.316701 0.202450 0.316191 0.216859
1 0.560081 0.817003 0.560081 0.832133 0.602851 0.832133 0.602851 0.817003
1 0.559063 0.755764 0.559063 0.763689 0.602851 0.763689 0.602851 0.755764
1 0.608452 0.628963 0.608452 0.689481 0.613544 0.689481 0.613544 0.628963
1 0.521385 0.594380 0.521385 0.655620 0.526477 0.655620 0.526477 0.594380
1 0.316701 0.423631 0.316701 0.481268 0.330957 0.481268 0.330957 0.423631
1 0.602851 0.358790 0.602851 0.365994 0.645621 0.365994 0.645621 0.358790
1 0.734725 0.309798 0.734725 0.354467 0.739817 0.354467 0.739817 0.309798
2 0.839104 0.629683 0.839104 0.742075 0.854888 0.742075 0.854888 0.629683
2 0.316701 0.597983 0.316701 0.709654 0.330957 0.709654 0.330957 0.597983
2 0.839104 0.416427 0.839104 0.549712 0.854888 0.549712 0.854888 0.416427
2 0.834012 0.280980 0.834012 0.325648 0.854888 0.325648 0.854888 0.280980
2 0.316701 0.277378 0.316701 0.417147 0.330957 0.417147 0.330957 0.277378
2 0.242363 0.216859 0.242363 0.229107 0.299389 0.229107 0.299389 0.216859
2 0.647658 0.202450 0.647658 0.229827 0.679226 0.229827 0.679226 0.202450
