0 0.338779 0.557157 0.338779 0.565802 0.355976 0.565802 0.355976 0.557157
0 0.918315 0.145053 0.897678 0.145053 0.896819 0.564841 0.843508 0.565802 0.843508 0.577329 0.896819 0.578290 0.896819 0.680115 0.774721 0.681076 0.773861 0.578290 0.784179 0.577329 0.784179 0.565802 0.582975 0.565802 0.582115 0.515850 0.571797 0.515850 0.570937 0.509126 0.562339 0.509126 0.562339 0.798271 0.534824 0.799232 0.534824 0.828050 0.532244 0.829011 0.532244 0.838617 0.573517 0.838617 0.574377 0.578290 0.759243 0.578290 0.760103 0.705091 0.918315 0.705091
0 0.767842 0.145053 0.535684 0.145053 0.535684 0.166186 0.562339 0.167147 0.562339 0.414025 0.508169 0.414986 0.508169 0.425552 0.561479 0.425552 0.562339 0.429395 0.570937 0.429395 0.571797 0.166186 0.767842 0.166186
0 0.202923 0.145053 0.202923 0.166186 0.423904 0.167147 0.423904 0.429395 0.435082 0.429395 0.435942 0.425552 0.442820 0.425552 0.442820 0.414986 0.435082 0.414025 0.435082 0.189241 0.488392 0.188280 0.488392 0.145053
0 0.082545 0.145053 0.082545 0.568684 0.279450 0.568684 0.280310 0.805956 0.425623 0.805956 0.426483 0.838617 0.449699 0.838617 0.449699 0.829011 0.446260 0.828050 0.446260 0.724304 0.435082 0.724304 0.434222 0.794428 0.290628 0.793468 0.290628 0.629203 0.434222 0.628242 0.435082 0.661864 0.446260 0.661864 0.446260 0.514890 0.435942 0.514890 0.435082 0.511047 0.423904 0.511047 0.423904 0.556196 0.402408 0.557157 0.402408 0.565802 0.435082 0.566763 0.434222 0.615754 0.291488 0.615754 0.290628 0.566763 0.292347 0.565802 0.292347 0.557157 0.101462 0.556196 0.101462 0.145053
1 0.450559 0.829011 0.450559 0.838617 0.531384 0.838617 0.531384 0.829011
1 0.435082 0.662824 0.435082 0.723343 0.446260 0.723343 0.446260 0.662824
1 0.785039 0.565802 0.785039 0.577329 0.842648 0.577329 0.842648 0.565802
1 0.356836 0.557157 0.356836 0.565802 0.401548 0.565802 0.401548 0.557157
1 0.293207 0.557157 0.293207 0.565802 0.337919 0.565802 0.337919 0.557157
1 0.562339 0.430355 0.562339 0.508165 0.570937 0.508165 0.570937 0.430355
1 0.423904 0.430355 0.423904 0.510086 0.435082 0.510086 0.435082 0.430355
1 0.443680 0.414986 0.443680 0.425552 0.507309 0.425552 0.507309 0.414986
2 0.768702 0.145053 0.768702 0.166186 0.896819 0.165226 0.896819 0.145053
2 0.489252 0.145053 0.489252 0.166186 0.534824 0.166186 0.534824 0.145053
2 0.102322 0.145053 0.102322 0.166186 0.202064 0.166186 0.202064 0.145053
