0 0.616861 0.689845 0.602671 0.689845 0.601836 0.691501 0.591820 0.691501 0.591820 0.698675 0.602671 0.699227 0.602671 0.786976 0.589316 0.787528 0.589316 0.808499 0.667780 0.809051 0.667780 0.899007 0.450751 0.899558 0.450751 0.904525 0.675292 0.904525 0.675292 0.809051 0.681970 0.808499 0.681970 0.787528 0.616861 0.786976
0 0.450751 0.688742 0.450751 0.786976 0.421536 0.787528 0.421536 0.808499 0.511686 0.808499 0.511686 0.787528 0.460768 0.786976 0.460768 0.699227 0.510851 0.698675 0.510851 0.691501 0.461603 0.691501 0.460768 0.688742
0 0.677796 0.497792 0.677796 0.504415 0.731219 0.504967 0.731219 0.593819 0.617696 0.594371 0.616861 0.592715 0.602671 0.592715 0.602671 0.641280 0.616861 0.641280 0.617696 0.600993 0.883139 0.600993 0.883973 0.786976 0.787980 0.787528 0.787980 0.808499 0.915693 0.808499 0.915693 0.572848 0.883973 0.572848 0.883139 0.594371 0.747078 0.594371 0.746244 0.504967 0.750417 0.504415 0.750417 0.497792
0 0.883973 0.444812 0.883973 0.497241 0.804674 0.497792 0.804674 0.504415 0.808013 0.504967 0.808013 0.507726 0.883139 0.507726 0.883973 0.536976 0.915693 0.536976 0.915693 0.444812
0 0.445743 0.257726 0.445743 0.279801 0.501669 0.279801 0.501669 0.257726
0 0.673623 0.170530 0.583472 0.170530 0.583472 0.257174 0.572621 0.257726 0.572621 0.279801 0.602671 0.280353 0.602671 0.318985 0.616861 0.318985 0.616861 0.192053 0.673623 0.191501
0 0.902337 0.081678 0.894825 0.081678 0.894825 0.169978 0.832220 0.170530 0.832220 0.191501 0.883973 0.192053 0.883973 0.400110 0.617696 0.400662 0.616861 0.364238 0.602671 0.364238 0.602671 0.550773 0.616861 0.550773 0.616861 0.504967 0.620200 0.504415 0.620200 0.497792 0.616861 0.497241 0.617696 0.407837 0.883139 0.407837 0.883973 0.409492 0.915693 0.409492 0.915693 0.170530 0.902337 0.169978
0 0.188648 0.078366 0.188648 0.257174 0.171953 0.257726 0.171953 0.808499 0.262938 0.808499 0.262938 0.787528 0.188648 0.786976 0.188648 0.599890 0.245409 0.599338 0.245409 0.593267 0.188648 0.592715 0.188648 0.503863 0.318865 0.503311 0.319699 0.592715 0.299666 0.593267 0.299666 0.599338 0.449917 0.599338 0.450751 0.641832 0.460768 0.641832 0.460768 0.546358 0.450751 0.546358 0.449917 0.593267 0.329716 0.593267 0.328881 0.503863 0.494157 0.503311 0.494157 0.497792 0.188648 0.497241 0.188648 0.280353 0.262104 0.279801 0.262104 0.257726 0.196160 0.257174 0.196160 0.078366
1 0.512521 0.787528 0.512521 0.808499 0.588481 0.808499 0.588481 0.787528
1 0.511686 0.691501 0.511686 0.698675 0.590985 0.698675 0.590985 0.691501
1 0.450751 0.642384 0.450751 0.688190 0.460768 0.688190 0.460768 0.642384
1 0.602671 0.641832 0.602671 0.689294 0.616861 0.689294 0.616861 0.641832
1 0.246244 0.593267 0.246244 0.599338 0.298831 0.599338 0.298831 0.593267
1 0.602671 0.551325 0.602671 0.592163 0.616861 0.592163 0.616861 0.551325
1 0.450751 0.504415 0.450751 0.545806 0.460768 0.545806 0.460768 0.504415
1 0.751252 0.497792 0.751252 0.504415 0.803840 0.504415 0.803840 0.497792
1 0.621035 0.497792 0.621035 0.504415 0.676962 0.504415 0.676962 0.497792
1 0.602671 0.319536 0.602671 0.363687 0.616861 0.363687 0.616861 0.319536
1 0.502504 0.257726 0.502504 0.279801 0.571786 0.279801 0.571786 0.257726
2 0.682805 0.787528 0.682805 0.808499 0.787145 0.808499 0.787145 0.787528
2 0.263773 0.787528 0.263773 0.808499 0.420701 0.808499 0.420701 0.787528
2 0.883973 0.537528 0.883973 0.572296 0.915693 0.572296 0.915693 0.537528
2 0.883973 0.410044 0.883973 0.444260 0.915693 0.444260 0.915693 0.410044
2 0.262938 0.257726 0.262938 0.279801 0.444908 0.279801 0.444908 0.257726
2 0.674457 0.170530 0.674457 0.191501 0.831386 0.191501 0.831386 0.170530
