0 0.404029 0.793207 0.404029 0.824176 0.398535 0.824675 0.398535 0.831169 0.406593 0.831668 0.406593 0.847153 0.420147 0.847153 0.420147 0.793207
0 0.420147 0.742258 0.420147 0.701299 0.406593 0.701299 0.406227 0.711289 0.382418 0.711289 0.382051 0.717782 0.370330 0.717782 0.403663 0.717782 0.404029 0.742258
0 0.036264 0.699800 0.036264 0.776723 0.092674 0.776723 0.092674 0.759241 0.049451 0.759241 0.049084 0.699800
0 0.234432 0.686314 0.234432 0.692807 0.245788 0.693307 0.245788 0.758741 0.227839 0.759241 0.227839 0.776723 0.245421 0.776723 0.254212 0.788212 0.262637 0.776224 0.250549 0.759241 0.250549 0.693307 0.254212 0.692807 0.254212 0.686314
0 0.291209 0.645854 0.291209 0.685814 0.283883 0.686314 0.283883 0.692807 0.294505 0.692807 0.315385 0.715784 0.315385 0.805195 0.284615 0.805694 0.275092 0.793207 0.266300 0.804695 0.271795 0.812687 0.271795 0.856144 0.284615 0.856144 0.284982 0.812188 0.317949 0.812188 0.331502 0.831169 0.331502 0.927572 0.284982 0.928072 0.284615 0.898601 0.271795 0.898601 0.271795 0.946553 0.420147 0.946553 0.420147 0.901598 0.406593 0.901598 0.406227 0.928072 0.336264 0.927572 0.336264 0.831668 0.371062 0.831169 0.371062 0.824675 0.333700 0.824675 0.320147 0.805694 0.320147 0.721778 0.321245 0.722278 0.324176 0.717283 0.352747 0.717283 0.352747 0.710789 0.317582 0.710290 0.295971 0.686314 0.295971 0.645854
0 0.036264 0.642358 0.036264 0.647353 0.049084 0.647353 0.049084 0.642358
0 0.406593 0.600400 0.406593 0.661838 0.420147 0.661838 0.420147 0.600400
0 0.182784 0.589910 0.178022 0.589910 0.177656 0.593906 0.156777 0.593906 0.156777 0.758741 0.132234 0.759241 0.132234 0.776723 0.197070 0.776723 0.197070 0.759241 0.161538 0.758741 0.161538 0.599900 0.182784 0.599401
0 0.223077 0.459041 0.223077 0.569431 0.225275 0.569431 0.225275 0.459041
0 0.420147 0.397103 0.406593 0.397103 0.406227 0.482517 0.264469 0.482517 0.264469 0.573926 0.290842 0.573926 0.291209 0.603397 0.295971 0.603397 0.296337 0.573926 0.336264 0.573926 0.336264 0.562937 0.331502 0.562937 0.331136 0.567433 0.269597 0.567433 0.269597 0.489011 0.331136 0.489011 0.331502 0.522478 0.336264 0.522478 0.336630 0.489011 0.406227 0.489011 0.406593 0.548452 0.420147 0.548452
0 0.182784 0.396603 0.178022 0.396603 0.177656 0.482517 0.049451 0.482517 0.049084 0.433067 0.036264 0.433067 0.036264 0.588412 0.049084 0.588412 0.049451 0.489011 0.177656 0.489011 0.178022 0.548951 0.182784 0.548951
0 0.944689 0.395105 0.932601 0.395105 0.932234 0.487013 0.789011 0.487013 0.789011 0.503497 0.944689 0.503497
0 0.406593 0.339660 0.406593 0.343656 0.420147 0.343656 0.420147 0.339660
0 0.932601 0.338162 0.932601 0.343157 0.944689 0.343157 0.944689 0.338162
0 0.747253 0.406094 0.739927 0.406094 0.739927 0.413586 0.741392 0.414086 0.741026 0.487013 0.682051 0.487013 0.681685 0.414086 0.709158 0.413586 0.709158 0.406094 0.681685 0.405594 0.681685 0.332667 0.676190 0.332667 0.676190 0.486513 0.572527 0.487013 0.572161 0.430569 0.560073 0.430569 0.560073 0.503497 0.747253 0.503497
0 0.383883 0.241758 0.383883 0.260240 0.406227 0.260240 0.406593 0.285714 0.420147 0.285714 0.420147 0.241758
0 0.036264 0.239261 0.036264 0.361638 0.049084 0.361638 0.049451 0.342657 0.177656 0.342657 0.178022 0.355145 0.182784 0.355145 0.182784 0.305195 0.178022 0.305195 0.177656 0.336164 0.049451 0.336164 0.049084 0.239261
0 0.560073 0.357642 0.572161 0.357642 0.572527 0.285215 0.675824 0.285215 0.676190 0.292707 0.681685 0.292707 0.681685 0.282218 0.684249 0.278721 0.680220 0.273726 0.676190 0.279221 0.572527 0.279221 0.572161 0.237762 0.560073 0.237762
0 0.315018 0.214286 0.315018 0.260240 0.343223 0.260240 0.343223 0.241758 0.328571 0.241259 0.328571 0.214286
0 0.868132 0.240260 0.853114 0.240260 0.852747 0.212787 0.840659 0.212787 0.840293 0.279720 0.739560 0.279720 0.735165 0.274226 0.732234 0.278222 0.737729 0.285215 0.845055 0.285215 0.845055 0.257742 0.868132 0.257243
0 0.292308 0.090909 0.292308 0.106394 0.315018 0.106893 0.315018 0.141359 0.328571 0.141359 0.328571 0.090909
0 0.252015 0.090909 0.252015 0.106394 0.254945 0.106394 0.254945 0.090909
0 0.151282 0.090909 0.151282 0.106394 0.213919 0.106394 0.213919 0.090909
0 0.110256 0.090909 0.110256 0.106394 0.113553 0.106394 0.113553 0.090909
0 0.071429 0.090909 0.036264 0.090909 0.036264 0.182318 0.049084 0.182318 0.049084 0.106893 0.071429 0.106394
0 0.816484 0.087912 0.816484 0.104396 0.840659 0.104895 0.840659 0.176823 0.852747 0.176823 0.853114 0.095405 0.940659 0.095904 0.940293 0.239760 0.908059 0.240260 0.908059 0.257243 0.932234 0.257243 0.932601 0.284715 0.944689 0.284715 0.945055 0.087912
0 0.776190 0.087912 0.776190 0.104396 0.778755 0.104396 0.778755 0.087912
0 0.674725 0.087912 0.674725 0.104396 0.705128 0.104895 0.705128 0.240260 0.702564 0.244256 0.705861 0.249251 0.707692 0.247253 0.710623 0.251249 0.709524 0.249750 0.712088 0.245255 0.709524 0.241758 0.709524 0.104895 0.738462 0.104396 0.738462 0.087912
0 0.634432 0.087912 0.634432 0.104396 0.636996 0.104396 0.636996 0.087912
0 0.596337 0.087912 0.560073 0.087912 0.560073 0.178322 0.572161 0.178322 0.572161 0.104895 0.596337 0.104396
1 0.271795 0.856643 0.271795 0.898102 0.284615 0.898102 0.284615 0.856643
1 0.371429 0.824675 0.371429 0.831169 0.398168 0.831169 0.398168 0.824675
1 0.197436 0.759241 0.197436 0.776723 0.227473 0.776723 0.227473 0.759241
1 0.353114 0.710789 0.353114 0.717283 0.382051 0.717283 0.382051 0.710789
1 0.254579 0.686314 0.254579 0.692807 0.283516 0.692807 0.283516 0.686314
1 0.406593 0.662338 0.406593 0.700799 0.420147 0.700799 0.420147 0.662338
1 0.291209 0.603896 0.291209 0.645355 0.295971 0.645355 0.295971 0.603896
1 0.178022 0.549451 0.178022 0.589411 0.182784 0.589411 0.182784 0.549451
1 0.331502 0.522977 0.331502 0.562438 0.336264 0.562438 0.336264 0.522977
1 0.709524 0.406094 0.709524 0.413586 0.739560 0.413586 0.739560 0.406094
1 0.178022 0.355644 0.178022 0.396104 0.182784 0.396104 0.182784 0.355644
1 0.676190 0.293207 0.676190 0.332168 0.681685 0.332168 0.681685 0.293207
1 0.712454 0.245754 0.709890 0.249750 0.731868 0.277722 0.734799 0.273726
1 0.702198 0.244256 0.680586 0.273227 0.684615 0.278721 0.705861 0.249750
1 0.840659 0.177323 0.840659 0.212288 0.852747 0.212288 0.852747 0.177323
1 0.315018 0.141858 0.315018 0.213786 0.328571 0.213786 0.328571 0.141858
2 0.406593 0.847652 0.406593 0.901099 0.420147 0.901099 0.420147 0.847652
2 0.263004 0.776224 0.254212 0.788711 0.265934 0.804695 0.275092 0.792707
2 0.093040 0.759241 0.093040 0.776723 0.131868 0.776723 0.131868 0.759241
2 0.404029 0.742757 0.404029 0.792707 0.420147 0.792707 0.420147 0.742757
2 0.036264 0.647852 0.036264 0.699301 0.049084 0.699301 0.049084 0.647852
2 0.036264 0.588911 0.036264 0.641858 0.049084 0.641858 0.049084 0.588911
2 0.406593 0.548951 0.406593 0.599900 0.420147 0.599900 0.420147 0.548951
2 0.036264 0.362138 0.036264 0.432567 0.049084 0.432567 0.049084 0.362138
2 0.560073 0.358142 0.560073 0.430070 0.572161 0.430070 0.572161 0.358142
2 0.406593 0.344156 0.406593 0.396603 0.420147 0.396603 0.420147 0.344156
2 0.932601 0.343656 0.932601 0.394605 0.944689 0.394605 0.944689 0.343656
2 0.406593 0.286214 0.406593 0.339161 0.420147 0.339161 0.420147 0.286214
2 0.932601 0.285215 0.932601 0.337662 0.944689 0.337662 0.944689 0.285215
2 0.343590 0.241758 0.343590 0.260240 0.383516 0.260240 0.383516 0.241758
2 0.868498 0.240260 0.868498 0.257243 0.907692 0.257243 0.907692 0.240260
2 0.036264 0.182817 0.036264 0.238761 0.049084 0.238761 0.049084 0.182817
2 0.560073 0.178821 0.560073 0.237263 0.572161 0.237263 0.572161 0.178821
2 0.255311 0.090909 0.255311 0.106394 0.291941 0.106394 0.291941 0.090909
2 0.214286 0.090909 0.214286 0.106394 0.251648 0.106394 0.251648 0.090909
2 0.113919 0.090909 0.113919 0.106394 0.150916 0.106394 0.150916 0.090909
2 0.071795 0.090909 0.071795 0.106394 0.109890 0.106394 0.109890 0.090909
2 0.779121 0.087912 0.779121 0.104396 0.816117 0.104396 0.816117 0.087912
2 0.738828 0.087912 0.738828 0.104396 0.775824 0.104396 0.775824 0.087912
2 0.637363 0.087912 0.637363 0.104396 0.674359 0.104396 0.674359 0.087912
2 0.596703 0.087912 0.596703 0.104396 0.634066 0.104396 0.634066 0.087912
