0 0.442387 0.739044 0.434156 0.739044 0.434156 0.887782 0.360082 0.888446 0.360082 0.907703 0.451646 0.907703 0.451646 0.888446 0.442387 0.887782 0.442387 0.796813 0.450617 0.796149 0.450617 0.790173 0.442387 0.789509
0 0.591564 0.717795 0.585391 0.723772 0.585391 0.789509 0.548354 0.790173 0.548354 0.796149 0.582305 0.796813 0.582305 0.887782 0.549383 0.888446 0.549383 0.907703 0.618313 0.907703 0.618313 0.888446 0.594650 0.887782 0.594650 0.725764 0.599794 0.719788
0 0.562757 0.388446 0.554527 0.388446 0.554527 0.557105 0.479424 0.557769 0.479424 0.563081 0.562757 0.563081
0 0.654321 0.206507 0.654321 0.225764 0.669753 0.225764 0.669753 0.206507
0 0.508230 0.206507 0.508230 0.225764 0.569959 0.225764 0.569959 0.206507
0 0.350823 0.206507 0.280864 0.206507 0.280864 0.225764 0.297325 0.226428 0.297325 0.331341 0.305556 0.331341 0.305556 0.226428 0.350823 0.225764
0 0.948560 0.086985 0.938272 0.086985 0.938272 0.205843 0.856996 0.206507 0.856996 0.225764 0.933128 0.226428 0.933128 0.557105 0.674897 0.557769 0.674897 0.573705 0.684156 0.573705 0.685185 0.563081 0.815844 0.563745 0.815844 0.664011 0.685185 0.664675 0.684156 0.628818 0.674897 0.628818 0.674897 0.664011 0.633745 0.664675 0.629630 0.669323 0.637860 0.671979 0.639918 0.670651 0.826132 0.670651 0.826132 0.664675 0.824074 0.664011 0.824074 0.563745 0.933128 0.563745 0.933128 0.664011 0.893004 0.664675 0.893004 0.670651 0.933128 0.671315 0.933128 0.887782 0.775720 0.888446 0.775720 0.907703 0.954733 0.907703 0.954733 0.206507 0.948560 0.205843
0 0.106996 0.086985 0.106996 0.205843 0.100823 0.206507 0.100823 0.907703 0.200617 0.907703 0.200617 0.888446 0.122428 0.887782 0.122428 0.641434 0.296296 0.640770 0.297325 0.681275 0.433128 0.681275 0.434156 0.683931 0.442387 0.683931 0.442387 0.675963 0.305556 0.675299 0.305556 0.563745 0.377572 0.563081 0.377572 0.557769 0.305556 0.557105 0.305556 0.386454 0.297325 0.386454 0.297325 0.514608 0.289095 0.515272 0.289095 0.522576 0.291152 0.523240 0.291152 0.630810 0.134774 0.630810 0.134774 0.527224 0.218107 0.526560 0.218107 0.523240 0.221193 0.522576 0.221193 0.515272 0.122428 0.514608 0.122428 0.226428 0.195473 0.225764 0.195473 0.206507 0.117284 0.205843 0.117284 0.086985
1 0.452675 0.888446 0.452675 0.907703 0.548354 0.907703 0.548354 0.888446
1 0.451646 0.790173 0.451646 0.796149 0.547325 0.796149 0.547325 0.790173
1 0.434156 0.684595 0.434156 0.738380 0.442387 0.738380 0.442387 0.684595
1 0.630658 0.669987 0.590535 0.717131 0.598765 0.719788 0.637860 0.672643
1 0.827160 0.664675 0.827160 0.670651 0.891975 0.670651 0.891975 0.664675
1 0.674897 0.574369 0.674897 0.628154 0.684156 0.628154 0.684156 0.574369
1 0.222222 0.515272 0.222222 0.522576 0.288066 0.522576 0.288066 0.515272
1 0.297325 0.332005 0.297325 0.385790 0.305556 0.385790 0.305556 0.332005
1 0.570988 0.206507 0.570988 0.225764 0.653292 0.225764 0.653292 0.206507
1 0.196502 0.206507 0.196502 0.225764 0.279835 0.225764 0.279835 0.206507
2 0.619342 0.888446 0.619342 0.907703 0.774691 0.907703 0.774691 0.888446
2 0.201646 0.888446 0.201646 0.907703 0.359053 0.907703 0.359053 0.888446
2 0.670782 0.206507 0.670782 0.225764 0.855967 0.225764 0.855967 0.206507
2 0.351852 0.206507 0.351852 0.225764 0.507202 0.225764 0.507202 0.206507
