0 0.653382 0.231214 0.653382 0.263584 0.658213 0.263584 0.658213 0.231214
0 0.062802 0.231214 0.062802 0.671676 0.227053 0.671676 0.228261 0.853179 0.341787 0.853179 0.341787 0.833526 0.294686 0.832370 0.294686 0.784971 0.253623 0.783815 0.253623 0.672832 0.332126 0.671676 0.332126 0.662428 0.269324 0.662428 0.268116 0.646243 0.253623 0.646243 0.252415 0.652023 0.091787 0.652023 0.090580 0.520231 0.252415 0.519075 0.253623 0.578035 0.268116 0.578035 0.269324 0.519075 0.471014 0.519075 0.472222 0.661272 0.403382 0.662428 0.403382 0.671676 0.492754 0.671676 0.492754 0.433526 0.472222 0.433526 0.471014 0.509827 0.166667 0.509827 0.165459 0.426590 0.083333 0.425434 0.083333 0.264740 0.182367 0.263584 0.182367 0.231214
0 0.472222 0.025434 0.472222 0.230058 0.361111 0.231214 0.361111 0.263584 0.472222 0.264740 0.472222 0.342197 0.492754 0.342197 0.493961 0.263584 0.559179 0.263584 0.559179 0.231214 0.492754 0.230058 0.493961 0.038150 0.917874 0.039306 0.917874 0.230058 0.862319 0.231214 0.862319 0.263584 0.919082 0.264740 0.919082 0.832370 0.449275 0.833526 0.449275 0.853179 0.939614 0.853179 0.939614 0.025434
1 0.342995 0.833526 0.342995 0.853179 0.448068 0.853179 0.448068 0.833526
1 0.333333 0.662428 0.333333 0.671676 0.402174 0.671676 0.402174 0.662428
1 0.253623 0.579191 0.253623 0.645087 0.268116 0.645087 0.268116 0.579191
1 0.472222 0.343353 0.472222 0.432370 0.492754 0.432370 0.492754 0.343353
1 0.560386 0.231214 0.560386 0.263584 0.652174 0.263584 0.652174 0.231214
2 0.659420 0.231214 0.659420 0.263584 0.861111 0.263584 0.861111 0.231214
2 0.183575 0.231214 0.183575 0.263584 0.359903 0.263584 0.359903 0.231214
