0 0.216495 0.850377 0.216495 0.867600 0.230928 0.868676 0.230928 0.893434 0.251546 0.893434 0.252577 0.867600 0.886598 0.867600 0.887629 0.893434 0.943299 0.893434 0.943299 0.801938 0.886598 0.801938 0.885567 0.850377 0.496907 0.850377 0.495876 0.765339 0.485567 0.765339 0.484536 0.850377 0.289691 0.850377 0.288660 0.819160 0.251546 0.819160 0.250515 0.850377
0 0.886598 0.724435 0.886598 0.752422 0.943299 0.752422 0.943299 0.724435
0 0.416495 0.652314 0.416495 0.663079 0.484536 0.663079 0.485567 0.674919 0.495876 0.674919 0.496907 0.663079 0.885567 0.663079 0.886598 0.675996 0.943299 0.675996 0.943299 0.578041 0.886598 0.578041 0.885567 0.652314 0.671134 0.652314 0.670103 0.512379 0.659794 0.512379 0.658763 0.652314
0 0.717526 0.364909 0.708247 0.364909 0.707216 0.360603 0.679381 0.360603 0.678351 0.364909 0.659794 0.364909 0.659794 0.418730 0.679381 0.418730 0.680412 0.405813 0.717526 0.405813
0 0.383505 0.216362 0.205155 0.216362 0.205155 0.405813 0.232990 0.406889 0.232990 0.642626 0.090722 0.643703 0.090722 0.867600 0.118557 0.867600 0.118557 0.850377 0.109278 0.849300 0.109278 0.664155 0.251546 0.663079 0.251546 0.262648 0.383505 0.261572
0 0.647423 0.083961 0.647423 0.215285 0.575258 0.216362 0.575258 0.261572 0.659794 0.261572 0.660825 0.274489 0.678351 0.274489 0.679381 0.278794 0.707216 0.278794 0.707216 0.216362 0.660825 0.215285 0.661856 0.096878 0.962887 0.096878 0.963918 0.409042 0.943299 0.409042 0.943299 0.364909 0.868041 0.364909 0.868041 0.405813 0.885567 0.405813 0.886598 0.420883 0.975258 0.421959 0.975258 0.083961
1 0.119588 0.850377 0.119588 0.867600 0.215464 0.867600 0.215464 0.850377
1 0.485567 0.675996 0.485567 0.764263 0.495876 0.764263 0.495876 0.675996
1 0.679381 0.279871 0.679381 0.359526 0.707216 0.359526 0.707216 0.279871
2 0.886598 0.753498 0.886598 0.800861 0.943299 0.800861 0.943299 0.753498
2 0.886598 0.677072 0.886598 0.723358 0.943299 0.723358 0.943299 0.677072
2 0.886598 0.421959 0.886598 0.576964 0.943299 0.576964 0.943299 0.423036
2 0.718557 0.364909 0.718557 0.405813 0.867010 0.405813 0.867010 0.364909
2 0.384536 0.216362 0.384536 0.261572 0.574227 0.261572 0.574227 0.216362
