0 0.129443 0.876042 0.129443 0.960417 0.351194 0.960417 0.351194 0.947917 0.153316 0.947917 0.152785 0.876042
0 0.453050 0.865625 0.436605 0.865625 0.436074 0.947917 0.396817 0.947917 0.396817 0.960417 0.447745 0.960417 0.447745 0.888542 0.453050 0.887500
0 0.897082 0.665625 0.892838 0.665625 0.892308 0.671875 0.868966 0.671875 0.868966 0.673958 0.892838 0.673958 0.893369 0.670833 0.894430 0.671875 0.894430 0.765625 0.892838 0.765625 0.892838 0.761458 0.868966 0.761458 0.868435 0.865625 0.719894 0.865625 0.719363 0.761458 0.714589 0.761458 0.714058 0.804167 0.687533 0.804167 0.687003 0.865625 0.502918 0.865625 0.502918 0.887500 0.892838 0.887500 0.892838 0.772917 0.897082 0.771875
0 0.129443 0.625000 0.129443 0.717708 0.152785 0.717708 0.152785 0.625000
0 0.654642 0.670833 0.714058 0.670833 0.714589 0.673958 0.719363 0.673958 0.719894 0.670833 0.738992 0.670833 0.739523 0.290625 0.868435 0.290625 0.868966 0.453125 0.892838 0.453125 0.892838 0.243750 0.681698 0.243750 0.681698 0.290625 0.733687 0.291667 0.733687 0.659375 0.654642 0.660417
0 0.497082 0.243750 0.497082 0.290625 0.536340 0.291667 0.536340 0.659375 0.505040 0.660417 0.505040 0.670833 0.558090 0.670833 0.558090 0.660417 0.541645 0.659375 0.542175 0.475000 0.603183 0.476042 0.603183 0.659375 0.601061 0.660417 0.601061 0.670833 0.610080 0.670833 0.610080 0.660417 0.608488 0.659375 0.608488 0.461458 0.603183 0.461458 0.602653 0.464583 0.541645 0.463542 0.541645 0.291667 0.602653 0.290625 0.603183 0.375000 0.608488 0.375000 0.608488 0.291667 0.616446 0.290625 0.616446 0.243750
0 0.324668 0.243750 0.324668 0.290625 0.404775 0.290625 0.405305 0.373958 0.436605 0.373958 0.436605 0.291667 0.443501 0.290625 0.443501 0.243750
0 0.337931 0.046875 0.337931 0.058333 0.343767 0.058333 0.343767 0.046875
0 0.179841 0.046875 0.170292 0.046875 0.129443 0.242708 0.129443 0.469792 0.152785 0.469792 0.152785 0.291667 0.193634 0.290625 0.193634 0.243750 0.142175 0.242708 0.180371 0.059375
1 0.351724 0.947917 0.351724 0.960417 0.396286 0.960417 0.396286 0.947917
1 0.453581 0.865625 0.453581 0.887500 0.502387 0.887500 0.502387 0.865625
1 0.868966 0.675000 0.868966 0.760417 0.892838 0.760417 0.892838 0.675000
1 0.714589 0.675000 0.714589 0.760417 0.719363 0.760417 0.719363 0.675000
1 0.610610 0.660417 0.610610 0.670833 0.654111 0.670833 0.654111 0.660417
1 0.558621 0.660417 0.558621 0.670833 0.600531 0.670833 0.600531 0.660417
1 0.603183 0.376042 0.603183 0.460417 0.608488 0.460417 0.608488 0.376042
1 0.280106 0.243750 0.280106 0.290625 0.324138 0.290625 0.324138 0.243750
2 0.129443 0.718750 0.129443 0.875000 0.152785 0.875000 0.152785 0.718750
2 0.129443 0.470833 0.129443 0.623958 0.152785 0.623958 0.152785 0.470833
2 0.868966 0.454167 0.868966 0.670833 0.892308 0.670833 0.892838 0.454167
2 0.616976 0.243750 0.616976 0.290625 0.681167 0.290625 0.681167 0.243750
2 0.444032 0.243750 0.444032 0.290625 0.496552 0.290625 0.496552 0.243750
2 0.194164 0.243750 0.194164 0.290625 0.278515 0.290625 0.278515 0.243750
2 0.180371 0.046875 0.180371 0.058333 0.337401 0.058333 0.337931 0.243750 0.343767 0.243750 0.343767 0.059375 0.337931 0.059375 0.337401 0.046875
