0 0.350220 0.853927 0.350220 0.859195 0.555433 0.859195 0.555433 0.853927
0 0.771659 0.608716 0.758811 0.608716 0.758811 0.780651 0.731645 0.781130 0.731645 0.797893 0.771659 0.797893
0 0.639134 0.608238 0.639134 0.672893 0.635463 0.673372 0.635463 0.678640 0.639134 0.679119 0.639134 0.780651 0.635463 0.781130 0.635463 0.797893 0.654552 0.798372 0.654552 0.859195 0.658590 0.859195 0.658590 0.798372 0.687225 0.797893 0.687225 0.781130 0.643172 0.780651 0.643172 0.608238
0 0.499266 0.594828 0.499266 0.600096 0.559104 0.600575 0.559104 0.780651 0.528267 0.781130 0.528267 0.797893 0.601689 0.797893 0.601689 0.781130 0.563142 0.780651 0.563142 0.679119 0.600954 0.678640 0.600954 0.673372 0.563142 0.672893 0.563142 0.594828
0 0.451542 0.594828 0.451542 0.600096 0.458150 0.600575 0.458150 0.780651 0.440162 0.781130 0.440162 0.797893 0.472834 0.797893 0.472834 0.781130 0.462188 0.780651 0.462188 0.600575 0.468429 0.600096 0.468429 0.594828
0 0.758811 0.553161 0.758811 0.568008 0.771659 0.568008 0.771659 0.553161
0 0.338840 0.552682 0.338840 0.797893 0.384728 0.797893 0.384728 0.781130 0.351689 0.780651 0.351689 0.600575 0.420338 0.600096 0.420338 0.594828 0.418135 0.594349 0.418135 0.578544 0.414097 0.578544 0.413730 0.594828 0.352056 0.594828 0.351689 0.552682
0 0.630323 0.465038 0.630323 0.471264 0.758443 0.471264 0.758811 0.493774 0.771659 0.493774 0.772026 0.482759 0.785977 0.482759 0.785977 0.465038
0 0.253304 0.444923 0.253304 0.458333 0.285609 0.458812 0.285609 0.581897 0.251101 0.582375 0.251101 0.595785 0.295888 0.595785 0.295888 0.444923
0 0.152349 0.444923 0.152349 0.458333 0.218796 0.458333 0.218796 0.444923
0 0.117841 0.444923 0.075257 0.444923 0.075257 0.595785 0.080396 0.596264 0.080396 0.860632 0.084435 0.860632 0.084435 0.596264 0.220999 0.595785 0.220999 0.582375 0.085536 0.581897 0.085536 0.458812 0.117841 0.458333
0 0.824523 0.424808 0.824523 0.464559 0.819750 0.465038 0.819750 0.482759 0.838106 0.482759 0.838106 0.424808
0 0.570117 0.398467 0.564244 0.398467 0.563877 0.400383 0.535977 0.400383 0.532305 0.405172 0.534875 0.409004 0.537445 0.405651 0.564244 0.406130 0.563877 0.494253 0.513583 0.493774 0.513583 0.437739 0.519457 0.430077 0.515786 0.434866 0.512849 0.431034 0.509545 0.435345 0.509178 0.494253 0.352056 0.494253 0.351689 0.445402 0.338840 0.445402 0.338840 0.522510 0.351689 0.522510 0.352056 0.501916 0.413730 0.501916 0.414097 0.534004 0.418135 0.534004 0.418502 0.501916 0.570117 0.501916
0 0.338840 0.306513 0.338840 0.372605 0.351689 0.372605 0.352056 0.353448 0.466226 0.353448 0.466226 0.348180 0.397210 0.348180 0.396843 0.319444 0.392070 0.319444 0.391703 0.348180 0.352056 0.348180 0.351689 0.306513
0 0.493759 0.353448 0.563877 0.353448 0.564244 0.356801 0.570117 0.356801 0.570485 0.353448 0.603891 0.353448 0.623715 0.327586 0.614537 0.339559 0.611601 0.336207 0.602056 0.348659 0.594347 0.348659 0.593979 0.343391 0.546990 0.343391 0.546623 0.278257 0.542217 0.278257 0.541850 0.281609 0.519090 0.281609 0.513583 0.288793 0.516153 0.285441 0.519090 0.288793 0.520925 0.286877 0.542217 0.287356 0.542217 0.347701 0.501468 0.348180 0.501101 0.313218 0.502570 0.310824 0.499633 0.307950 0.497063 0.311303 0.497063 0.347701 0.493759 0.348180
0 0.338840 0.260536 0.338840 0.266762 0.351689 0.266762 0.351689 0.260536
0 0.800294 0.247605 0.800294 0.264847 0.824523 0.265326 0.824523 0.334770 0.838106 0.334770 0.838106 0.247605
0 0.685389 0.247605 0.673275 0.247605 0.672907 0.236111 0.659692 0.236111 0.659692 0.273467 0.649413 0.286877 0.651982 0.290709 0.642805 0.302682 0.663363 0.275862 0.663730 0.264847 0.685389 0.264847
0 0.659692 0.178161 0.659692 0.194923 0.672907 0.194923 0.672907 0.178161
0 0.825991 0.115421 0.825991 0.120690 0.891703 0.121169 0.891703 0.637931 0.827460 0.638410 0.827460 0.643678 0.895742 0.643678 0.895742 0.115421
0 0.650514 0.105364 0.650514 0.122126 0.659325 0.122126 0.659692 0.134100 0.672907 0.134100 0.672907 0.105364
0 0.517254 0.105364 0.517254 0.126916 0.542217 0.127395 0.542217 0.228927 0.506975 0.229406 0.506975 0.234674 0.541850 0.234674 0.542217 0.238506 0.546623 0.238506 0.546623 0.122605 0.570117 0.122126 0.570117 0.105364
0 0.494493 0.105364 0.451175 0.105364 0.451175 0.122126 0.468429 0.122605 0.468429 0.165230 0.472834 0.165230 0.472834 0.127395 0.494493 0.126916
0 0.338840 0.105364 0.338840 0.151341 0.351689 0.151341 0.352056 0.122126 0.401248 0.122605 0.401248 0.210249 0.352056 0.210728 0.351689 0.191571 0.338840 0.191571 0.338840 0.230364 0.351689 0.230364 0.352056 0.215996 0.468062 0.215996 0.468429 0.244732 0.472834 0.244732 0.472834 0.235153 0.475771 0.234674 0.475771 0.229406 0.472834 0.228927 0.472834 0.204981 0.468429 0.204981 0.468062 0.210728 0.405286 0.210249 0.405286 0.122605 0.428414 0.122126 0.428414 0.105364
1 0.602056 0.781130 0.602056 0.797893 0.635095 0.797893 0.635095 0.781130
1 0.601322 0.673372 0.601322 0.678640 0.635095 0.678640 0.635095 0.673372
1 0.468796 0.594828 0.468796 0.600096 0.498899 0.600096 0.498899 0.594828
1 0.420705 0.594828 0.420705 0.600096 0.451175 0.600096 0.451175 0.594828
1 0.221366 0.582375 0.221366 0.595785 0.250734 0.595785 0.250734 0.582375
1 0.758811 0.568487 0.758811 0.608238 0.771659 0.608238 0.771659 0.568487
1 0.414097 0.534483 0.414097 0.578065 0.418135 0.578065 0.418135 0.534483
1 0.531938 0.405651 0.512849 0.430556 0.515786 0.434387 0.534875 0.409483
1 0.564244 0.357280 0.564244 0.397989 0.570117 0.397989 0.570117 0.357280
1 0.466593 0.348180 0.466593 0.353448 0.493392 0.353448 0.493392 0.348180
1 0.649046 0.287356 0.611968 0.335728 0.614537 0.339080 0.651615 0.290709
1 0.516153 0.285920 0.500000 0.307471 0.502937 0.310824 0.519090 0.289272
1 0.338840 0.267241 0.338840 0.306034 0.351689 0.306034 0.351689 0.267241
1 0.542217 0.238985 0.542217 0.277778 0.546623 0.277778 0.546623 0.238985
1 0.476138 0.229406 0.476138 0.234674 0.506608 0.234674 0.506608 0.229406
1 0.659692 0.195402 0.659692 0.235632 0.672907 0.235632 0.672907 0.195402
1 0.468429 0.165709 0.468429 0.204502 0.472834 0.204502 0.472834 0.165709
1 0.338840 0.151820 0.338840 0.191092 0.351689 0.191092 0.351689 0.151820
2 0.687592 0.781130 0.687592 0.797893 0.731278 0.797893 0.731278 0.781130
2 0.473201 0.781130 0.473201 0.797893 0.527900 0.797893 0.527900 0.781130
2 0.385095 0.781130 0.385095 0.797893 0.439794 0.797893 0.439794 0.781130
2 0.338840 0.522989 0.338840 0.552203 0.351689 0.552203 0.351689 0.522989
2 0.758811 0.494253 0.758811 0.552682 0.771659 0.552682 0.771659 0.494253
2 0.786344 0.465038 0.786344 0.482759 0.819383 0.482759 0.819383 0.465038
2 0.219163 0.444923 0.219163 0.458333 0.252937 0.458333 0.252937 0.444923
2 0.118209 0.444923 0.118209 0.458333 0.151982 0.458333 0.151982 0.444923
2 0.338840 0.373084 0.338840 0.444923 0.351689 0.444923 0.351689 0.373084
2 0.824523 0.335249 0.824523 0.424330 0.838106 0.424330 0.838106 0.335249
2 0.685756 0.247605 0.685756 0.264847 0.799927 0.264847 0.799927 0.247605
2 0.338840 0.230843 0.338840 0.260057 0.351689 0.260057 0.351689 0.230843
2 0.659692 0.134579 0.659692 0.177682 0.672907 0.177682 0.672907 0.134579
2 0.570485 0.105364 0.570485 0.122126 0.650147 0.122126 0.650147 0.105364
2 0.494860 0.105364 0.494860 0.126916 0.516887 0.126916 0.516887 0.105364
2 0.428781 0.105364 0.428781 0.122126 0.450808 0.122126 0.450808 0.105364
