0 0.820734 0.760638 0.799136 0.760638 0.798596 0.780142 0.725162 0.794326 0.724622 0.756206 0.718683 0.756206 0.718143 0.802305 0.577214 0.829787 0.574514 0.828901 0.573974 0.760638 0.568035 0.760638 0.568575 0.830674 0.561555 0.832447 0.562635 0.852837 0.820734 0.802305
0 0.517819 0.861702 0.516199 0.857270 0.515119 0.841312 0.411987 0.861702 0.411987 0.700355 0.447624 0.699468 0.447624 0.687057 0.441145 0.687057 0.440605 0.688830 0.405508 0.688830 0.404428 0.862589 0.209503 0.900709 0.208963 0.823582 0.192225 0.823582 0.192225 0.924645
0 0.509179 0.544326 0.509179 0.556738 0.515119 0.556738 0.515659 0.554078 0.587473 0.554965 0.587473 0.674645 0.515659 0.675532 0.515119 0.630319 0.509179 0.630319 0.509179 0.685284 0.567495 0.685284 0.568035 0.688830 0.573974 0.688830 0.574514 0.685284 0.626350 0.685284 0.626890 0.606383 0.718683 0.606383 0.719222 0.695035 0.725162 0.695035 0.725702 0.614362 0.798596 0.614362 0.799136 0.702128 0.820734 0.702128 0.820734 0.565603 0.804536 0.565603 0.803996 0.597518 0.593952 0.597518 0.593413 0.544326
0 0.447624 0.461879 0.441145 0.461879 0.440605 0.601950 0.209503 0.601950 0.208963 0.541667 0.192225 0.541667 0.192225 0.682624 0.208963 0.682624 0.209503 0.612589 0.440605 0.612589 0.441145 0.614362 0.447624 0.614362
0 0.192225 0.271277 0.192225 0.400709 0.208963 0.400709 0.209503 0.388298 0.342333 0.388298 0.342873 0.328901 0.440605 0.328901 0.441145 0.390071 0.447624 0.390071 0.447624 0.320922 0.441145 0.320922 0.440605 0.322695 0.338013 0.322695 0.337473 0.382092 0.209503 0.382092 0.208963 0.271277
0 0.740281 0.253546 0.740281 0.258865 0.757019 0.258865 0.757019 0.253546
0 0.192225 0.033688 0.192225 0.130319 0.208963 0.130319 0.209503 0.061170 0.440605 0.061170 0.441145 0.205674 0.447624 0.205674 0.448164 0.061170 0.739741 0.061170 0.740281 0.146277 0.757019 0.146277 0.757559 0.058511 0.818035 0.058511 0.852592 0.117021 0.852592 0.302305 0.814795 0.365248 0.757559 0.365248 0.757019 0.333333 0.740281 0.333333 0.740281 0.402482 0.803996 0.402482 0.804536 0.425532 0.820734 0.425532 0.820734 0.371454 0.861231 0.304965 0.861231 0.117021 0.817495 0.042553 0.817495 0.037234 0.757559 0.037234 0.757019 0.033688
1 0.561015 0.832447 0.515659 0.841312 0.517279 0.860816 0.562095 0.852837
1 0.719222 0.695922 0.718683 0.755319 0.724622 0.755319 0.725162 0.695922
1 0.568035 0.689716 0.568035 0.759752 0.573974 0.759752 0.573974 0.689716
1 0.441145 0.615248 0.441145 0.686170 0.447624 0.686170 0.447624 0.615248
1 0.509179 0.557624 0.509179 0.629433 0.515119 0.629433 0.515119 0.557624
1 0.441145 0.390957 0.441145 0.460993 0.447624 0.460993 0.447624 0.390957
1 0.740281 0.259752 0.740281 0.332447 0.757019 0.332447 0.757019 0.259752
1 0.441145 0.206560 0.441145 0.320035 0.447624 0.320035 0.447624 0.206560
2 0.799136 0.703014 0.799136 0.759752 0.820734 0.759752 0.820734 0.703014
2 0.192225 0.683511 0.192225 0.822695 0.208963 0.822695 0.208963 0.683511
2 0.804536 0.426418 0.804536 0.564716 0.820734 0.564716 0.820734 0.426418
2 0.192225 0.401596 0.192225 0.540780 0.208963 0.540780 0.208963 0.401596
2 0.740281 0.147163 0.740281 0.252660 0.757019 0.252660 0.757019 0.147163
2 0.192225 0.131206 0.192225 0.270390 0.208963 0.270390 0.208963 0.131206
