0 0.584672 0.447596 0.584672 0.555769 0.573548 0.556250 0.573548 0.572115 0.667491 0.572115 0.667491 0.556250 0.600742 0.555769 0.600742 0.447596
0 0.420272 0.433173 0.407911 0.433173 0.407911 0.485577 0.355995 0.486058 0.355995 0.490865 0.358467 0.491346 0.358467 0.555769 0.300371 0.556250 0.300371 0.572115 0.461063 0.572115 0.461063 0.556250 0.370828 0.555769 0.370828 0.491346 0.420272 0.490865
0 0.875155 0.159615 0.875155 0.175962 0.945612 0.176442 0.945612 0.370673 0.584672 0.371154 0.584672 0.408173 0.600742 0.408173 0.601978 0.376923 0.945612 0.377404 0.945612 0.555769 0.822002 0.556250 0.822002 0.572115 0.967862 0.572115 0.967862 0.159615
0 0.631644 0.159615 0.631644 0.175962 0.650185 0.175962 0.650185 0.159615
0 0.480841 0.159615 0.480841 0.175962 0.525340 0.175962 0.525340 0.159615
0 0.160692 0.055769 0.160692 0.159135 0.127318 0.159615 0.126082 0.572115 0.133498 0.572596 0.133498 0.977885 0.444994 0.977885 0.444994 0.857692 0.377009 0.857692 0.377009 0.863942 0.428925 0.864423 0.427689 0.971635 0.148331 0.971154 0.148331 0.864423 0.276885 0.863942 0.276885 0.857692 0.144623 0.857212 0.144623 0.572596 0.220025 0.572115 0.220025 0.556250 0.148331 0.555769 0.148331 0.491346 0.252163 0.490865 0.252163 0.486058 0.148331 0.485577 0.148331 0.442788 0.262052 0.442308 0.262052 0.437500 0.148331 0.437019 0.149567 0.361058 0.406675 0.360577 0.407911 0.393750 0.420272 0.393750 0.420272 0.355769 0.149567 0.355288 0.149567 0.176442 0.294190 0.175962 0.294190 0.159615 0.171817 0.159135 0.171817 0.060577 0.452410 0.060096 0.452410 0.055769
1 0.278121 0.857692 0.278121 0.863942 0.375773 0.863942 0.375773 0.857692
1 0.462299 0.556250 0.462299 0.572115 0.572311 0.572115 0.572311 0.556250
1 0.253399 0.486058 0.253399 0.490865 0.354759 0.490865 0.354759 0.486058
1 0.584672 0.408654 0.584672 0.447115 0.600742 0.447115 0.600742 0.408654
1 0.407911 0.394231 0.407911 0.432692 0.420272 0.432692 0.420272 0.394231
1 0.526576 0.159615 0.526576 0.175962 0.630408 0.175962 0.630408 0.159615
2 0.668727 0.556250 0.668727 0.572115 0.820766 0.572115 0.820766 0.556250
2 0.221261 0.556250 0.221261 0.572115 0.299135 0.572115 0.299135 0.556250
2 0.651422 0.159615 0.651422 0.175962 0.873918 0.175962 0.873918 0.159615
2 0.295426 0.159615 0.295426 0.175962 0.479604 0.175962 0.479604 0.159615
