0 0.520971 0.755202 0.521523 0.790086 0.584989 0.790086 0.584989 0.781518 0.533113 0.781518 0.532561 0.755202
0 0.163355 0.660955 0.163355 0.790086 0.467991 0.790086 0.467991 0.781518 0.195364 0.781518 0.194812 0.770502 0.171082 0.769890 0.171082 0.660955
0 0.163907 0.269890 0.163355 0.548348 0.171082 0.548348 0.171082 0.416157 0.195364 0.415545 0.195364 0.402693 0.171634 0.402081 0.171634 0.269890
0 0.409492 0.033048 0.409492 0.039780 0.768764 0.039780 0.769316 0.086903 0.775386 0.086903 0.775938 0.039780 0.874724 0.040392 0.874172 0.149327 0.775938 0.149327 0.775386 0.147491 0.769316 0.147491 0.769316 0.156059 0.874724 0.156671 0.874724 0.755202 0.872517 0.755814 0.872517 0.780906 0.819536 0.781518 0.819536 0.790086 0.880795 0.790086 0.880795 0.782742 0.883554 0.782130 0.883554 0.755814 0.880795 0.755202 0.880795 0.033048
0 0.163907 0.165851 0.171634 0.165851 0.172185 0.042228 0.195364 0.042228 0.195916 0.039780 0.394040 0.039780 0.394040 0.033048 0.195916 0.033048 0.195364 0.030600 0.163907 0.030600
1 0.585541 0.781518 0.585541 0.790086 0.818985 0.790086 0.818985 0.781518
1 0.468543 0.781518 0.468543 0.790086 0.520971 0.790086 0.520419 0.781518
1 0.769316 0.087515 0.769316 0.146879 0.775386 0.146879 0.775386 0.087515
2 0.163355 0.548960 0.163355 0.660343 0.171082 0.660343 0.171082 0.548960
2 0.163907 0.166463 0.163907 0.269278 0.171634 0.269278 0.171634 0.166463
2 0.394592 0.033048 0.394592 0.039780 0.408940 0.039780 0.408940 0.033048
