0 0.478464 0.537888 0.478464 0.669565 0.461610 0.670807 0.461610 0.726708 0.500936 0.726708 0.500936 0.683230 0.486891 0.681988 0.486891 0.537888
0 0.647004 0.506832 0.647004 0.681988 0.585206 0.683230 0.585206 0.726708 0.714419 0.726708 0.714419 0.683230 0.655431 0.681988 0.655431 0.506832
0 0.922285 0.469565 0.889513 0.469565 0.889513 0.681988 0.771536 0.683230 0.771536 0.726708 0.922285 0.726708
0 0.107678 0.726708 0.176966 0.726708 0.176966 0.706832 0.123596 0.705590 0.124532 0.485714 0.266854 0.485714 0.267790 0.705590 0.254682 0.706832 0.254682 0.726708 0.384831 0.726708 0.384831 0.670807 0.300562 0.669565 0.300562 0.311801 0.393258 0.310559 0.393258 0.299379 0.300562 0.298137 0.301498 0.059627 0.478464 0.060870 0.478464 0.298137 0.473783 0.299379 0.473783 0.310559 0.478464 0.311801 0.478464 0.436025 0.486891 0.436025 0.487828 0.049689 0.888577 0.049689 0.889513 0.316770 0.922285 0.316770 0.922285 0.028571 0.107678 0.028571 0.107678 0.318012 0.140449 0.318012 0.140449 0.050932 0.278090 0.050932 0.278090 0.443478 0.141386 0.444720 0.140449 0.431056 0.107678 0.431056
1 0.177903 0.706832 0.177903 0.726708 0.253745 0.726708 0.253745 0.706832
1 0.501873 0.683230 0.501873 0.726708 0.584270 0.726708 0.584270 0.683230
1 0.478464 0.437267 0.478464 0.536646 0.486891 0.536646 0.486891 0.437267
1 0.107678 0.319255 0.107678 0.429814 0.140449 0.429814 0.140449 0.319255
1 0.394195 0.299379 0.394195 0.310559 0.472846 0.310559 0.472846 0.299379
2 0.715356 0.683230 0.715356 0.726708 0.770599 0.726708 0.770599 0.683230
2 0.385768 0.670807 0.385768 0.726708 0.460674 0.726708 0.460674 0.670807
2 0.889513 0.318012 0.889513 0.468323 0.922285 0.468323 0.922285 0.318012
