0 0.793651 0.539636 0.793651 0.556376 0.797884 0.556376 0.797884 0.539636
0 0.207407 0.539636 0.207407 0.556376 0.212698 0.556376 0.212698 0.539636
0 0.616931 0.453471 0.616931 0.539143 0.540741 0.539636 0.540741 0.556376 0.711111 0.556376 0.711111 0.539636 0.629630 0.539143 0.629630 0.453471
0 0.424339 0.379124 0.413757 0.384047 0.419048 0.387001 0.419048 0.539143 0.323810 0.539636 0.323810 0.556376 0.446561 0.556376 0.446561 0.539636 0.432804 0.539143 0.432804 0.383063
0 0.983069 0.133432 0.900529 0.133432 0.900529 0.151157 0.962963 0.151649 0.962963 0.237322 0.868783 0.237814 0.868783 0.243722 0.962963 0.244215 0.961905 0.286558 0.868783 0.286558 0.868783 0.291974 0.962963 0.292467 0.962963 0.406204 0.630688 0.406696 0.629630 0.375185 0.616931 0.375185 0.616931 0.413097 0.629630 0.413097 0.630688 0.411620 0.962963 0.412112 0.962963 0.539143 0.841270 0.539636 0.841270 0.556376 0.965079 0.556869 0.965079 0.847366 0.789418 0.847858 0.789418 0.853767 0.966138 0.854259 0.966138 0.963565 0.657143 0.964057 0.656085 0.854259 0.701587 0.853767 0.701587 0.847858 0.645503 0.847858 0.645503 0.969966 0.977778 0.969966 0.977778 0.556869 0.983069 0.556376
0 0.559788 0.133432 0.559788 0.151157 0.564021 0.151157 0.564021 0.133432
0 0.519577 0.133432 0.395767 0.133432 0.395767 0.151157 0.439153 0.151649 0.439153 0.296898 0.452910 0.296898 0.452910 0.151649 0.519577 0.151157
0 0.294180 0.133432 0.294180 0.151157 0.308995 0.151157 0.308995 0.133432
0 0.206349 0.133432 0.206349 0.151157 0.214815 0.151157 0.214815 0.133432
0 0.038095 0.133432 0.038095 0.556376 0.167196 0.556376 0.167196 0.539636 0.071958 0.539143 0.071958 0.354998 0.349206 0.354505 0.353439 0.355982 0.364021 0.351059 0.355556 0.347120 0.071958 0.346627 0.073016 0.151649 0.125926 0.151157 0.125926 0.133432
0 0.469841 0.027573 0.469841 0.033481 0.711111 0.033973 0.711111 0.132939 0.647619 0.133432 0.647619 0.151157 0.769312 0.151649 0.769312 0.327425 0.616931 0.327917 0.616931 0.335795 0.629630 0.335795 0.630688 0.333826 0.782011 0.333826 0.782011 0.244215 0.784127 0.243722 0.784127 0.237814 0.782011 0.237322 0.782011 0.151649 0.837037 0.151157 0.837037 0.133432 0.722751 0.132939 0.722751 0.027573
1 0.702646 0.847858 0.702646 0.853767 0.788360 0.853767 0.788360 0.847858
1 0.447619 0.539636 0.447619 0.556376 0.539683 0.556376 0.539683 0.539636
1 0.616931 0.413589 0.616931 0.452979 0.629630 0.452979 0.629630 0.413589
1 0.365079 0.351059 0.353439 0.356475 0.412698 0.384047 0.424339 0.378631
1 0.616931 0.336288 0.616931 0.374692 0.629630 0.374692 0.629630 0.336288
1 0.785185 0.237814 0.785185 0.243722 0.867725 0.243722 0.867725 0.237814
1 0.310053 0.133432 0.310053 0.151157 0.394709 0.151157 0.394709 0.133432
2 0.798942 0.539636 0.798942 0.556376 0.840212 0.556376 0.840212 0.539636
2 0.712169 0.539636 0.712169 0.556376 0.792593 0.556376 0.792593 0.539636
2 0.213757 0.539636 0.213757 0.556376 0.322751 0.556376 0.322751 0.539636
2 0.168254 0.539636 0.168254 0.556376 0.206349 0.556376 0.206349 0.539636
2 0.838095 0.133432 0.838095 0.151157 0.899471 0.151157 0.899471 0.133432
2 0.565079 0.133432 0.565079 0.151157 0.646561 0.151157 0.646561 0.133432
2 0.520635 0.133432 0.520635 0.151157 0.558730 0.151157 0.558730 0.133432
2 0.215873 0.133432 0.215873 0.151157 0.293122 0.151157 0.293122 0.133432
2 0.126984 0.133432 0.126984 0.151157 0.205291 0.151157 0.205291 0.133432
