0 0.503480 0.432603 0.490719 0.432603 0.490719 0.537911 0.416473 0.538332 0.416473 0.554339 0.513921 0.554339 0.513921 0.538332 0.503480 0.537911
0 0.676334 0.417018 0.676334 0.473463 0.729698 0.473884 0.729698 0.537911 0.633411 0.538332 0.633411 0.554339 0.803944 0.554339 0.803944 0.537489 0.742459 0.537068 0.742459 0.473884 0.745940 0.473463 0.745940 0.468829 0.690255 0.468408 0.690255 0.417018
0 0.595128 0.150800 0.595128 0.165965 0.650812 0.165965 0.650812 0.150800
0 0.409513 0.150800 0.409513 0.165965 0.489559 0.165965 0.489559 0.150800
0 0.300464 0.150800 0.300464 0.165965 0.310905 0.165965 0.310905 0.150800
0 0.103248 0.150800 0.103248 0.445240 0.082367 0.445661 0.082367 0.554339 0.259861 0.554339 0.259861 0.538332 0.126450 0.537911 0.126450 0.362258 0.489559 0.361837 0.490719 0.394693 0.503480 0.394693 0.503480 0.357203 0.126450 0.356782 0.126450 0.166386 0.201856 0.165965 0.201856 0.150800
0 0.627610 0.049284 0.627610 0.053496 0.853828 0.053496 0.854988 0.150379 0.807425 0.150800 0.807425 0.165965 0.959397 0.166386 0.959397 0.342039 0.676334 0.342460 0.676334 0.379107 0.690255 0.379107 0.691415 0.347094 0.959397 0.347515 0.959397 0.421651 0.842227 0.422072 0.842227 0.426706 0.959397 0.427127 0.959397 0.468408 0.851508 0.468829 0.851508 0.473463 0.959397 0.473884 0.959397 0.496209 0.955916 0.496630 0.955916 0.537068 0.883991 0.537489 0.883991 0.554339 0.962877 0.554760 0.962877 0.832350 0.825986 0.832772 0.825986 0.837826 0.962877 0.838248 0.962877 0.943555 0.665893 0.943976 0.664733 0.838248 0.721578 0.837826 0.721578 0.832772 0.650812 0.832772 0.650812 0.949031 0.976798 0.949031 0.975638 0.554760 0.982599 0.554339 0.982599 0.150800 0.866589 0.150379 0.866589 0.049284
1 0.722738 0.832772 0.722738 0.837826 0.824826 0.837826 0.824826 0.832772
1 0.515081 0.538332 0.515081 0.554339 0.632251 0.554339 0.632251 0.538332
1 0.747100 0.468829 0.747100 0.473463 0.850348 0.473463 0.850348 0.468829
1 0.490719 0.395114 0.490719 0.432182 0.503480 0.432182 0.503480 0.395114
1 0.676334 0.379528 0.676334 0.416596 0.690255 0.416596 0.690255 0.379528
1 0.490719 0.150800 0.490719 0.165965 0.593968 0.165965 0.593968 0.150800
2 0.261021 0.538332 0.261021 0.554339 0.415313 0.554339 0.415313 0.538332
2 0.805104 0.537489 0.805104 0.554339 0.882831 0.554339 0.882831 0.537489
2 0.651972 0.150800 0.651972 0.165965 0.806265 0.165965 0.806265 0.150800
2 0.312065 0.150800 0.312065 0.165965 0.408353 0.165965 0.408353 0.150800
2 0.203016 0.150800 0.203016 0.165965 0.299304 0.165965 0.299304 0.150800
