0 0.039044 0.650519 0.039044 0.741638 0.346614 0.741638 0.346614 0.719723 0.220717 0.719723 0.219920 0.652826 0.211952 0.652826 0.211155 0.719723 0.059761 0.719723 0.058964 0.650519
0 0.430279 0.644752 0.430279 0.718570 0.424701 0.719723 0.424701 0.741638 0.429482 0.742791 0.429482 0.916955 0.981673 0.916955 0.981673 0.847751 0.949004 0.847751 0.948207 0.896194 0.624701 0.896194 0.623904 0.820069 0.576892 0.818916 0.576892 0.626298 0.568924 0.626298 0.568127 0.644752 0.518725 0.644752 0.518725 0.656286 0.568924 0.657439 0.568924 0.895040 0.442231 0.896194 0.440637 0.657439 0.458964 0.656286 0.458964 0.644752
0 0.425498 0.519031 0.425498 0.535179 0.568127 0.535179 0.568924 0.542099 0.576892 0.542099 0.577689 0.535179 0.763347 0.536332 0.763347 0.520185
0 0.039044 0.407151 0.039044 0.577855 0.058964 0.577855 0.059761 0.535179 0.211155 0.535179 0.211952 0.581315 0.219920 0.581315 0.220717 0.535179 0.267729 0.535179 0.267729 0.519031 0.059761 0.519031 0.058964 0.407151
0 0.840637 0.393310 0.840637 0.400231 0.863745 0.400231 0.863745 0.393310
0 0.039044 0.043829 0.039044 0.155709 0.058964 0.155709 0.059761 0.080738 0.339442 0.081892 0.339442 0.517878 0.333865 0.519031 0.333865 0.535179 0.350598 0.535179 0.350598 0.519031 0.349004 0.517878 0.349801 0.080738 0.839841 0.080738 0.840637 0.100346 0.863745 0.100346 0.864542 0.086505 0.994422 0.087659 0.995219 0.504037 0.982470 0.505190 0.981673 0.500577 0.864542 0.500577 0.863745 0.494810 0.840637 0.494810 0.840637 0.519031 0.831873 0.520185 0.831873 0.536332 0.948207 0.536332 0.949004 0.590542 0.981673 0.590542 0.981673 0.513264 0.999203 0.512111 0.999203 0.080738 0.984064 0.080738 0.983267 0.066897 0.864542 0.066897 0.863745 0.043829
1 0.347410 0.719723 0.347410 0.741638 0.423904 0.741638 0.423904 0.719723
1 0.459761 0.644752 0.459761 0.656286 0.517928 0.656286 0.517928 0.644752
1 0.211952 0.582468 0.211952 0.651672 0.219920 0.651672 0.219920 0.582468
1 0.568924 0.543253 0.568924 0.625144 0.576892 0.625144 0.576892 0.543253
1 0.764143 0.520185 0.764143 0.536332 0.831076 0.536332 0.831076 0.520185
1 0.351394 0.519031 0.351394 0.535179 0.424701 0.535179 0.424701 0.519031
1 0.268526 0.519031 0.268526 0.535179 0.333068 0.535179 0.333068 0.519031
1 0.840637 0.401384 0.840637 0.493656 0.863745 0.493656 0.863745 0.401384
2 0.949004 0.591696 0.949004 0.846597 0.981673 0.846597 0.981673 0.591696
2 0.039044 0.579008 0.039044 0.649366 0.058964 0.649366 0.058964 0.579008
2 0.039044 0.156863 0.039044 0.405998 0.058964 0.405998 0.058964 0.156863
2 0.840637 0.101499 0.840637 0.392157 0.863745 0.392157 0.863745 0.101499
