0 0.387026 0.855654 0.378280 0.857257 0.364431 0.810746 0.364431 0.802727 0.357872 0.802727 0.357872 0.812350 0.371720 0.860465 0.189504 0.914194 0.188776 0.869286 0.171283 0.869286 0.170554 0.850040 0.143586 0.850040 0.143586 0.932638 0.172012 0.932638 0.389213 0.869286
0 0.143586 0.676824 0.143586 0.812350 0.170554 0.812350 0.170554 0.732959 0.255831 0.732157 0.255831 0.718524 0.182945 0.718524 0.182216 0.676824
0 0.443878 0.838813 0.452624 0.836407 0.456268 0.849238 0.489796 0.839615 0.490525 0.779471 0.902332 0.779471 0.902332 0.637530 0.873178 0.637530 0.872449 0.767442 0.599854 0.767442 0.599125 0.623897 0.592566 0.623897 0.591837 0.639134 0.477405 0.639134 0.477405 0.650361 0.483965 0.650361 0.484694 0.646351 0.592566 0.647153 0.592566 0.766640 0.484694 0.767442 0.483965 0.716921 0.477405 0.716921 0.477405 0.828388
0 0.143586 0.469928 0.143586 0.639936 0.182216 0.639936 0.182945 0.601443 0.311953 0.601443 0.312682 0.717723 0.309767 0.718524 0.309767 0.732157 0.357143 0.732157 0.357872 0.737771 0.364431 0.737771 0.364431 0.724940 0.320700 0.724138 0.320700 0.602245 0.363703 0.601443 0.363703 0.540497 0.356414 0.540497 0.355685 0.591820 0.171283 0.591820 0.170554 0.469928
0 0.902332 0.445870 0.873178 0.445870 0.872449 0.534884 0.592566 0.534884 0.592566 0.546111 0.599125 0.546111 0.599854 0.542101 0.872449 0.542101 0.873178 0.544507 0.902332 0.544507
0 0.599125 0.400160 0.591837 0.400160 0.591108 0.449078 0.481778 0.449078 0.481778 0.457097 0.599125 0.457097
0 0.827988 0.190858 0.827988 0.226945 0.873178 0.227747 0.873178 0.324779 0.902332 0.324779 0.902332 0.190858
0 0.583819 0.190858 0.583819 0.226945 0.588192 0.226945 0.588192 0.190858
0 0.220845 0.190858 0.143586 0.190858 0.143586 0.364074 0.170554 0.364074 0.170554 0.227747 0.220845 0.226945
0 0.669825 0.044908 0.446064 0.044908 0.445335 0.190858 0.283528 0.190858 0.283528 0.226945 0.356414 0.227747 0.356414 0.466720 0.363703 0.466720 0.364431 0.457097 0.407434 0.457097 0.407434 0.449078 0.363703 0.448276 0.363703 0.249399 0.407434 0.248597 0.408163 0.226945 0.466472 0.226945 0.466472 0.190858 0.459184 0.190056 0.459184 0.063352 0.655977 0.062550 0.656706 0.190056 0.647959 0.190858 0.647959 0.226945 0.717201 0.226945 0.717201 0.190858 0.669825 0.190056
1 0.453353 0.838813 0.451895 0.837209 0.389213 0.854852 0.387755 0.857257 0.389942 0.866881 0.391399 0.868484 0.454082 0.850040 0.455539 0.848436
1 0.357872 0.738573 0.357872 0.801925 0.364431 0.801925 0.364431 0.738573
1 0.256560 0.718524 0.256560 0.732157 0.309038 0.732157 0.309038 0.718524
1 0.477405 0.651163 0.477405 0.716119 0.483965 0.716119 0.483965 0.651163
1 0.592566 0.546913 0.592566 0.623095 0.599125 0.623095 0.599125 0.546913
1 0.356414 0.467522 0.356414 0.539695 0.363703 0.539695 0.363703 0.467522
1 0.408163 0.449078 0.408163 0.457097 0.481050 0.457097 0.481050 0.449078
1 0.588921 0.190858 0.588921 0.226945 0.647230 0.226945 0.647230 0.190858
2 0.143586 0.813152 0.143586 0.849238 0.170554 0.849238 0.170554 0.813152
2 0.143586 0.640738 0.143586 0.676022 0.182216 0.676022 0.182216 0.640738
2 0.873178 0.545309 0.873178 0.636728 0.902332 0.636728 0.902332 0.545309
2 0.143586 0.364876 0.143586 0.469126 0.170554 0.469126 0.170554 0.364876
2 0.873178 0.325581 0.873178 0.445068 0.902332 0.445068 0.902332 0.325581
2 0.717930 0.190858 0.717930 0.226945 0.827259 0.226945 0.827259 0.190858
2 0.467201 0.190858 0.467201 0.226945 0.583090 0.226945 0.583090 0.190858
2 0.221574 0.190858 0.221574 0.226945 0.282799 0.226945 0.282799 0.190858
