0 0.669339 0.839080 0.668337 0.860920 0.649299 0.860920 0.649299 0.886207 0.669339 0.887356 0.669339 0.910345 0.691383 0.910345 0.691383 0.887356 0.710421 0.886207 0.710421 0.860920 0.692385 0.860920 0.691383 0.839080
0 0.553106 0.633333 0.553106 0.658621 0.563126 0.658621 0.563126 0.633333
0 0.325651 0.610345 0.325651 0.680460 0.347695 0.680460 0.347695 0.659770 0.364729 0.658621 0.364729 0.633333 0.347695 0.632184 0.347695 0.610345
0 0.855711 0.481609 0.855711 0.632184 0.820641 0.633333 0.820641 0.658621 0.855711 0.659770 0.855711 0.859770 0.832665 0.860920 0.832665 0.886207 0.854709 0.886207 0.855711 0.910345 0.877756 0.910345 0.877756 0.887356 0.898798 0.886207 0.898798 0.860920 0.877756 0.859770 0.877756 0.659770 0.898798 0.658621 0.898798 0.633333 0.877756 0.632184 0.877756 0.481609
0 0.735471 0.351724 0.735471 0.367816 0.771543 0.367816 0.771543 0.351724
0 0.841683 0.351724 0.841683 0.367816 0.854709 0.367816 0.855711 0.375862 0.877756 0.375862 0.877756 0.343678 0.855711 0.343678 0.854709 0.351724
0 0.414830 0.222989 0.414830 0.227586 0.565130 0.227586 0.565130 0.222989
0 0.104208 0.886207 0.124248 0.887356 0.124248 0.910345 0.146293 0.910345 0.147295 0.886207 0.324649 0.886207 0.325651 0.910345 0.347695 0.910345 0.347695 0.887356 0.365731 0.886207 0.365731 0.860920 0.347695 0.859770 0.347695 0.839080 0.325651 0.839080 0.324649 0.860920 0.146293 0.859770 0.147295 0.168966 0.325651 0.170115 0.325651 0.393103 0.347695 0.393103 0.348697 0.168966 0.679359 0.168966 0.680361 0.533333 0.669339 0.534483 0.669339 0.632184 0.644289 0.633333 0.644289 0.658621 0.668337 0.658621 0.669339 0.680460 0.691383 0.680460 0.692385 0.658621 0.741483 0.658621 0.741483 0.633333 0.691383 0.632184 0.691383 0.170115 0.854709 0.168966 0.855711 0.271264 0.877756 0.271264 0.877756 0.170115 0.898798 0.168966 0.898798 0.143678 0.878758 0.143678 0.877756 0.120690 0.855711 0.120690 0.854709 0.143678 0.348697 0.143678 0.347695 0.120690 0.325651 0.120690 0.324649 0.143678 0.147295 0.143678 0.146293 0.120690 0.124248 0.120690 0.124248 0.142529 0.104208 0.143678 0.104208 0.168966 0.124248 0.170115 0.124248 0.859770 0.104208 0.860920
1 0.742485 0.633333 0.742485 0.658621 0.819639 0.658621 0.819639 0.633333
1 0.564128 0.633333 0.564128 0.658621 0.643287 0.658621 0.643287 0.633333
1 0.772545 0.351724 0.772545 0.367816 0.840681 0.367816 0.840681 0.351724
2 0.365731 0.633333 0.365731 0.658621 0.552104 0.658621 0.552104 0.633333
2 0.325651 0.394253 0.325651 0.609195 0.347695 0.609195 0.347695 0.394253
2 0.855711 0.377011 0.855711 0.480460 0.877756 0.480460 0.877756 0.377011
2 0.855711 0.272414 0.855711 0.342529 0.877756 0.342529 0.877756 0.272414
