0 0.943834 0.239053 0.842491 0.239053 0.842491 0.268639 0.923077 0.269822 0.921856 0.485207 0.611722 0.485207 0.610501 0.414201 0.599512 0.414201 0.599512 0.734911 0.616606 0.734911 0.616606 0.724260 0.610501 0.723077 0.611722 0.530178 0.923077 0.531361 0.921856 0.724260 0.708181 0.724260 0.708181 0.734911 0.716728 0.736095 0.716728 0.794083 0.728938 0.794083 0.730159 0.734911 0.875458 0.734911 0.876679 0.772781 0.923077 0.773964 0.923077 0.888757 0.730159 0.889941 0.728938 0.886391 0.716728 0.886391 0.715507 0.889941 0.592186 0.889941 0.592186 0.910059 0.943834 0.910059
0 0.601954 0.239053 0.601954 0.268639 0.606838 0.268639 0.606838 0.239053
0 0.395604 0.239053 0.395604 0.268639 0.477411 0.268639 0.477411 0.239053
0 0.047619 0.239053 0.047619 0.910059 0.485958 0.910059 0.485958 0.889941 0.068376 0.888757 0.068376 0.269822 0.148962 0.268639 0.148962 0.239053
0 0.924298 0.046154 0.924298 0.056805 0.943834 0.056805 0.943834 0.046154
0 0.444444 0.046154 0.444444 0.055621 0.462759 0.055621 0.462759 0.046154
1 0.487179 0.889941 0.487179 0.910059 0.590965 0.910059 0.590965 0.889941
1 0.716728 0.795266 0.716728 0.885207 0.728938 0.885207 0.728938 0.795266
1 0.617827 0.724260 0.617827 0.734911 0.706960 0.734911 0.706960 0.724260
1 0.478632 0.239053 0.478632 0.268639 0.600733 0.268639 0.600733 0.239053
2 0.608059 0.239053 0.608059 0.268639 0.841270 0.268639 0.841270 0.239053
2 0.150183 0.239053 0.150183 0.268639 0.394383 0.268639 0.394383 0.239053
2 0.444444 0.056805 0.444444 0.237870 0.463980 0.237870 0.465201 0.056805 0.921856 0.056805 0.923077 0.237870 0.943834 0.237870 0.943834 0.057988 0.924298 0.057988 0.923077 0.046154 0.463980 0.046154 0.462759 0.056805
