0 0.148670 0.521617 0.148670 0.525376 0.168232 0.525376 0.168232 0.521617
0 0.410016 0.410714 0.410016 0.424812 0.675274 0.424812 0.675274 0.410714
0 0.343505 0.410714 0.343505 0.424812 0.348200 0.424812 0.348200 0.410714
0 0.959311 0.108083 0.903756 0.108083 0.903756 0.137218 0.949922 0.138158 0.949922 0.409774 0.812207 0.410714 0.812207 0.424812 0.830203 0.425752 0.830203 0.488722 0.838028 0.488722 0.838811 0.452068 0.949922 0.453008 0.949139 0.553571 0.838811 0.553571 0.838028 0.550752 0.830203 0.550752 0.830203 0.626880 0.838028 0.626880 0.838811 0.562970 0.949922 0.563910 0.949922 0.742481 0.838811 0.743421 0.838028 0.687970 0.830203 0.687970 0.830203 0.742481 0.784038 0.743421 0.784038 0.757519 0.959311 0.757519
0 0.616588 0.108083 0.616588 0.137218 0.740219 0.138158 0.740219 0.409774 0.736307 0.410714 0.736307 0.424812 0.751174 0.424812 0.751174 0.410714 0.748044 0.409774 0.748044 0.138158 0.768388 0.137218 0.768388 0.108083
0 0.416275 0.108083 0.416275 0.137218 0.482786 0.137218 0.482786 0.108083
0 0.148670 0.108083 0.148670 0.409774 0.030516 0.410714 0.030516 0.757519 0.717527 0.757519 0.717527 0.743421 0.712050 0.742481 0.712050 0.693609 0.704225 0.693609 0.703443 0.743421 0.636933 0.743421 0.636150 0.721805 0.618153 0.720865 0.618936 0.593985 0.703443 0.593985 0.704225 0.635338 0.712050 0.635338 0.712050 0.584586 0.618153 0.583647 0.618153 0.521617 0.610329 0.521617 0.609546 0.743421 0.169014 0.743421 0.168232 0.706767 0.148670 0.706767 0.147887 0.743421 0.043818 0.743421 0.043036 0.749060 0.038341 0.749060 0.037559 0.420113 0.044601 0.419173 0.045383 0.424812 0.147887 0.424812 0.148670 0.450188 0.168232 0.450188 0.168232 0.425752 0.174491 0.424812 0.174491 0.410714 0.168232 0.409774 0.168232 0.138158 0.280908 0.137218 0.280908 0.108083
1 0.718310 0.743421 0.718310 0.757519 0.783255 0.757519 0.783255 0.743421
1 0.704225 0.636278 0.704225 0.692669 0.712050 0.692669 0.712050 0.636278
1 0.830203 0.627820 0.830203 0.687030 0.838028 0.687030 0.838028 0.627820
1 0.830203 0.489662 0.830203 0.549812 0.838028 0.549812 0.838028 0.489662
1 0.148670 0.451128 0.148670 0.520677 0.168232 0.520677 0.168232 0.451128
1 0.751956 0.410714 0.751956 0.424812 0.811424 0.424812 0.811424 0.410714
1 0.676056 0.410714 0.676056 0.424812 0.735524 0.424812 0.735524 0.410714
1 0.348983 0.410714 0.348983 0.424812 0.409233 0.424812 0.409233 0.410714
2 0.148670 0.526316 0.148670 0.705827 0.168232 0.705827 0.168232 0.526316
2 0.175274 0.410714 0.175274 0.424812 0.342723 0.424812 0.342723 0.410714
2 0.769171 0.108083 0.769171 0.137218 0.902973 0.137218 0.902973 0.108083
2 0.483568 0.108083 0.483568 0.137218 0.615806 0.137218 0.615806 0.108083
2 0.281690 0.108083 0.281690 0.137218 0.415493 0.137218 0.415493 0.108083
