0 0.477352 0.824451 0.477352 0.845141 0.513066 0.845141 0.513066 0.824451
0 0.278746 0.731034 0.278746 0.823824 0.260453 0.824451 0.260453 0.845141 0.340592 0.845141 0.340592 0.824451 0.290941 0.823824 0.290941 0.731034
0 0.614111 0.625705 0.614111 0.637618 0.677700 0.638245 0.677700 0.742320 0.616725 0.742947 0.616725 0.780564 0.628920 0.780564 0.629791 0.751724 0.677700 0.752351 0.677700 0.823824 0.629791 0.824451 0.628920 0.820690 0.616725 0.820690 0.615854 0.824451 0.608885 0.824451 0.608885 0.845141 0.682927 0.845141 0.683798 0.894044 0.701220 0.894044 0.702091 0.845141 0.952091 0.845768 0.951220 0.956740 0.702091 0.956740 0.701220 0.942947 0.683798 0.942947 0.683798 0.969279 0.969512 0.969279 0.969512 0.813793 0.940767 0.813793 0.939895 0.824451 0.690767 0.824451 0.689895 0.628840 0.627178 0.628840 0.626307 0.625705
0 0.614111 0.444514 0.614111 0.507210 0.626307 0.507210 0.627178 0.456426 0.747387 0.457053 0.747387 0.556113 0.614111 0.556113 0.614111 0.569279 0.626307 0.569279 0.627178 0.565517 0.940767 0.566144 0.940767 0.722257 0.969512 0.722257 0.969512 0.519122 0.940767 0.519122 0.939895 0.556740 0.760453 0.556740 0.759582 0.457053 0.811847 0.456426 0.811847 0.447649 0.627178 0.447649 0.626307 0.444514
0 0.940767 0.252038 0.940767 0.447022 0.881533 0.447649 0.881533 0.456426 0.939895 0.456426 0.940767 0.487774 0.969512 0.487774 0.969512 0.252038
0 0.666376 0.194357 0.599303 0.194357 0.599303 0.213166 0.614111 0.213793 0.614111 0.386207 0.626307 0.386207 0.626307 0.213793 0.666376 0.213166
0 0.484321 0.194357 0.484321 0.213166 0.488676 0.213166 0.488676 0.194357
0 0.391986 0.194357 0.391986 0.213166 0.394599 0.213166 0.394599 0.194357
0 0.198606 0.194357 0.198606 0.213166 0.256098 0.213793 0.256098 0.382445 0.268293 0.382445 0.268293 0.213793 0.280488 0.213166 0.280488 0.194357
0 0.546167 0.028840 0.546167 0.037618 0.956446 0.037618 0.957317 0.193730 0.776132 0.194357 0.776132 0.213166 0.939895 0.213166 0.940767 0.218809 0.969512 0.218809 0.969512 0.028840
0 0.437282 0.028840 0.022648 0.028840 0.019164 0.845141 0.143728 0.845141 0.143728 0.824451 0.047909 0.823824 0.049652 0.569279 0.220383 0.569279 0.221254 0.673354 0.277875 0.673354 0.278746 0.677743 0.290941 0.677743 0.290941 0.664577 0.233449 0.663950 0.233449 0.450784 0.268293 0.450157 0.268293 0.440752 0.216028 0.441379 0.216028 0.450157 0.221254 0.450784 0.220383 0.560502 0.048780 0.559875 0.049652 0.450784 0.148955 0.450157 0.148955 0.441379 0.049652 0.440752 0.050523 0.213793 0.108014 0.213166 0.108014 0.194357 0.034843 0.193730 0.034843 0.038245 0.437282 0.037618
1 0.683798 0.894671 0.683798 0.942320 0.701220 0.942320 0.701220 0.894671
1 0.513937 0.824451 0.513937 0.845141 0.608014 0.845141 0.608014 0.824451
1 0.616725 0.781191 0.616725 0.820063 0.628920 0.820063 0.628920 0.781191
1 0.278746 0.678370 0.278746 0.730408 0.290941 0.730408 0.290941 0.678370
1 0.614111 0.569906 0.614111 0.625078 0.626307 0.625078 0.626307 0.569906
1 0.614111 0.507837 0.614111 0.555486 0.626307 0.555486 0.626307 0.507837
1 0.812718 0.447649 0.812718 0.456426 0.880662 0.456426 0.880662 0.447649
1 0.149826 0.441379 0.149826 0.450157 0.215157 0.450157 0.215157 0.441379
1 0.614111 0.386834 0.614111 0.443887 0.626307 0.443887 0.626307 0.386834
1 0.256098 0.383072 0.256098 0.440125 0.268293 0.440125 0.268293 0.383072
1 0.395470 0.194357 0.395470 0.213166 0.483449 0.213166 0.483449 0.194357
1 0.108885 0.194357 0.108885 0.213166 0.197735 0.213166 0.197735 0.194357
2 0.341463 0.824451 0.341463 0.845141 0.476481 0.845141 0.476481 0.824451
2 0.144599 0.824451 0.144599 0.845141 0.259582 0.845141 0.259582 0.824451
2 0.940767 0.722884 0.940767 0.813166 0.969512 0.813166 0.969512 0.722884
2 0.940767 0.488401 0.940767 0.518495 0.969512 0.518495 0.969512 0.488401
2 0.940767 0.219436 0.940767 0.251411 0.969512 0.251411 0.969512 0.219436
2 0.667247 0.194357 0.667247 0.213166 0.775261 0.213166 0.775261 0.194357
2 0.489547 0.194357 0.489547 0.213166 0.598432 0.213166 0.598432 0.194357
2 0.281359 0.194357 0.281359 0.213166 0.391115 0.213166 0.391115 0.194357
