0 0.730594 0.813997 0.730594 0.919924 0.704501 0.920555 0.704501 0.933796 0.973255 0.933796 0.973255 0.887137 0.953033 0.887137 0.952381 0.920555 0.737117 0.920555 0.736464 0.813997
0 0.730594 0.678436 0.730594 0.763556 0.736464 0.763556 0.737117 0.725095 0.952381 0.725095 0.953033 0.761034 0.973255 0.761034 0.973255 0.681589 0.953033 0.681589 0.952381 0.718159 0.737117 0.718159 0.736464 0.678436
0 0.129811 0.678436 0.129811 0.679697 0.143509 0.679697 0.143509 0.678436
0 0.129811 0.575032 0.129811 0.627995 0.143509 0.627995 0.144162 0.588903 0.410307 0.588903 0.410959 0.628625 0.416830 0.628625 0.416830 0.578184 0.144162 0.578184 0.143509 0.575032
0 0.129811 0.488651 0.129811 0.512610 0.143509 0.512610 0.143509 0.488651
0 0.410307 0.452081 0.410307 0.506936 0.645793 0.506936 0.645793 0.452081 0.639922 0.452081 0.639269 0.494956 0.425962 0.494956 0.425310 0.452081
0 0.973255 0.361286 0.953686 0.361286 0.953033 0.378941 0.898239 0.378941 0.898239 0.384615 0.946510 0.384615 0.947162 0.397856 0.973255 0.397856
0 0.730594 0.342371 0.730594 0.453342 0.736464 0.453342 0.737117 0.420555 0.816047 0.421185 0.815395 0.495586 0.737117 0.495586 0.736464 0.493695 0.730594 0.493695 0.730594 0.628625 0.736464 0.628625 0.737117 0.506936 0.952381 0.506936 0.953033 0.549811 0.973255 0.549811 0.973255 0.467844 0.947162 0.467844 0.946510 0.495586 0.822570 0.495586 0.821918 0.385246 0.858447 0.384615 0.858447 0.378941 0.816047 0.378941 0.815395 0.397226 0.737117 0.397226 0.736464 0.342371
0 0.412264 0.261665 0.412264 0.377049 0.427919 0.377049 0.428571 0.276166 0.632094 0.276166 0.632746 0.378941 0.645793 0.378941 0.645793 0.261665
0 0.129811 0.260404 0.129811 0.267339 0.143509 0.267339 0.143509 0.260404
0 0.129811 0.203657 0.129811 0.208701 0.143509 0.208701 0.143509 0.203657
0 0.973255 0.034048 0.889759 0.034048 0.889759 0.056116 0.953686 0.056747 0.953686 0.224464 0.914547 0.225095 0.913894 0.262926 0.737117 0.262926 0.736464 0.219420 0.730594 0.219420 0.730594 0.305170 0.736464 0.305170 0.737117 0.272383 0.953033 0.272383 0.953686 0.292560 0.973255 0.292560
0 0.617091 0.034048 0.617091 0.056116 0.730594 0.056747 0.730594 0.168979 0.736464 0.168979 0.736464 0.056747 0.774951 0.056116 0.774951 0.034048
0 0.016308 0.040353 0.016308 0.820933 0.129159 0.820933 0.129811 0.824716 0.629485 0.824716 0.630137 0.933796 0.646445 0.933796 0.646445 0.920555 0.643836 0.919924 0.643836 0.807692 0.637965 0.807692 0.637312 0.811475 0.532942 0.810845 0.533594 0.725095 0.637312 0.725095 0.637965 0.769861 0.643836 0.769861 0.643836 0.681589 0.632094 0.681589 0.631442 0.719420 0.427919 0.719420 0.427267 0.681589 0.417482 0.681589 0.416830 0.677806 0.410959 0.677806 0.410959 0.770492 0.416830 0.770492 0.417482 0.725095 0.500326 0.725095 0.500978 0.759142 0.527071 0.759773 0.526419 0.811475 0.417482 0.811475 0.416830 0.809584 0.410959 0.809584 0.410307 0.811475 0.144162 0.811475 0.143509 0.810214 0.129811 0.810214 0.129159 0.817150 0.022179 0.816520 0.022179 0.068726 0.129159 0.068096 0.129811 0.069357 0.143509 0.069357 0.144162 0.056116 0.425310 0.056116 0.425310 0.034048 0.129811 0.034048 0.129159 0.040353
1 0.647097 0.920555 0.647097 0.933796 0.703849 0.933796 0.703849 0.920555
1 0.410959 0.771122 0.410959 0.808953 0.416830 0.808953 0.416830 0.771122
1 0.637965 0.770492 0.637965 0.807062 0.643836 0.807062 0.643836 0.770492
1 0.730594 0.764187 0.730594 0.813367 0.736464 0.813367 0.736464 0.764187
1 0.730594 0.629256 0.730594 0.677806 0.736464 0.677806 0.736464 0.629256
1 0.410959 0.629256 0.410959 0.677175 0.416830 0.677175 0.416830 0.629256
1 0.129811 0.628625 0.129811 0.677806 0.143509 0.677806 0.143509 0.628625
1 0.730594 0.453972 0.730594 0.493064 0.736464 0.493064 0.736464 0.453972
1 0.859100 0.378941 0.859100 0.384615 0.897586 0.384615 0.897586 0.378941
1 0.730594 0.305801 0.730594 0.341740 0.736464 0.341740 0.736464 0.305801
1 0.129811 0.209332 0.129811 0.259773 0.143509 0.259773 0.143509 0.209332
1 0.730594 0.169609 0.730594 0.218789 0.736464 0.218789 0.736464 0.169609
2 0.953033 0.761665 0.953033 0.886507 0.973255 0.886507 0.973255 0.761665
2 0.129811 0.680328 0.129811 0.809584 0.143509 0.809584 0.143509 0.680328
2 0.953033 0.550441 0.953033 0.680958 0.973255 0.680958 0.973255 0.550441
2 0.129811 0.513241 0.129811 0.574401 0.143509 0.574401 0.143509 0.513241
2 0.947162 0.398487 0.947162 0.467213 0.973255 0.467213 0.973255 0.398487
2 0.953686 0.293190 0.953686 0.360656 0.973255 0.360656 0.973255 0.293190
2 0.129811 0.267970 0.129811 0.488020 0.143509 0.488020 0.143509 0.267970
2 0.129811 0.069987 0.129811 0.203026 0.143509 0.203026 0.143509 0.069987
2 0.775603 0.034048 0.775603 0.056116 0.889106 0.056116 0.889106 0.034048
2 0.425962 0.034048 0.425962 0.056116 0.616438 0.056116 0.616438 0.034048
