0 0.968312 0.751429 0.953766 0.751429 0.953247 0.811429 0.910649 0.811429 0.910649 0.841905 0.968312 0.841905
0 0.829091 0.811429 0.784935 0.810476 0.784935 0.579048 0.748571 0.579048 0.748571 0.603810 0.770390 0.604762 0.769870 0.812381 0.488312 0.812381 0.488312 0.841905 0.829091 0.841905
0 0.594286 0.579048 0.594286 0.603810 0.604156 0.603810 0.604156 0.579048
0 0.425455 0.579048 0.425455 0.603810 0.433766 0.603810 0.433766 0.579048
0 0.225974 0.579048 0.225974 0.603810 0.241039 0.603810 0.241039 0.579048
0 0.048831 0.543810 0.048831 0.841905 0.342857 0.841905 0.342857 0.812381 0.052468 0.812381 0.051948 0.604762 0.080519 0.603810 0.080519 0.579048 0.064416 0.579048 0.063896 0.543810
0 0.953766 0.448571 0.953766 0.602857 0.968312 0.602857 0.968312 0.448571
0 0.328312 0.290476 0.328312 0.578095 0.299740 0.579048 0.299740 0.603810 0.345974 0.603810 0.345974 0.579048 0.342857 0.578095 0.343377 0.307619 0.487792 0.307619 0.488312 0.578095 0.485714 0.579048 0.485714 0.603810 0.535065 0.603810 0.535065 0.579048 0.504416 0.578095 0.504416 0.244762 0.405714 0.244762 0.405195 0.290476
0 0.730909 0.063810 0.730909 0.090476 0.769870 0.091429 0.769870 0.335238 0.784935 0.335238 0.785455 0.090476 0.953247 0.090476 0.953766 0.336190 0.968312 0.336190 0.968312 0.063810
0 0.645714 0.063810 0.645714 0.090476 0.651429 0.090476 0.651429 0.063810
0 0.562597 0.063810 0.562597 0.090476 0.567273 0.090476 0.567273 0.063810
0 0.278442 0.063810 0.278442 0.090476 0.480519 0.090476 0.480519 0.063810
0 0.186494 0.063810 0.186494 0.090476 0.192208 0.090476 0.192208 0.063810
0 0.107013 0.063810 0.048831 0.063810 0.048831 0.436190 0.063896 0.436190 0.063896 0.091429 0.107013 0.090476
1 0.535584 0.579048 0.535584 0.603810 0.593766 0.603810 0.593766 0.579048
1 0.434286 0.579048 0.434286 0.603810 0.485195 0.603810 0.485195 0.579048
1 0.241558 0.579048 0.241558 0.603810 0.299221 0.603810 0.299221 0.579048
2 0.829610 0.811429 0.829610 0.841905 0.910130 0.841905 0.910130 0.811429
2 0.953766 0.603810 0.953766 0.750476 0.968312 0.750476 0.968312 0.603810
2 0.604675 0.579048 0.604675 0.603810 0.748052 0.603810 0.748052 0.579048
2 0.346494 0.579048 0.346494 0.603810 0.424935 0.603810 0.424935 0.579048
2 0.081039 0.579048 0.081039 0.603810 0.225455 0.603810 0.225455 0.579048
2 0.048831 0.437143 0.048831 0.542857 0.063896 0.542857 0.063896 0.437143
2 0.953766 0.337143 0.953766 0.447619 0.968312 0.447619 0.968312 0.337143
2 0.651948 0.063810 0.651948 0.090476 0.730390 0.090476 0.730390 0.063810
2 0.567792 0.063810 0.567792 0.090476 0.645195 0.090476 0.645195 0.063810
2 0.481039 0.063810 0.481039 0.090476 0.562078 0.090476 0.562078 0.063810
2 0.192727 0.063810 0.192727 0.090476 0.277922 0.090476 0.277922 0.063810
2 0.107532 0.063810 0.107532 0.090476 0.185974 0.090476 0.185974 0.063810
