0 0.653892 0.740741 0.653892 0.754986 0.659880 0.754986 0.659880 0.740741
0 0.561677 0.740741 0.561677 0.754986 0.568862 0.754986 0.568862 0.740741
0 0.632335 0.141026 0.632335 0.153846 0.635928 0.153846 0.635928 0.141026
0 0.451497 0.037749 0.451497 0.051994 0.495808 0.052707 0.495808 0.400285 0.489820 0.400997 0.489820 0.405983 0.516168 0.405983 0.516168 0.400997 0.510180 0.400285 0.510180 0.154558 0.543713 0.153846 0.543713 0.141026 0.525749 0.140313 0.525749 0.049858 0.894611 0.049858 0.894611 0.140313 0.863473 0.141026 0.863473 0.153846 0.894611 0.154558 0.894611 0.400285 0.603593 0.400997 0.603593 0.405983 0.641916 0.405983 0.643114 0.410969 0.651497 0.410969 0.652695 0.405983 0.894611 0.406695 0.893413 0.517094 0.815569 0.517094 0.814371 0.522080 0.652695 0.522080 0.651497 0.455840 0.643114 0.455840 0.643114 0.521368 0.638323 0.522080 0.638323 0.527066 0.821557 0.527066 0.822754 0.566952 0.894611 0.567664 0.894611 0.740028 0.822754 0.740741 0.822754 0.754986 0.898204 0.755698 0.898204 0.951567 0.108982 0.951567 0.108982 0.755698 0.402395 0.754986 0.402395 0.740741 0.395210 0.740028 0.395210 0.566239 0.537725 0.565527 0.537725 0.527778 0.543713 0.527066 0.543713 0.522080 0.529341 0.522080 0.528144 0.560541 0.396407 0.560541 0.395210 0.522080 0.373653 0.522080 0.373653 0.531339 0.379641 0.532051 0.379641 0.734330 0.100599 0.735043 0.100599 0.957265 0.906587 0.957265 0.906587 0.755698 0.912575 0.754986 0.912575 0.037749
0 0.097006 0.037749 0.097006 0.531339 0.275449 0.531339 0.275449 0.522080 0.268263 0.521368 0.268263 0.480769 0.259880 0.480769 0.258683 0.522080 0.114970 0.521368 0.114970 0.406695 0.258683 0.405983 0.259880 0.440171 0.268263 0.440171 0.269461 0.437322 0.317365 0.437322 0.318563 0.405983 0.402395 0.405983 0.402395 0.400997 0.114970 0.400285 0.114970 0.052707 0.153293 0.051994 0.153293 0.037749
1 0.570060 0.740741 0.570060 0.754986 0.652695 0.754986 0.652695 0.740741
1 0.544910 0.522080 0.544910 0.527066 0.637126 0.527066 0.637126 0.522080
1 0.276647 0.522080 0.276647 0.531339 0.372455 0.531339 0.372455 0.522080
1 0.259880 0.440883 0.259880 0.480057 0.268263 0.480057 0.268263 0.440883
1 0.643114 0.411681 0.643114 0.455128 0.651497 0.455128 0.651497 0.411681
1 0.517365 0.400997 0.517365 0.405983 0.602395 0.405983 0.602395 0.400997
1 0.403593 0.400997 0.403593 0.405983 0.488623 0.405983 0.488623 0.400997
1 0.544910 0.141026 0.544910 0.153846 0.631138 0.153846 0.631138 0.141026
2 0.661078 0.740741 0.661078 0.754986 0.821557 0.754986 0.821557 0.740741
2 0.403593 0.740741 0.403593 0.754986 0.560479 0.754986 0.560479 0.740741
2 0.637126 0.141026 0.637126 0.153846 0.862275 0.153846 0.862275 0.141026
2 0.154491 0.037749 0.154491 0.051994 0.450299 0.051994 0.450299 0.037749
