0 0.501597 0.590937 0.488019 0.590937 0.488019 0.748316 0.455272 0.748928 0.455272 0.758726 0.511981 0.758726 0.511981 0.748928 0.501597 0.748316 0.501597 0.695040 0.516773 0.694427 0.516773 0.684017 0.501597 0.683405
0 0.640575 0.585426 0.640575 0.683405 0.574281 0.684017 0.574281 0.694427 0.640575 0.695040 0.640575 0.748316 0.573482 0.748928 0.573482 0.758726 0.597444 0.759339 0.597444 0.812002 0.609425 0.812002 0.610224 0.758726 0.784345 0.758726 0.785144 0.872015 0.610224 0.872627 0.609425 0.857318 0.597444 0.857318 0.597444 0.881813 0.798722 0.881813 0.798722 0.611145 0.785144 0.611145 0.784345 0.656461 0.714856 0.656461 0.714856 0.666871 0.785144 0.667483 0.785144 0.748316 0.654952 0.748928 0.654153 0.667483 0.659744 0.666871 0.659744 0.656461 0.654153 0.655848 0.654153 0.585426
0 0.679712 0.214329 0.679712 0.224740 0.785144 0.225352 0.785144 0.434170 0.612620 0.434783 0.612620 0.444581 0.639776 0.444581 0.640575 0.446418 0.654153 0.446418 0.654952 0.444581 0.784345 0.444581 0.785144 0.500919 0.654952 0.501531 0.654153 0.489896 0.640575 0.489896 0.640575 0.542560 0.654153 0.542560 0.654952 0.511941 0.784345 0.511941 0.785144 0.571953 0.798722 0.571953 0.798722 0.214329
0 0.524760 0.214329 0.524760 0.224740 0.578275 0.224740 0.578275 0.214329
0 0.421725 0.214329 0.421725 0.224740 0.453674 0.224740 0.453674 0.214329
0 0.249201 0.214329 0.249201 0.758726 0.335463 0.758726 0.335463 0.748928 0.263578 0.748316 0.263578 0.507042 0.487220 0.506430 0.488019 0.547459 0.501597 0.547459 0.501597 0.496632 0.263578 0.496020 0.263578 0.225352 0.299521 0.224740 0.299521 0.214329
1 0.597444 0.812615 0.597444 0.856705 0.609425 0.856705 0.609425 0.812615
1 0.512780 0.748928 0.512780 0.758726 0.572684 0.758726 0.572684 0.748928
1 0.517572 0.684017 0.517572 0.694427 0.573482 0.694427 0.573482 0.684017
1 0.660543 0.656461 0.660543 0.666871 0.714058 0.666871 0.714058 0.656461
1 0.488019 0.548071 0.488019 0.590325 0.501597 0.590325 0.501597 0.548071
1 0.640575 0.543172 0.640575 0.584813 0.654153 0.584813 0.654153 0.543172
1 0.640575 0.447030 0.640575 0.489284 0.654153 0.489284 0.654153 0.447030
1 0.454473 0.214329 0.454473 0.224740 0.523962 0.224740 0.523962 0.214329
2 0.336262 0.748928 0.336262 0.758726 0.454473 0.758726 0.454473 0.748928
2 0.785144 0.572566 0.785144 0.610533 0.798722 0.610533 0.798722 0.572566
2 0.579073 0.214329 0.579073 0.224740 0.678914 0.224740 0.678914 0.214329
2 0.300319 0.214329 0.300319 0.224740 0.420927 0.224740 0.420927 0.214329
