0 0.382834 0.465721 0.382834 0.579196 0.397820 0.579196 0.397820 0.465721
0 0.232970 0.347518 0.232970 0.369976 0.235695 0.369976 0.235695 0.347518
0 0.979564 0.320331 0.933243 0.320331 0.933243 0.342790 0.937330 0.343972 0.935967 0.676123 0.550409 0.674941 0.550409 0.745863 0.564033 0.745863 0.565395 0.685579 0.889646 0.685579 0.891008 0.944444 0.565395 0.945626 0.564033 0.885343 0.550409 0.885343 0.550409 0.944444 0.514986 0.945626 0.514986 0.969267 0.979564 0.969267
0 0.031335 0.093381 0.031335 0.969267 0.412807 0.969267 0.412807 0.945626 0.397820 0.944444 0.397820 0.842790 0.382834 0.842790 0.381471 0.945626 0.062670 0.944444 0.064033 0.749409 0.381471 0.749409 0.382834 0.771868 0.397820 0.771868 0.397820 0.661939 0.382834 0.661939 0.381471 0.737589 0.104905 0.737589 0.103542 0.715130 0.062670 0.713948 0.062670 0.347518 0.046322 0.346336 0.046322 0.107565 0.367847 0.106383 0.369210 0.346336 0.337875 0.347518 0.337875 0.369976 0.381471 0.369976 0.382834 0.384161 0.397820 0.384161 0.397820 0.343972 0.403270 0.342790 0.403270 0.320331 0.384196 0.319149 0.384196 0.093381
1 0.414169 0.945626 0.414169 0.969267 0.513624 0.969267 0.513624 0.945626
1 0.382834 0.773050 0.382834 0.841608 0.397820 0.841608 0.397820 0.773050
1 0.382834 0.580378 0.382834 0.660757 0.397820 0.660757 0.397820 0.580378
1 0.382834 0.385343 0.382834 0.464539 0.397820 0.464539 0.397820 0.385343
1 0.237057 0.347518 0.237057 0.369976 0.336512 0.369976 0.336512 0.347518
2 0.064033 0.347518 0.064033 0.369976 0.231608 0.369976 0.231608 0.347518
2 0.404632 0.320331 0.404632 0.342790 0.931880 0.342790 0.931880 0.320331
