0 0.791805 0.803083 0.791805 0.824107 0.799557 0.824107 0.799557 0.803083
0 0.399779 0.705676 0.387597 0.705676 0.387597 0.802383 0.245847 0.803083 0.245847 0.824107 0.294574 0.824807 0.294574 0.959355 0.382060 0.959355 0.382060 0.952348 0.305648 0.951647 0.305648 0.824807 0.410853 0.824107 0.410853 0.803083 0.399779 0.802383 0.399779 0.722495 0.409745 0.721794 0.409745 0.714085 0.399779 0.713385
0 0.620155 0.599159 0.607973 0.599159 0.607973 0.713385 0.521595 0.714085 0.521595 0.721794 0.607973 0.722495 0.607973 0.802383 0.523810 0.803083 0.523810 0.824107 0.637874 0.824807 0.637874 0.951647 0.550388 0.952348 0.550388 0.959355 0.648948 0.959355 0.648948 0.824807 0.687708 0.824107 0.687708 0.803083 0.620155 0.802383
0 0.914729 0.176594 0.914729 0.197617 0.943522 0.198318 0.943522 0.473020 0.607973 0.473721 0.607973 0.534688 0.620155 0.534688 0.621262 0.481430 0.943522 0.482130 0.943522 0.802383 0.909192 0.803083 0.909192 0.824107 0.976744 0.824107 0.976744 0.176594
0 0.790698 0.176594 0.790698 0.197617 0.796235 0.197617 0.796235 0.176594
0 0.478405 0.176594 0.478405 0.197617 0.519380 0.197617 0.519380 0.176594
0 0.372093 0.176594 0.372093 0.197617 0.379845 0.197617 0.379845 0.176594
0 0.655592 0.046251 0.644518 0.046251 0.644518 0.175893 0.617940 0.176594 0.617940 0.197617 0.669989 0.197617 0.669989 0.176594 0.655592 0.175893
0 0.245847 0.045550 0.023256 0.045550 0.023256 0.175893 0.009967 0.176594 0.009967 0.824107 0.128461 0.824107 0.128461 0.803083 0.043189 0.802383 0.044297 0.593553 0.386489 0.593553 0.387597 0.644008 0.399779 0.644008 0.399779 0.514366 0.387597 0.514366 0.386489 0.585844 0.043189 0.585144 0.044297 0.519972 0.186047 0.519972 0.198228 0.512263 0.192691 0.515767 0.183832 0.510862 0.180509 0.512263 0.043189 0.511563 0.044297 0.407148 0.245847 0.407148 0.246955 0.468115 0.235880 0.475123 0.242525 0.470918 0.251384 0.475823 0.259136 0.471619 0.260244 0.407148 0.386489 0.407148 0.387597 0.451296 0.399779 0.451296 0.399779 0.399439 0.043189 0.398739 0.043189 0.198318 0.279070 0.197617 0.279070 0.176594 0.245847 0.175893 0.245847 0.135249 0.228128 0.135249 0.227021 0.176594 0.036545 0.176594 0.035437 0.057463 0.227021 0.056762 0.228128 0.070077 0.245847 0.070077
1 0.411960 0.803083 0.411960 0.824107 0.522702 0.824107 0.522702 0.803083
1 0.410853 0.714085 0.410853 0.721794 0.520487 0.721794 0.520487 0.714085
1 0.387597 0.644709 0.387597 0.704975 0.399779 0.704975 0.399779 0.644709
1 0.607973 0.535389 0.607973 0.598458 0.620155 0.598458 0.620155 0.535389
1 0.242525 0.471619 0.183832 0.510161 0.192691 0.515067 0.251384 0.476524
1 0.387597 0.451997 0.387597 0.513665 0.399779 0.513665 0.399779 0.451997
1 0.520487 0.176594 0.520487 0.197617 0.616833 0.197617 0.616833 0.176594
1 0.228128 0.070778 0.228128 0.134548 0.245847 0.134548 0.245847 0.070778
2 0.800664 0.803083 0.800664 0.824107 0.908084 0.824107 0.908084 0.803083
2 0.688815 0.803083 0.688815 0.824107 0.790698 0.824107 0.790698 0.803083
2 0.129568 0.803083 0.129568 0.824107 0.244740 0.824107 0.244740 0.803083
2 0.797342 0.176594 0.797342 0.197617 0.913621 0.197617 0.913621 0.176594
2 0.671096 0.176594 0.671096 0.197617 0.789590 0.197617 0.789590 0.176594
2 0.380952 0.176594 0.380952 0.197617 0.477298 0.197617 0.477298 0.176594
2 0.280177 0.176594 0.280177 0.197617 0.370986 0.197617 0.370986 0.176594
