0 0.734549 0.707572 0.734549 0.710183 0.752786 0.710183 0.752786 0.707572
0 0.343465 0.613577 0.343465 0.629243 0.517730 0.629243 0.517730 0.613577 0.357649 0.613577 0.356636 0.607485 0.345491 0.607485 0.345491 0.612707
0 0.968592 0.613577 0.766971 0.613577 0.765957 0.577023 0.734549 0.577023 0.733536 0.613577 0.600811 0.613577 0.600811 0.629243 0.733536 0.629243 0.734549 0.634465 0.752786 0.634465 0.753799 0.629243 0.765957 0.629243 0.766971 0.624021 0.902736 0.624021 0.903749 0.629243 0.954407 0.630113 0.953394 0.960836 0.753799 0.960836 0.752786 0.955614 0.734549 0.955614 0.733536 0.960836 0.225937 0.960836 0.224924 0.630113 0.226950 0.629243 0.226950 0.613577 0.201621 0.613577 0.201621 0.629243 0.206687 0.630113 0.206687 0.976501 0.968592 0.976501
0 0.765957 0.312446 0.734549 0.312446 0.733536 0.333333 0.339412 0.333333 0.339412 0.343777 0.345491 0.344648 0.345491 0.543951 0.356636 0.543951 0.356636 0.397737 0.421479 0.396867 0.422492 0.343777 0.733536 0.343777 0.734549 0.395997 0.765957 0.395997
0 0.765957 0.028721 0.607903 0.028721 0.606890 0.048738 0.064843 0.048738 0.064843 0.629243 0.109422 0.629243 0.109422 0.613577 0.082067 0.612707 0.082067 0.344648 0.165147 0.343777 0.165147 0.333333 0.110436 0.332463 0.110436 0.268930 0.082067 0.268059 0.083080 0.063534 0.242148 0.064404 0.242148 0.332463 0.238095 0.333333 0.238095 0.343777 0.261398 0.343777 0.261398 0.333333 0.255319 0.332463 0.256332 0.063534 0.733536 0.063534 0.734549 0.121845 0.765957 0.121845
1 0.734549 0.635335 0.734549 0.706701 0.752786 0.706701 0.752786 0.635335
1 0.518744 0.613577 0.518744 0.629243 0.599797 0.629243 0.599797 0.613577
1 0.227964 0.613577 0.227964 0.629243 0.342452 0.629243 0.342452 0.613577
1 0.110436 0.613577 0.110436 0.629243 0.200608 0.629243 0.200608 0.613577
1 0.345491 0.544822 0.345491 0.606614 0.356636 0.606614 0.356636 0.544822
1 0.262411 0.333333 0.262411 0.343777 0.338399 0.343777 0.338399 0.333333
1 0.166160 0.333333 0.166160 0.343777 0.237082 0.343777 0.237082 0.333333
2 0.734549 0.711053 0.734549 0.954743 0.752786 0.954743 0.752786 0.711053
2 0.734549 0.396867 0.734549 0.576153 0.765957 0.576153 0.765957 0.396867
2 0.734549 0.122715 0.734549 0.311575 0.765957 0.311575 0.765957 0.122715
