0 0.415884 0.819549 0.415884 0.834586 0.418051 0.835526 0.418051 0.983083 0.971841 0.983083 0.971841 0.883459 0.948014 0.883459 0.947292 0.968985 0.659206 0.968985 0.658484 0.783835 0.647653 0.783835 0.646931 0.819549 0.599278 0.819549 0.599278 0.826128 0.647653 0.827068 0.647653 0.908835 0.602166 0.909774 0.601444 0.968985 0.430325 0.968985 0.429603 0.827068 0.543682 0.826128 0.543682 0.819549
0 0.971841 0.647556 0.948014 0.647556 0.947292 0.702068 0.659206 0.702068 0.658484 0.699248 0.647653 0.699248 0.647653 0.713346 0.658484 0.713346 0.659206 0.710526 0.947292 0.710526 0.948014 0.742481 0.971841 0.742481
0 0.796390 0.208647 0.796390 0.233083 0.801444 0.233083 0.801444 0.208647
0 0.476534 0.208647 0.422383 0.208647 0.422383 0.594925 0.197112 0.595865 0.197112 0.834586 0.357401 0.834586 0.357401 0.819549 0.353069 0.818609 0.353069 0.763158 0.346570 0.763158 0.345848 0.819549 0.208664 0.818609 0.209386 0.610902 0.345848 0.610902 0.346570 0.703947 0.353069 0.703947 0.353791 0.610902 0.583394 0.610902 0.583394 0.602444 0.433935 0.601504 0.433935 0.234023 0.476534 0.233083
0 0.724188 0.062030 0.723466 0.208647 0.607942 0.208647 0.607942 0.233083 0.647653 0.234023 0.647653 0.601504 0.645487 0.602444 0.647653 0.620301 0.658484 0.620301 0.658484 0.234023 0.737906 0.233083 0.737906 0.208647 0.734296 0.207707 0.735018 0.071429 0.929242 0.072368 0.929242 0.207707 0.926354 0.208647 0.926354 0.233083 0.948014 0.234023 0.948014 0.562030 0.971841 0.562030 0.971841 0.208647 0.939350 0.207707 0.939350 0.062030
1 0.544404 0.819549 0.544404 0.826128 0.598556 0.826128 0.598556 0.819549
1 0.358123 0.819549 0.358123 0.834586 0.415162 0.834586 0.415162 0.819549
1 0.647653 0.714286 0.647653 0.782895 0.658484 0.782895 0.658484 0.714286
1 0.346570 0.704887 0.346570 0.762218 0.353069 0.762218 0.353069 0.704887
1 0.647653 0.621241 0.647653 0.698308 0.658484 0.698308 0.658484 0.621241
1 0.584116 0.602444 0.584116 0.610902 0.644765 0.610902 0.644765 0.602444
1 0.738628 0.208647 0.738628 0.233083 0.795668 0.233083 0.795668 0.208647
2 0.948014 0.743421 0.948014 0.882519 0.971841 0.882519 0.971841 0.743421
2 0.948014 0.562970 0.948014 0.646617 0.971841 0.646617 0.971841 0.562970
2 0.802166 0.208647 0.802166 0.233083 0.925632 0.233083 0.925632 0.208647
2 0.477256 0.208647 0.477256 0.233083 0.607220 0.233083 0.607220 0.208647
