0 0.940717 0.821833 0.940717 0.835407 0.942096 0.835407 0.942096 0.821833
0 0.966912 0.821833 0.966912 0.835407 0.982077 0.835407 0.982077 0.821267
0 0.397978 0.736991 0.397978 0.749434 0.399357 0.749434 0.399357 0.736991
0 0.250000 0.606335 0.250000 0.736425 0.209099 0.736991 0.209099 0.749434 0.357537 0.749434 0.357537 0.736991 0.323989 0.736425 0.323989 0.625000 0.360754 0.624434 0.360754 0.618213 0.316636 0.618213 0.316636 0.624434 0.318934 0.625000 0.318474 0.736991 0.255515 0.736991 0.255055 0.625000 0.277574 0.624434 0.277574 0.618213 0.255515 0.618213 0.255055 0.606335
0 0.594669 0.602376 0.594669 0.736425 0.567096 0.736991 0.567096 0.749434 0.657169 0.749434 0.657169 0.736991 0.599724 0.736425 0.599724 0.602376
0 0.403493 0.618213 0.403493 0.624434 0.421875 0.625000 0.421875 0.736425 0.409926 0.736991 0.409926 0.749434 0.448529 0.749434 0.448529 0.736991 0.426471 0.736425 0.426930 0.624434 0.488511 0.624434 0.488971 0.736425 0.486673 0.736991 0.486673 0.749434 0.529412 0.749434 0.529412 0.736991 0.494026 0.736425 0.494026 0.618213 0.426930 0.618213 0.426471 0.601244 0.421875 0.601244 0.421415 0.618213
0 0.968750 0.598416 0.968750 0.693439 0.982077 0.693439 0.982077 0.598416
0 0.255055 0.544683 0.250000 0.544683 0.249540 0.547511 0.095129 0.547511 0.094669 0.522624 0.081342 0.522624 0.081342 0.749434 0.136489 0.749434 0.136489 0.736991 0.094669 0.736425 0.095129 0.553733 0.249540 0.553733 0.250000 0.558258 0.255055 0.558258
0 0.614430 0.467195 0.594669 0.467195 0.594669 0.541855 0.556526 0.542421 0.556526 0.549774 0.594210 0.549774 0.594669 0.554299 0.599724 0.554299 0.600184 0.549774 0.614890 0.549774 0.614890 0.542421 0.599724 0.541855 0.599724 0.473982 0.614430 0.473416
0 0.788603 0.273190 0.788143 0.369910 0.727941 0.369344 0.726103 0.369910 0.725643 0.379525 0.687500 0.379525 0.687040 0.369910 0.674632 0.369344 0.672794 0.369910 0.672335 0.379525 0.638787 0.379525 0.674632 0.380090 0.674632 0.466629 0.650276 0.467195 0.650276 0.473416 0.674632 0.473982 0.674632 0.541855 0.650276 0.542421 0.650276 0.549774 0.680607 0.549774 0.681066 0.379525 0.727482 0.379525 0.727941 0.436652 0.734835 0.436652 0.735294 0.379525 0.791820 0.380090 0.791820 0.488688 0.727941 0.488688 0.727941 0.496606 0.791820 0.497172 0.791820 0.736425 0.740349 0.736991 0.740349 0.749434 0.791360 0.749434 0.791820 0.835407 0.834099 0.835407 0.834099 0.821833 0.801930 0.821267 0.801930 0.750000 0.804688 0.749434 0.804688 0.488688 0.968290 0.488122 0.968750 0.547511 0.982077 0.547511 0.982077 0.364819 0.857537 0.364819 0.857537 0.378959 0.968290 0.378959 0.968290 0.480769 0.805147 0.480769 0.804688 0.379525 0.817555 0.378959 0.817555 0.364819 0.803768 0.364253 0.803768 0.273190
0 0.081342 0.438348 0.094669 0.438348 0.095129 0.378394 0.249540 0.378394 0.250000 0.497738 0.255055 0.497738 0.255515 0.378394 0.421415 0.378959 0.421875 0.551471 0.426471 0.551471 0.426930 0.549774 0.520221 0.549774 0.520221 0.542421 0.517463 0.541855 0.517463 0.484163 0.511489 0.484163 0.511029 0.542421 0.426471 0.541855 0.426471 0.379525 0.511029 0.378959 0.511489 0.436086 0.517463 0.436086 0.517923 0.378959 0.633272 0.378959 0.633732 0.369344 0.632353 0.368778 0.632353 0.319570 0.626379 0.319570 0.625919 0.369344 0.421875 0.368778 0.421415 0.378959 0.335938 0.378959 0.335938 0.369344 0.192555 0.368778 0.192096 0.232466 0.179228 0.232466 0.179228 0.359163 0.081342 0.359729
0 0.767923 0.195136 0.767923 0.214932 0.788603 0.215498 0.788603 0.242081 0.803768 0.242081 0.803768 0.195136
0 0.687960 0.195136 0.687960 0.214932 0.698529 0.214932 0.698529 0.195136
0 0.179228 0.192873 0.179228 0.200792 0.192096 0.200792 0.192096 0.192873
0 0.640625 0.149321 0.626379 0.149321 0.626379 0.246606 0.632353 0.246606 0.632353 0.215498 0.650735 0.214932 0.650735 0.195136 0.640625 0.194570
0 0.601562 0.091063 0.601562 0.109729 0.625919 0.109729 0.626379 0.119344 0.640625 0.119344 0.640625 0.091063
0 0.528493 0.091063 0.528493 0.109729 0.529412 0.109729 0.529412 0.091063
0 0.406710 0.091063 0.406710 0.109729 0.460478 0.109729 0.460478 0.091063
0 0.273897 0.091063 0.273897 0.109729 0.350643 0.109729 0.350643 0.091063
0 0.218290 0.091063 0.179228 0.091063 0.179228 0.145362 0.192096 0.145362 0.192555 0.109729 0.218290 0.109729
1 0.834559 0.821833 0.834559 0.835407 0.940257 0.835407 0.940257 0.821833
1 0.529871 0.736991 0.529871 0.749434 0.566636 0.749434 0.566636 0.736991
1 0.448989 0.736991 0.448989 0.749434 0.486213 0.749434 0.486213 0.736991
1 0.357996 0.736991 0.357996 0.749434 0.397518 0.749434 0.397518 0.736991
1 0.361213 0.618213 0.361213 0.624434 0.403033 0.624434 0.403033 0.618213
1 0.278033 0.618213 0.278033 0.624434 0.316176 0.624434 0.316176 0.618213
1 0.250000 0.558824 0.250000 0.605769 0.255055 0.605769 0.255055 0.558824
1 0.594669 0.554864 0.594669 0.601810 0.599724 0.601810 0.599724 0.554864
1 0.421875 0.552036 0.421875 0.600679 0.426471 0.600679 0.426471 0.552036
1 0.615349 0.542421 0.615349 0.549774 0.649816 0.549774 0.649816 0.542421
1 0.520680 0.542421 0.520680 0.549774 0.556066 0.549774 0.556066 0.542421
1 0.250000 0.498303 0.250000 0.544118 0.255055 0.544118 0.255055 0.498303
1 0.614890 0.467195 0.614890 0.473416 0.649816 0.473416 0.649816 0.467195
1 0.727941 0.437217 0.727941 0.488122 0.734835 0.488122 0.734835 0.437217
1 0.511489 0.436652 0.511489 0.483597 0.517463 0.483597 0.517463 0.436652
1 0.687500 0.369344 0.687500 0.378959 0.725643 0.378959 0.725643 0.369344
1 0.634191 0.369344 0.633732 0.378959 0.672335 0.378959 0.672335 0.369344
1 0.335938 0.378394 0.421415 0.378394 0.421415 0.368778 0.336397 0.368778
1 0.818015 0.364819 0.818015 0.378959 0.857077 0.378959 0.857077 0.364819
1 0.626379 0.247172 0.626379 0.319005 0.632353 0.319005 0.632353 0.247172
1 0.651195 0.195136 0.651195 0.214932 0.687500 0.214932 0.687500 0.195136
1 0.179228 0.145928 0.179228 0.192308 0.192096 0.192308 0.192096 0.145928
2 0.942555 0.821833 0.942555 0.835407 0.966452 0.835407 0.966452 0.821833
2 0.657629 0.736991 0.657629 0.749434 0.739890 0.749434 0.739890 0.736991
2 0.399816 0.736991 0.399816 0.749434 0.409467 0.749434 0.409467 0.736991
2 0.136949 0.736991 0.136949 0.749434 0.208640 0.749434 0.208640 0.736991
2 0.968750 0.694005 0.968750 0.820701 0.982077 0.820701 0.982077 0.694005
2 0.968750 0.548077 0.968750 0.597851 0.982077 0.597851 0.982077 0.548077
2 0.081342 0.438914 0.081342 0.522059 0.094669 0.522059 0.094669 0.438914
2 0.788603 0.242647 0.788603 0.272624 0.803768 0.272624 0.803768 0.242647
2 0.179228 0.201357 0.179228 0.231900 0.192096 0.231900 0.192096 0.201357
2 0.698989 0.195136 0.698989 0.214932 0.767463 0.214932 0.767463 0.195136
2 0.626379 0.119910 0.626379 0.148756 0.640625 0.148756 0.640625 0.119910
2 0.529871 0.091063 0.529871 0.109729 0.601103 0.109729 0.601103 0.091063
2 0.460938 0.091063 0.460938 0.109729 0.528033 0.109729 0.528033 0.091063
2 0.351103 0.091063 0.351103 0.109729 0.406250 0.109729 0.406250 0.091063
2 0.218750 0.091063 0.218750 0.109729 0.273438 0.109729 0.273438 0.091063
