0 0.714960 0.777416 0.714960 0.790988 0.715686 0.790988 0.715686 0.777416
0 0.150690 0.773616 0.150690 0.789902 0.188453 0.789902 0.188453 0.773616
0 0.222222 0.773616 0.222222 0.789902 0.275599 0.789902 0.275599 0.773616 0.234931 0.773616 0.234568 0.749186 0.230937 0.749186 0.230937 0.773073
0 0.297749 0.773616 0.297749 0.789902 0.421206 0.789902 0.421206 0.728013 0.411402 0.728013 0.411038 0.773616 0.335875 0.773616 0.335512 0.721498 0.331881 0.721498 0.331518 0.773616
0 0.083152 0.641694 0.083152 0.789902 0.119099 0.789902 0.119099 0.773616 0.093682 0.773073 0.093682 0.668838 0.119826 0.668295 0.119826 0.662866 0.094045 0.662866 0.093682 0.641694
0 0.484749 0.569490 0.484749 0.885451 0.486928 0.885451 0.486928 0.569490
0 0.411402 0.567318 0.411402 0.578176 0.421206 0.578176 0.421206 0.567318
0 0.411402 0.504343 0.411402 0.505429 0.421206 0.505429 0.421206 0.504343
0 0.009441 0.492942 0.009441 0.521716 0.026870 0.521716 0.026870 0.505972 0.019245 0.505429 0.019245 0.492942
0 0.148874 0.662866 0.148874 0.668295 0.230574 0.668295 0.230937 0.703040 0.234568 0.703040 0.234568 0.668838 0.257807 0.636808 0.331518 0.636808 0.331881 0.688382 0.335512 0.688382 0.335875 0.636808 0.411038 0.636808 0.411402 0.692725 0.421206 0.692725 0.421206 0.628664 0.411402 0.628664 0.411038 0.631379 0.260712 0.631379 0.260349 0.422910 0.232752 0.422910 0.232752 0.428339 0.256718 0.428882 0.256718 0.631379 0.233842 0.662866
0 0.009441 0.408795 0.009441 0.445711 0.019245 0.445711 0.019245 0.408795
0 0.353304 0.407709 0.353304 0.412595 0.370007 0.413138 0.370007 0.478284 0.374365 0.478284 0.374365 0.407709
0 0.059913 0.521716 0.082789 0.521716 0.083152 0.527144 0.093682 0.527144 0.094045 0.428339 0.200073 0.428339 0.200073 0.422910 0.152869 0.422910 0.152505 0.394137 0.148511 0.394137 0.148148 0.422910 0.094045 0.422910 0.093682 0.393051 0.090414 0.393051 0.090414 0.505429 0.059913 0.505972
0 0.009441 0.359392 0.019245 0.359392 0.019608 0.348534 0.090051 0.348534 0.090414 0.349620 0.093682 0.349620 0.094045 0.348534 0.148148 0.348534 0.148511 0.350706 0.152505 0.350706 0.152869 0.348534 0.178286 0.348534 0.185548 0.337134 0.183370 0.334419 0.176834 0.343648 0.094045 0.343648 0.093682 0.294788 0.083878 0.294788 0.083515 0.333876 0.009441 0.333876
0 0.682280 0.173724 0.682280 0.188925 0.719317 0.189468 0.719317 0.264387 0.696805 0.264929 0.696805 0.346363 0.690632 0.346906 0.690632 0.352334 0.726943 0.352334 0.726943 0.346906 0.700073 0.346363 0.700073 0.270358 0.722585 0.269815 0.722585 0.189468 0.738925 0.188925 0.738925 0.173724
0 0.579158 0.173724 0.579158 0.790988 0.643428 0.791531 0.643428 0.888165 0.774510 0.888165 0.774510 0.791531 0.837328 0.790988 0.837328 0.173724 0.783224 0.173724 0.783224 0.188925 0.831518 0.189468 0.831518 0.346363 0.755991 0.346906 0.755991 0.352334 0.831518 0.352877 0.831155 0.412595 0.778867 0.412595 0.778867 0.417481 0.831518 0.418024 0.831518 0.529859 0.803195 0.530402 0.795933 0.541260 0.798475 0.545060 0.804648 0.535831 0.831518 0.536374 0.831518 0.609663 0.773057 0.610206 0.772694 0.583605 0.777778 0.576004 0.775236 0.572204 0.769063 0.581433 0.768700 0.610206 0.690995 0.610206 0.690995 0.615092 0.768700 0.615092 0.769063 0.653094 0.772694 0.653094 0.773057 0.615092 0.831518 0.615635 0.831155 0.777416 0.773057 0.777416 0.772694 0.697068 0.769063 0.697068 0.769063 0.776873 0.760349 0.777416 0.760349 0.790988 0.770879 0.791531 0.770516 0.882736 0.647422 0.882736 0.647059 0.791531 0.681917 0.790988 0.681917 0.777416 0.585330 0.776873 0.585330 0.615635 0.660857 0.615092 0.660857 0.610206 0.585330 0.609663 0.585330 0.352877 0.661946 0.352334 0.661946 0.346906 0.585330 0.346363 0.585330 0.189468 0.638344 0.188925 0.638344 0.173724
0 0.405229 0.167752 0.405229 0.182410 0.411402 0.182953 0.411402 0.231270 0.421206 0.231270 0.421206 0.167752
0 0.287945 0.167752 0.287945 0.182410 0.382716 0.182410 0.382716 0.167752
0 0.246550 0.167752 0.246550 0.182410 0.258170 0.182953 0.258170 0.289902 0.247640 0.290445 0.247640 0.295331 0.294844 0.295331 0.331155 0.349077 0.411038 0.349077 0.411402 0.439197 0.421206 0.439197 0.421206 0.296417 0.411402 0.296417 0.411038 0.344191 0.332607 0.344191 0.325708 0.333876 0.323166 0.337134 0.302469 0.306732 0.304648 0.302932 0.296296 0.290445 0.261801 0.289902 0.261801 0.182953 0.265795 0.182410 0.265795 0.167752
0 0.128177 0.167752 0.128177 0.182410 0.210240 0.182410 0.210603 0.294788 0.204793 0.302932 0.206972 0.306732 0.205519 0.308903 0.214597 0.295331 0.218228 0.295331 0.218228 0.290445 0.214960 0.289902 0.214960 0.182953 0.223675 0.182410 0.223675 0.167752
0 0.106028 0.167752 0.083878 0.167752 0.083878 0.230185 0.093682 0.230185 0.093682 0.182953 0.106028 0.182410
1 0.682280 0.777416 0.682280 0.790988 0.714597 0.790988 0.714597 0.777416
1 0.188816 0.773616 0.188816 0.789902 0.221859 0.789902 0.221859 0.773616
1 0.230937 0.703583 0.230937 0.748643 0.234568 0.748643 0.234568 0.703583
1 0.331881 0.688925 0.331881 0.720955 0.335512 0.720955 0.335512 0.688925
1 0.120189 0.662866 0.120189 0.668295 0.148511 0.668295 0.148511 0.662866
1 0.769063 0.653637 0.769063 0.696526 0.772694 0.696526 0.772694 0.653637
1 0.661220 0.610206 0.661220 0.615092 0.690632 0.615092 0.690632 0.610206
1 0.411402 0.578719 0.411402 0.628122 0.421206 0.628122 0.421206 0.578719
1 0.795570 0.541802 0.775599 0.571661 0.778141 0.575461 0.798112 0.545603
1 0.027233 0.505972 0.027233 0.521716 0.059550 0.521716 0.059550 0.505972
1 0.148511 0.351249 0.148511 0.393594 0.152505 0.393594 0.152505 0.351249
1 0.090414 0.350163 0.090414 0.392508 0.093682 0.392508 0.093682 0.350163
1 0.727306 0.346906 0.727306 0.352334 0.755628 0.352334 0.755628 0.346906
1 0.662309 0.346906 0.662309 0.352334 0.690269 0.352334 0.690269 0.346906
1 0.305011 0.303474 0.302832 0.306732 0.323166 0.336591 0.325345 0.333333
1 0.204430 0.303474 0.183733 0.333876 0.185911 0.337134 0.206609 0.306732
1 0.218591 0.290445 0.218591 0.295331 0.247277 0.295331 0.247277 0.290445
2 0.716049 0.777416 0.716049 0.790988 0.759985 0.790988 0.759985 0.777416
2 0.275962 0.773616 0.275962 0.789902 0.297386 0.789902 0.297386 0.773616
2 0.119463 0.773616 0.119463 0.789902 0.150327 0.789902 0.150327 0.773616
2 0.234931 0.696526 0.234931 0.700869 0.258896 0.700869 0.258896 0.696526
2 0.411402 0.693268 0.411402 0.727470 0.421206 0.727470 0.421206 0.693268
2 0.083152 0.527687 0.083152 0.641151 0.093682 0.641151 0.093682 0.527687
2 0.411402 0.505972 0.411402 0.566775 0.421206 0.566775 0.421206 0.505972
2 0.009441 0.446254 0.009441 0.492400 0.019245 0.492400 0.019245 0.446254
2 0.411402 0.439739 0.411402 0.503800 0.421206 0.503800 0.421206 0.439739
2 0.009441 0.359935 0.009441 0.408252 0.019245 0.408252 0.019245 0.359935
2 0.411402 0.231813 0.411402 0.295874 0.421206 0.295874 0.421206 0.231813
2 0.083878 0.230727 0.083878 0.294245 0.093682 0.294245 0.093682 0.230727
2 0.739288 0.173724 0.739288 0.188925 0.782861 0.188925 0.782861 0.173724
2 0.638707 0.173724 0.638707 0.188925 0.681917 0.188925 0.681917 0.173724
2 0.383079 0.167752 0.383079 0.182410 0.404866 0.182410 0.404866 0.167752
2 0.266158 0.167752 0.266158 0.182410 0.287582 0.182410 0.287582 0.167752
2 0.224038 0.167752 0.224038 0.182410 0.246187 0.182410 0.246187 0.167752
2 0.106391 0.167752 0.106391 0.182410 0.127814 0.182410 0.127814 0.167752
