0 0.657317 0.634727 0.643902 0.634727 0.642683 0.638585 0.596341 0.638585 0.596341 0.646302 0.643902 0.646945 0.643902 0.732476 0.596341 0.733119 0.596341 0.757556 0.658537 0.757556
0 0.460976 0.488103 0.459756 0.490032 0.450000 0.492605 0.452439 0.494534 0.452439 0.732476 0.370732 0.733119 0.370732 0.757556 0.473171 0.757556 0.473171 0.733119 0.465854 0.732476 0.465854 0.646945 0.473171 0.646302 0.473171 0.638585 0.465854 0.637942 0.465854 0.492605
0 0.391463 0.200643 0.391463 0.288103 0.404878 0.288103 0.404878 0.200643
0 0.980488 0.013505 0.858537 0.013505 0.858537 0.036013 0.948780 0.036656 0.948780 0.345981 0.643902 0.346624 0.643902 0.384566 0.657317 0.384566 0.658537 0.353698 0.948780 0.354341 0.947561 0.441158 0.658537 0.441158 0.657317 0.437299 0.643902 0.437299 0.643902 0.448232 0.719512 0.448875 0.719512 0.571704 0.643902 0.572347 0.643902 0.581994 0.657317 0.581994 0.658537 0.579421 0.739024 0.579421 0.739024 0.572347 0.734146 0.571704 0.735366 0.448232 0.948780 0.448875 0.948780 0.571704 0.832927 0.572347 0.832927 0.579421 0.948780 0.580064 0.948780 0.732476 0.734146 0.733119 0.735366 0.798071 0.756098 0.798071 0.757317 0.749196 0.958537 0.749839 0.958537 0.967203 0.757317 0.967846 0.756098 0.860450 0.735366 0.860450 0.735366 0.979421 0.980488 0.979421
0 0.536585 0.013505 0.536585 0.036013 0.571951 0.036013 0.571951 0.013505
0 0.343902 0.013505 0.343902 0.036013 0.431707 0.036013 0.431707 0.013505
0 0.021951 0.013505 0.021951 0.757556 0.151220 0.757556 0.151220 0.733119 0.067073 0.732476 0.067073 0.398071 0.390244 0.397428 0.391463 0.439228 0.396341 0.443730 0.397561 0.441801 0.407317 0.439228 0.404878 0.437299 0.404878 0.346624 0.391463 0.346624 0.390244 0.390354 0.067073 0.389711 0.067073 0.036656 0.125610 0.036013 0.125610 0.013505
1 0.735366 0.798714 0.735366 0.859807 0.756098 0.859807 0.756098 0.798714
1 0.474390 0.733119 0.474390 0.757556 0.595122 0.757556 0.595122 0.733119
1 0.474390 0.638585 0.474390 0.646302 0.595122 0.646302 0.595122 0.638585
1 0.643902 0.582637 0.643902 0.634084 0.657317 0.634084 0.657317 0.582637
1 0.740244 0.572347 0.740244 0.579421 0.831707 0.579421 0.831707 0.572347
1 0.407317 0.439871 0.396341 0.443087 0.450000 0.491961 0.460976 0.488746
1 0.643902 0.385209 0.643902 0.436656 0.657317 0.436656 0.657317 0.385209
1 0.432927 0.013505 0.432927 0.036013 0.535366 0.036013 0.535366 0.013505
2 0.659756 0.733119 0.659756 0.757556 0.732927 0.757556 0.732927 0.733119
2 0.152439 0.733119 0.152439 0.757556 0.369512 0.757556 0.369512 0.733119
2 0.573171 0.013505 0.573171 0.036013 0.857317 0.036013 0.857317 0.013505
2 0.126829 0.013505 0.126829 0.036013 0.342683 0.036013 0.342683 0.013505
