0 0.193023 0.759729 0.193023 0.774958 0.198256 0.774958 0.198256 0.759729
0 0.336628 0.759729 0.323837 0.759729 0.323256 0.742809 0.320930 0.742809 0.320349 0.738579 0.313372 0.738579 0.311628 0.759729 0.280814 0.759729 0.280814 0.774958 0.311628 0.774958 0.312209 0.790186 0.323256 0.790186 0.323837 0.774958 0.336628 0.774958
0 0.063953 0.670897 0.063953 0.758037 0.054070 0.758883 0.054070 0.774958 0.063953 0.775804 0.063953 0.882403 0.052907 0.883249 0.052907 0.899323 0.063953 0.900169 0.063953 0.919628 0.075000 0.919628 0.075581 0.899323 0.253488 0.899323 0.254070 0.918782 0.264535 0.918782 0.264535 0.900169 0.275000 0.899323 0.275000 0.883249 0.265116 0.883249 0.264535 0.868020 0.254070 0.868020 0.253488 0.883249 0.075581 0.883249 0.075581 0.775804 0.109884 0.774958 0.109884 0.759729 0.075581 0.758883 0.075581 0.670897
0 0.440698 0.516920 0.440698 0.601523 0.397674 0.602369 0.397674 0.610829 0.440698 0.611675 0.440698 0.758883 0.384884 0.759729 0.384884 0.774958 0.440698 0.775804 0.440116 0.883249 0.428488 0.884095 0.428488 0.899323 0.439535 0.899323 0.440116 0.919628 0.451163 0.919628 0.451163 0.900169 0.463953 0.899323 0.463953 0.884095 0.451163 0.883249 0.451163 0.775804 0.463372 0.774958 0.463372 0.759729 0.451163 0.758883 0.451163 0.516920
0 0.451163 0.433164 0.440698 0.433164 0.440116 0.444162 0.413372 0.444162 0.413372 0.450931 0.440116 0.450931 0.440698 0.462775 0.451163 0.462775
0 0.266860 0.390017 0.266860 0.531303 0.270349 0.531303 0.270349 0.390017
0 0.763372 0.389171 0.763372 0.530457 0.767442 0.530457 0.768023 0.394247 0.804070 0.395093 0.804070 0.530457 0.808140 0.530457 0.808140 0.389171
0 0.063953 0.061760 0.063372 0.077834 0.051163 0.077834 0.051163 0.093909 0.063953 0.094755 0.063953 0.302030 0.052326 0.302876 0.052326 0.317259 0.063953 0.318105 0.063953 0.525381 0.075581 0.525381 0.075581 0.318105 0.087209 0.317259 0.087209 0.302876 0.075581 0.302030 0.075581 0.093909 0.130814 0.093063 0.131395 0.077834 0.074419 0.077834 0.073837 0.061760
0 0.451163 0.059222 0.440116 0.059222 0.439535 0.078680 0.384884 0.078680 0.384302 0.093909 0.319767 0.093909 0.319186 0.078680 0.261628 0.078680 0.261047 0.061760 0.250000 0.061760 0.249419 0.077834 0.193605 0.077834 0.193605 0.093063 0.250000 0.093909 0.250000 0.109137 0.252907 0.109983 0.252907 0.319797 0.267442 0.319797 0.267442 0.308799 0.258721 0.307953 0.258721 0.109983 0.261047 0.109137 0.261628 0.093909 0.440698 0.094755 0.440698 0.302876 0.428488 0.303723 0.427907 0.308799 0.307558 0.308799 0.307558 0.319797 0.313372 0.320643 0.313372 0.389171 0.309884 0.390017 0.309884 0.531303 0.313372 0.532149 0.313372 0.670897 0.320349 0.670897 0.320930 0.610829 0.364535 0.610829 0.364535 0.602369 0.320349 0.601523 0.320349 0.451777 0.380233 0.450931 0.380233 0.444162 0.320349 0.443316 0.320349 0.325719 0.440116 0.324873 0.440698 0.379865 0.451163 0.379865 0.451163 0.318105 0.463372 0.317259 0.463372 0.303723 0.451163 0.302876 0.451163 0.093909 0.462791 0.093063 0.462791 0.078680 0.451163 0.077834
0 0.555814 0.057530 0.555233 0.074450 0.542442 0.074450 0.542442 0.091371 0.555814 0.092217 0.555814 0.757191 0.543605 0.758037 0.543605 0.774958 0.555814 0.775804 0.555814 0.884941 0.543023 0.885787 0.543023 0.902707 0.555233 0.902707 0.555814 0.919628 0.567442 0.919628 0.568023 0.902707 0.931395 0.899323 0.931977 0.917090 0.943605 0.917090 0.943605 0.900169 0.955814 0.899323 0.955814 0.882403 0.943605 0.881557 0.943605 0.775804 0.955233 0.774958 0.955233 0.758037 0.943605 0.757191 0.943605 0.092217 0.954651 0.091371 0.954651 0.074450 0.943605 0.073604 0.943605 0.057530 0.931977 0.057530 0.931395 0.074450 0.781977 0.074450 0.781977 0.091371 0.857558 0.092217 0.857558 0.757191 0.770930 0.758037 0.770930 0.774958 0.855814 0.774958 0.856395 0.882403 0.643023 0.884941 0.642442 0.775804 0.729070 0.774958 0.729070 0.758037 0.567442 0.757191 0.567442 0.478849 0.641860 0.477157 0.641860 0.092217 0.716860 0.091371 0.716860 0.074450 0.568023 0.074450 0.567442 0.057530
1 0.337209 0.759729 0.337209 0.774958 0.384302 0.774958 0.384302 0.759729
1 0.729651 0.758037 0.729651 0.774958 0.770349 0.774958 0.770349 0.758037
1 0.313372 0.671743 0.313372 0.737733 0.320349 0.737733 0.320349 0.671743
1 0.365116 0.602369 0.365116 0.610829 0.397093 0.610829 0.397093 0.602369
1 0.380814 0.444162 0.380814 0.450931 0.412791 0.450931 0.412791 0.444162
1 0.268023 0.308799 0.268023 0.319797 0.306977 0.319797 0.306977 0.308799
2 0.198837 0.759729 0.198837 0.774958 0.280233 0.774958 0.280233 0.759729
2 0.110465 0.759729 0.110465 0.774958 0.192442 0.774958 0.192442 0.759729
2 0.063953 0.526227 0.063953 0.670051 0.075581 0.670051 0.075581 0.526227
2 0.440698 0.463621 0.440698 0.516074 0.451163 0.516074 0.451163 0.463621
2 0.440698 0.380711 0.440698 0.432318 0.451163 0.432318 0.451163 0.380711
2 0.319767 0.077834 0.319767 0.093063 0.384302 0.093063 0.384302 0.077834
2 0.131977 0.077834 0.131395 0.093063 0.193023 0.093063 0.193023 0.077834
2 0.717442 0.074450 0.717442 0.091371 0.781395 0.091371 0.781395 0.074450
