0 0.755303 0.745955 0.747727 0.745955 0.747727 0.938511 0.725758 0.939320 0.725758 0.961974 0.757576 0.962783 0.757576 0.940129 0.755303 0.938511 0.755303 0.834951 0.759091 0.834142 0.759091 0.824434 0.755303 0.823625
0 0.324242 0.533172 0.324242 0.546926 0.418939 0.546926 0.418939 0.533172
0 0.717424 0.393204 0.717424 0.494337 0.726515 0.494337 0.726515 0.393204
0 0.206818 0.151294 0.206818 0.175566 0.218939 0.176375 0.218939 0.453074 0.215909 0.453883 0.215909 0.466019 0.253788 0.466019 0.253788 0.453883 0.230303 0.453074 0.230303 0.176375 0.300000 0.175566 0.300000 0.151294
0 0.778030 0.148867 0.778030 0.173139 0.787121 0.173139 0.787121 0.148867
0 0.711364 0.148867 0.711364 0.173139 0.714394 0.173139 0.714394 0.148867
0 0.041667 0.018608 0.040909 0.962783 0.506061 0.962783 0.506061 0.151294 0.498485 0.150485 0.498485 0.025890 0.492424 0.025890 0.492424 0.150485 0.437879 0.151294 0.437879 0.175566 0.482576 0.176375 0.482576 0.453074 0.315909 0.453883 0.315909 0.466019 0.481818 0.466019 0.482576 0.615696 0.308333 0.615696 0.308333 0.625405 0.440152 0.625405 0.440909 0.658576 0.482576 0.659385 0.482576 0.937702 0.231818 0.938511 0.231061 0.747573 0.222727 0.747573 0.221970 0.773463 0.204545 0.773463 0.204545 0.792071 0.212879 0.792880 0.212879 0.928803 0.072727 0.928803 0.073485 0.792880 0.160606 0.792071 0.160606 0.773463 0.065909 0.772654 0.065909 0.626214 0.221970 0.625405 0.222727 0.699838 0.231061 0.699838 0.231061 0.626214 0.247727 0.625405 0.247727 0.615696 0.151515 0.615696 0.150758 0.570388 0.142424 0.570388 0.141667 0.615696 0.065909 0.614887 0.066667 0.466828 0.141667 0.466019 0.142424 0.521845 0.150758 0.521845 0.150758 0.466828 0.154545 0.466019 0.154545 0.453883 0.066667 0.453074 0.066667 0.176375 0.146212 0.175566 0.146212 0.151294 0.143182 0.150485 0.143182 0.083333 0.137121 0.083333 0.136364 0.151294 0.066667 0.150485 0.066667 0.025890 0.136364 0.025081 0.137121 0.027508 0.143182 0.027508 0.143182 0.018608
0 0.538636 0.004045 0.538636 0.148058 0.525000 0.148867 0.525000 0.961974 0.587121 0.961974 0.587879 0.939320 0.547727 0.938511 0.547727 0.627023 0.721212 0.626214 0.747727 0.679612 0.755303 0.679612 0.755303 0.675566 0.726515 0.618932 0.726515 0.563107 0.717424 0.563107 0.716667 0.618932 0.547727 0.618123 0.547727 0.404531 0.591667 0.403722 0.591667 0.393204 0.547727 0.392395 0.547727 0.173948 0.594697 0.173139 0.594697 0.148867 0.550000 0.148058 0.550000 0.016990 0.973485 0.016181 0.974242 0.148058 0.921970 0.148867 0.921970 0.173139 0.966667 0.173948 0.966667 0.457929 0.842424 0.458738 0.842424 0.464401 0.966667 0.465210 0.965909 0.614078 0.849242 0.614078 0.848485 0.548544 0.901515 0.547735 0.901515 0.528317 0.843182 0.528317 0.843182 0.618123 0.966667 0.618932 0.965909 0.623786 0.925758 0.623786 0.925758 0.654531 0.966667 0.655340 0.966667 0.823625 0.924242 0.824434 0.924242 0.834142 0.966667 0.834951 0.966667 0.939320 0.876515 0.940129 0.875758 0.834951 0.877273 0.834142 0.877273 0.824434 0.828030 0.824434 0.828030 0.834142 0.865909 0.834951 0.865909 0.939320 0.828788 0.940129 0.828030 0.962783 0.985606 0.962783 0.985606 0.004045
1 0.758333 0.939320 0.758333 0.962783 0.827273 0.962783 0.828030 0.940129
1 0.878030 0.824434 0.878030 0.834142 0.923485 0.834142 0.923485 0.824434
1 0.759848 0.824434 0.759848 0.834142 0.827273 0.834142 0.827273 0.824434
1 0.161364 0.773463 0.161364 0.792071 0.203788 0.792071 0.203788 0.773463
1 0.222727 0.700647 0.222727 0.746764 0.231061 0.746764 0.231061 0.700647
1 0.747727 0.680421 0.747727 0.745146 0.755303 0.745146 0.755303 0.680421
1 0.248485 0.615696 0.248485 0.625405 0.307576 0.625405 0.307576 0.615696
1 0.142424 0.522654 0.142424 0.569579 0.150758 0.569579 0.150758 0.522654
1 0.254545 0.453883 0.254545 0.466019 0.315152 0.466019 0.315152 0.453883
1 0.155303 0.453883 0.155303 0.466019 0.215152 0.466019 0.215152 0.453883
1 0.146970 0.151294 0.146970 0.175566 0.206061 0.175566 0.206061 0.151294
1 0.715152 0.148867 0.715152 0.173139 0.777273 0.173139 0.777273 0.148867
1 0.137121 0.028317 0.137121 0.082524 0.143182 0.082524 0.143182 0.028317
2 0.588636 0.939320 0.587879 0.961974 0.725000 0.962783 0.725000 0.939320
2 0.300758 0.151294 0.300758 0.175566 0.437121 0.175566 0.437121 0.151294
2 0.787879 0.148867 0.787879 0.173139 0.921212 0.173139 0.921212 0.148867
2 0.595455 0.148867 0.595455 0.173139 0.710606 0.173139 0.710606 0.148867
