0 0.204517 0.956290 0.204517 0.972281 0.207026 0.972281 0.207026 0.956290
0 0.381430 0.892324 0.381430 0.955224 0.375157 0.956290 0.375157 0.972281 0.398996 0.972281 0.398996 0.956290 0.395232 0.955224 0.395232 0.905117 0.400251 0.904051 0.400251 0.892324
0 0.578419 0.245203 0.578419 0.267591 0.583438 0.267591 0.583438 0.245203
0 0.516939 0.245203 0.516939 0.267591 0.521957 0.268657 0.521957 0.678038 0.550816 0.678038 0.550816 0.668443 0.540778 0.667377 0.540778 0.245203
0 0.409034 0.245203 0.409034 0.267591 0.411543 0.267591 0.411543 0.245203
0 0.232120 0.245203 0.232120 0.267591 0.240903 0.267591 0.240903 0.245203
0 0.058971 0.083156 0.058971 0.972281 0.153074 0.972281 0.153074 0.956290 0.077792 0.955224 0.077792 0.678038 0.301129 0.678038 0.301129 0.668443 0.077792 0.666311 0.077792 0.268657 0.191970 0.267591 0.191970 0.243070 0.178168 0.243070 0.176913 0.245203 0.077792 0.244136 0.079046 0.099147 0.176913 0.099147 0.178168 0.168443 0.191970 0.168443 0.193225 0.099147 0.730238 0.099147 0.731493 0.267591 0.915935 0.268657 0.915935 0.667377 0.836888 0.668443 0.836888 0.678038 0.915935 0.679104 0.915935 0.755864 0.836888 0.756930 0.835634 0.787846 0.673777 0.787846 0.672522 0.679104 0.741531 0.678038 0.741531 0.668443 0.657465 0.668443 0.657465 0.798507 0.915935 0.799574 0.915935 0.955224 0.673777 0.956290 0.672522 0.872068 0.657465 0.872068 0.656211 0.956290 0.537014 0.956290 0.535759 0.892324 0.516939 0.892324 0.516939 0.904051 0.521957 0.905117 0.521957 0.955224 0.518193 0.956290 0.518193 0.972281 0.934755 0.972281 0.934755 0.248401 0.750314 0.247335 0.750314 0.083156
1 0.400251 0.956290 0.400251 0.972281 0.516939 0.972281 0.516939 0.956290
1 0.401506 0.892324 0.401506 0.904051 0.515684 0.904051 0.515684 0.892324
1 0.412798 0.245203 0.412798 0.267591 0.515684 0.267591 0.515684 0.245203
1 0.178168 0.169510 0.178168 0.242004 0.191970 0.242004 0.191970 0.169510
2 0.208281 0.956290 0.208281 0.972281 0.373902 0.972281 0.373902 0.956290
2 0.154329 0.956290 0.154329 0.972281 0.203262 0.972281 0.203262 0.956290
2 0.584693 0.245203 0.584693 0.267591 0.730238 0.267591 0.730238 0.245203
2 0.542033 0.245203 0.542033 0.267591 0.577164 0.267591 0.577164 0.245203
2 0.242158 0.245203 0.242158 0.267591 0.407779 0.267591 0.407779 0.245203
2 0.193225 0.245203 0.193225 0.267591 0.230866 0.267591 0.230866 0.245203
