0 0.427252 0.977738 0.427252 0.983153 0.714396 0.983153 0.714396 0.977738
0 0.511932 0.685921 0.501155 0.685921 0.501155 0.858604 0.416474 0.859206 0.416474 0.879663 0.523480 0.879663 0.523480 0.859206 0.511932 0.858604 0.511932 0.784597 0.524249 0.783995 0.524249 0.776173 0.511932 0.775572
0 0.606620 0.622142 0.606620 0.629362 0.658968 0.629964 0.658968 0.775572 0.595843 0.776173 0.595843 0.783995 0.658968 0.784597 0.658968 0.858604 0.595843 0.859206 0.595843 0.879663 0.719015 0.879663 0.719015 0.859206 0.668206 0.858604 0.668206 0.629964 0.673595 0.629362 0.673595 0.622142
0 0.405697 0.406739 0.405697 0.522262 0.474211 0.522262 0.474211 0.513839 0.416474 0.513237 0.416474 0.406739
0 0.833718 0.229242 0.833718 0.251504 0.912240 0.252106 0.912240 0.341757 0.821401 0.342359 0.821401 0.354392 0.912240 0.354994 0.910701 0.355596 0.910701 0.419976 0.918399 0.420578 0.918399 0.621540 0.765204 0.622142 0.764434 0.578821 0.753657 0.578821 0.753657 0.621540 0.737490 0.622142 0.737490 0.629362 0.918399 0.629964 0.918399 0.858604 0.846805 0.859206 0.846805 0.879663 0.939184 0.879663 0.939954 0.229242
0 0.511162 0.229242 0.511162 0.247894 0.530408 0.247894 0.530408 0.229242
0 0.191686 0.229242 0.191686 0.879663 0.287144 0.879663 0.287144 0.859206 0.214781 0.858604 0.214781 0.632371 0.500385 0.631769 0.501155 0.637184 0.511932 0.637184 0.511932 0.623345 0.214781 0.622744 0.214781 0.248496 0.260200 0.247894 0.260200 0.229242
0 0.394919 0.029483 0.394919 0.228640 0.391070 0.229242 0.391070 0.247894 0.445727 0.247894 0.445727 0.229242 0.401848 0.228640 0.402617 0.034898 0.768283 0.035499 0.768283 0.228640 0.690531 0.229242 0.690531 0.247894 0.752887 0.248496 0.753657 0.513237 0.634334 0.513839 0.634334 0.522262 0.752887 0.522262 0.753657 0.525872 0.764434 0.525872 0.764434 0.354994 0.772902 0.354392 0.772902 0.342359 0.766744 0.341757 0.766744 0.252106 0.774442 0.251504 0.775212 0.029483
1 0.524249 0.859206 0.524249 0.879663 0.595073 0.879663 0.595073 0.859206
1 0.525019 0.776173 0.525019 0.783995 0.595073 0.783995 0.595073 0.776173
1 0.501155 0.637786 0.501155 0.685319 0.511932 0.685319 0.511932 0.637786
1 0.674365 0.622142 0.674365 0.629362 0.736721 0.629362 0.736721 0.622142
1 0.753657 0.526474 0.753657 0.578219 0.764434 0.578219 0.764434 0.526474
1 0.773672 0.342359 0.773672 0.354392 0.820631 0.354392 0.820631 0.342359
1 0.446497 0.229242 0.446497 0.247894 0.510393 0.247894 0.510393 0.229242
2 0.719784 0.859206 0.719784 0.879663 0.846035 0.879663 0.846035 0.859206
2 0.287914 0.859206 0.287914 0.879663 0.415704 0.879663 0.415704 0.859206
2 0.775212 0.229844 0.775212 0.251504 0.832948 0.251504 0.832948 0.229242
2 0.531178 0.229242 0.531178 0.247894 0.689761 0.247894 0.689761 0.229242
2 0.260970 0.229242 0.260970 0.247894 0.390300 0.247894 0.390300 0.229242
