0 0.202931 0.807836 0.202931 0.821828 0.214205 0.822761 0.214205 0.965485 0.859076 0.965485 0.859076 0.901119 0.842165 0.901119 0.841037 0.952425 0.414882 0.952425 0.413754 0.801306 0.396843 0.801306 0.395716 0.807836 0.341601 0.807836 0.341601 0.821828 0.396843 0.822761 0.396843 0.951493 0.260428 0.952425 0.259301 0.905784 0.229989 0.904851 0.229989 0.822761 0.272830 0.821828 0.272830 0.807836
0 0.767756 0.384328 0.750846 0.384328 0.749718 0.424440 0.396843 0.424440 0.396843 0.509328 0.413754 0.509328 0.414882 0.438433 0.749718 0.438433 0.750846 0.472015 0.767756 0.472015
0 0.750846 0.296642 0.750846 0.299440 0.767756 0.299440 0.767756 0.296642
0 0.171364 0.018657 0.171364 0.424440 0.029312 0.425373 0.029312 0.821828 0.100338 0.821828 0.100338 0.807836 0.046223 0.806903 0.046223 0.671642 0.100338 0.670709 0.100338 0.656716 0.046223 0.655784 0.047351 0.439366 0.186020 0.440299 0.186020 0.655784 0.178129 0.656716 0.178129 0.670709 0.269448 0.670709 0.269448 0.656716 0.202931 0.655784 0.202931 0.509328 0.269448 0.508396 0.269448 0.425373 0.188275 0.424440 0.189402 0.032649 0.749718 0.032649 0.750846 0.049440 0.767756 0.049440 0.768884 0.032649 0.942503 0.032649 0.943630 0.653918 0.768884 0.654851 0.767756 0.593284 0.750846 0.593284 0.749718 0.654851 0.414882 0.656716 0.413754 0.593284 0.396843 0.593284 0.396843 0.723881 0.413754 0.723881 0.414882 0.670709 0.841037 0.668843 0.842165 0.711754 0.859076 0.711754 0.860203 0.667910 0.959414 0.667910 0.959414 0.018657
1 0.273957 0.807836 0.273957 0.821828 0.340474 0.821828 0.340474 0.807836
1 0.101466 0.807836 0.101466 0.821828 0.201804 0.821828 0.201804 0.807836
1 0.396843 0.724813 0.396843 0.800373 0.413754 0.800373 0.413754 0.724813
1 0.101466 0.656716 0.101466 0.670709 0.177001 0.670709 0.177001 0.656716
1 0.396843 0.510261 0.396843 0.592351 0.413754 0.592351 0.413754 0.510261
1 0.750846 0.300373 0.750846 0.383396 0.767756 0.383396 0.767756 0.300373
2 0.842165 0.712687 0.842165 0.900187 0.859076 0.900187 0.859076 0.712687
2 0.750846 0.472948 0.750846 0.592351 0.767756 0.592351 0.767756 0.472948
2 0.750846 0.050373 0.750846 0.295709 0.767756 0.295709 0.767756 0.050373
