0 0.652518 0.715742 0.652518 0.734994 0.673381 0.736127 0.673381 0.967157 0.968345 0.967157 0.968345 0.815402 0.946763 0.815402 0.946043 0.947905 0.686331 0.947905 0.685612 0.712344 0.677698 0.712344 0.676978 0.715742
0 0.968345 0.513024 0.946763 0.513024 0.946043 0.609287 0.822302 0.609287 0.821583 0.545866 0.686331 0.545866 0.685612 0.543601 0.677698 0.543601 0.677698 0.621744 0.685612 0.621744 0.686331 0.616082 0.710072 0.616082 0.710791 0.552661 0.816547 0.552661 0.817266 0.616082 0.946043 0.616082 0.946763 0.644394 0.968345 0.644394
0 0.194964 0.431484 0.194964 0.440544 0.216547 0.440544 0.216547 0.431484
0 0.194964 0.328426 0.194964 0.345413 0.216547 0.345413 0.216547 0.328426
0 0.377698 0.241223 0.377698 0.326161 0.486331 0.326161 0.486331 0.241223 0.477698 0.241223 0.476978 0.312571 0.387050 0.312571 0.386331 0.241223
0 0.968345 0.227633 0.836691 0.227633 0.835971 0.221971 0.827338 0.221971 0.826619 0.227633 0.654676 0.227633 0.654676 0.241223 0.677698 0.242356 0.677698 0.451869 0.685612 0.451869 0.686331 0.240091 0.946043 0.240091 0.946763 0.343148 0.968345 0.343148
0 0.055396 0.734994 0.594964 0.734994 0.594964 0.715742 0.217266 0.715742 0.216547 0.644394 0.194964 0.644394 0.194245 0.688562 0.064748 0.688562 0.064748 0.060023 0.194245 0.060023 0.194964 0.155153 0.216547 0.155153 0.217266 0.060023 0.526619 0.060023 0.527338 0.129105 0.549640 0.130238 0.549640 0.241223 0.596403 0.241223 0.596403 0.227633 0.558273 0.226501 0.558993 0.060023 0.826619 0.060023 0.827338 0.151755 0.835971 0.151755 0.836691 0.065685 0.940288 0.065685 0.941007 0.155153 0.968345 0.155153 0.968345 0.039638 0.194964 0.039638 0.194245 0.044168 0.055396 0.044168
1 0.595683 0.715742 0.595683 0.734994 0.651799 0.734994 0.651799 0.715742
1 0.677698 0.622877 0.677698 0.711212 0.685612 0.711212 0.685612 0.622877
1 0.677698 0.453001 0.677698 0.542469 0.685612 0.542469 0.685612 0.453001
1 0.194964 0.346546 0.194964 0.430351 0.216547 0.430351 0.216547 0.346546
1 0.597122 0.227633 0.597122 0.241223 0.653957 0.241223 0.653957 0.227633
1 0.827338 0.152888 0.827338 0.220838 0.835971 0.220838 0.835971 0.152888
2 0.946763 0.645527 0.946763 0.814270 0.968345 0.814270 0.968345 0.645527
2 0.194964 0.441676 0.194964 0.643262 0.216547 0.643262 0.216547 0.441676
2 0.946763 0.344281 0.946763 0.511891 0.968345 0.511891 0.968345 0.344281
2 0.941007 0.156285 0.941007 0.226501 0.968345 0.226501 0.968345 0.156285
2 0.194964 0.156285 0.194964 0.327293 0.216547 0.327293 0.216547 0.156285
