0 0.255079 0.798414 0.255079 0.803040 0.260346 0.803040 0.260346 0.798414
0 0.122649 0.797753 0.122649 0.803040 0.128668 0.803040 0.128668 0.797753
0 0.366441 0.758096 0.366441 0.797753 0.364936 0.798414 0.364936 0.803040 0.389014 0.803040 0.388262 0.758096
0 0.244545 0.758096 0.244545 0.762723 0.260346 0.762723 0.260346 0.758096
0 0.122649 0.758096 0.122649 0.762723 0.132430 0.762723 0.132430 0.758096
0 0.087284 0.130205 0.045147 0.130205 0.045147 0.216127 0.063958 0.224719 0.088036 0.243225 0.103837 0.262393 0.115877 0.286847 0.121144 0.307336 0.121144 0.457369 0.000000 0.458030 0.000000 0.803040 0.018059 0.803040 0.018811 0.758096 0.009029 0.757436 0.009029 0.567746 0.021821 0.567085 0.022573 0.552545 0.125658 0.552545 0.125658 0.549240 0.060948 0.549240 0.060196 0.534038 0.056433 0.534038 0.055681 0.549240 0.009782 0.549240 0.009029 0.532056 0.000752 0.531395 0.000752 0.473893 0.055681 0.473232 0.056433 0.507601 0.060196 0.507601 0.060948 0.473232 0.118134 0.473232 0.118886 0.483146 0.156509 0.483146 0.157261 0.464640 0.188111 0.465301 0.188111 0.532056 0.170053 0.532716 0.170053 0.551884 0.185854 0.552545 0.185854 0.757436 0.175320 0.758096 0.175320 0.762723 0.185854 0.763384 0.185854 0.787839 0.197141 0.787839 0.197141 0.763384 0.200903 0.762723 0.200903 0.758096 0.197141 0.757436 0.197141 0.465301 0.262603 0.464640 0.262603 0.456709 0.136193 0.456048 0.136193 0.403173 0.196388 0.402512 0.196388 0.374752 0.190369 0.374752 0.189616 0.397224 0.136193 0.396563 0.136193 0.354924 0.142212 0.354263 0.143717 0.288169 0.190369 0.288169 0.190369 0.344349 0.196388 0.344349 0.196388 0.261732 0.190369 0.261732 0.189616 0.282882 0.144470 0.282882 0.143717 0.241243 0.112114 0.241243 0.100828 0.228024 0.075997 0.209518 0.063958 0.204230 0.063958 0.158625 0.087284 0.157964
0 0.481565 0.068077 0.481565 0.097158 0.498119 0.097819 0.498119 0.296100 0.478555 0.296761 0.477803 0.348315 0.423627 0.348315 0.423627 0.356246 0.498119 0.356907 0.498119 0.456048 0.357412 0.456709 0.356659 0.360872 0.377728 0.360212 0.377728 0.348315 0.347630 0.348315 0.347630 0.464640 0.498119 0.465301 0.498119 0.502313 0.477803 0.502974 0.477803 0.552545 0.498119 0.553206 0.498119 0.756775 0.492852 0.757436 0.492852 0.803040 0.510158 0.803040 0.510158 0.068077
0 0.291196 0.068077 0.291196 0.097158 0.344620 0.097819 0.344620 0.231328 0.353649 0.231328 0.353649 0.097819 0.360421 0.097158 0.360421 0.068077
0 0.164786 0.068077 0.164786 0.129544 0.154251 0.130205 0.154251 0.157964 0.189616 0.157964 0.190369 0.182419 0.196388 0.182419 0.196388 0.097819 0.207675 0.097158 0.207675 0.068077
1 0.201655 0.758096 0.201655 0.762723 0.243792 0.762723 0.243792 0.758096
1 0.133183 0.758096 0.133183 0.762723 0.174567 0.762723 0.174567 0.758096
1 0.056433 0.508262 0.056433 0.533377 0.060196 0.533377 0.060196 0.508262
1 0.190369 0.345010 0.190369 0.374091 0.196388 0.374091 0.196388 0.345010
2 0.389767 0.798414 0.389767 0.803040 0.492099 0.803040 0.492099 0.798414
2 0.255079 0.763384 0.255079 0.797753 0.260346 0.797753 0.261099 0.803040 0.364184 0.803040 0.364184 0.798414 0.261099 0.798414 0.260346 0.763384
2 0.128668 0.763384 0.122649 0.763384 0.121896 0.797753 0.019564 0.797753 0.018811 0.803040 0.121896 0.803040 0.121896 0.797753 0.128668 0.797092
2 0.088036 0.130205 0.088036 0.157964 0.153499 0.157964 0.153499 0.130205
2 0.361174 0.068077 0.361174 0.097158 0.480813 0.097158 0.480813 0.068077
2 0.208427 0.068077 0.208427 0.097158 0.290444 0.097158 0.290444 0.068077
