0 0.380272 0.699774 0.345918 0.699774 0.345918 0.707111 0.374490 0.707675 0.374150 0.812077 0.240136 0.812077 0.239796 0.776524 0.235034 0.776524 0.234694 0.812077 0.070068 0.812077 0.070068 0.819977 0.380272 0.819977
0 0.235034 0.619639 0.235034 0.731941 0.239796 0.731941 0.240136 0.707111 0.319048 0.707111 0.319048 0.699774 0.299660 0.699774 0.299320 0.678330 0.294898 0.678330 0.294558 0.699774 0.240136 0.699774 0.240136 0.627540 0.294558 0.627540 0.294898 0.640519 0.299320 0.640519 0.299320 0.619639
0 0.292857 0.371332 0.292857 0.379797 0.295238 0.380361 0.295238 0.463883 0.293878 0.464447 0.293878 0.484199 0.530612 0.484763 0.530612 0.465011 0.482993 0.465011 0.482653 0.425508 0.471088 0.425508 0.470748 0.464447 0.348639 0.464447 0.348299 0.371332 0.323469 0.371332 0.323469 0.379797 0.343537 0.380361 0.343537 0.463883 0.300000 0.464447 0.299660 0.380361 0.301701 0.379797 0.301701 0.371332
0 0.265306 0.346501 0.260544 0.346501 0.260204 0.464447 0.208163 0.464447 0.207823 0.408014 0.202721 0.408014 0.202381 0.464447 0.155102 0.464447 0.154762 0.365688 0.202381 0.365124 0.202721 0.370203 0.207823 0.370203 0.207823 0.358352 0.155102 0.358352 0.154762 0.347065 0.143878 0.347065 0.143878 0.484199 0.265986 0.484199 0.265986 0.464447 0.265306 0.463883 0.265306 0.380361 0.267007 0.379797 0.267007 0.371332 0.265306 0.370767
0 0.899320 0.288939 0.892857 0.288939 0.892517 0.294582 0.750680 0.294582 0.750340 0.290068 0.745578 0.290068 0.745578 0.307562 0.750340 0.307562 0.750680 0.301919 0.892517 0.301919 0.892857 0.308691 0.899320 0.308691
0 0.296599 0.286682 0.296599 0.294582 0.416667 0.294582 0.416667 0.286682
0 0.471088 0.280474 0.471088 0.334086 0.482653 0.334086 0.482653 0.280474
0 0.143878 0.247178 0.143878 0.302483 0.154762 0.302483 0.155102 0.294018 0.191837 0.294018 0.192177 0.335779 0.207823 0.336343 0.208163 0.294018 0.260204 0.294018 0.260544 0.309255 0.265306 0.309255 0.265306 0.285553 0.155102 0.285553 0.154762 0.247178
0 0.892857 0.243228 0.892857 0.246614 0.899320 0.246614 0.899320 0.243228
0 0.471088 0.231377 0.471088 0.234763 0.482653 0.234763 0.482653 0.231377
0 0.293537 0.153499 0.293537 0.240406 0.297279 0.240406 0.297279 0.153499
0 0.569388 0.102144 0.569388 0.237585 0.575510 0.237585 0.575850 0.112867 0.679932 0.112867 0.680272 0.273138 0.685034 0.273138 0.685374 0.242099 0.716667 0.242099 0.716667 0.155756 0.711905 0.155756 0.711905 0.237020 0.685034 0.237020 0.685374 0.112867 0.745578 0.113431 0.745578 0.248307 0.750340 0.248307 0.750680 0.112867 0.892517 0.112867 0.892857 0.193567 0.899320 0.193567 0.899320 0.112302 0.942517 0.112302 0.942177 0.466704 0.899660 0.466704 0.899320 0.401242 0.892857 0.401242 0.892517 0.467269 0.750680 0.467269 0.750340 0.349323 0.745578 0.349323 0.745238 0.367381 0.715986 0.367381 0.715986 0.375282 0.745578 0.375847 0.745578 0.466704 0.685374 0.467269 0.685034 0.375847 0.693537 0.375282 0.693537 0.367381 0.685034 0.366817 0.685034 0.314898 0.680272 0.314898 0.679932 0.334650 0.664286 0.334650 0.664286 0.342551 0.680272 0.343115 0.679932 0.467269 0.575850 0.467269 0.575510 0.343115 0.642517 0.342551 0.642517 0.334650 0.635034 0.334086 0.635034 0.287810 0.620408 0.287810 0.620068 0.334650 0.575850 0.334650 0.575510 0.326185 0.569388 0.326185 0.569388 0.477991 0.946259 0.477427 0.946259 0.102144
0 0.143878 0.156885 0.154762 0.156885 0.155102 0.108916 0.260544 0.108916 0.260884 0.239842 0.265306 0.239842 0.265306 0.109481 0.323469 0.108916 0.323810 0.240406 0.328231 0.240406 0.328571 0.108916 0.470748 0.108916 0.471088 0.145034 0.482653 0.145034 0.482993 0.109481 0.530612 0.109481 0.530612 0.089729 0.143878 0.089729
1 0.235034 0.732506 0.235034 0.775959 0.239796 0.775959 0.239796 0.732506
1 0.319388 0.699774 0.319388 0.707111 0.345578 0.707111 0.345578 0.699774
1 0.294898 0.641084 0.294898 0.677765 0.299320 0.677765 0.299320 0.641084
1 0.266327 0.464447 0.266327 0.484199 0.293537 0.484199 0.293537 0.464447
1 0.302041 0.371332 0.302041 0.379797 0.323129 0.379797 0.323129 0.371332
1 0.267347 0.371332 0.267347 0.379797 0.292517 0.379797 0.292517 0.371332
1 0.202721 0.370767 0.202721 0.407449 0.207823 0.407449 0.207823 0.370767
1 0.693878 0.367381 0.693878 0.375282 0.715646 0.375282 0.715646 0.367381
1 0.202721 0.336907 0.202721 0.357788 0.207823 0.357788 0.207823 0.336907
1 0.642857 0.334650 0.642857 0.342551 0.663946 0.342551 0.663946 0.334650
1 0.260544 0.309819 0.260544 0.345937 0.265306 0.345937 0.265306 0.309819
1 0.745578 0.308126 0.745578 0.348758 0.750340 0.348758 0.750340 0.308126
1 0.680272 0.273702 0.680272 0.314334 0.685034 0.314334 0.685034 0.273702
1 0.745578 0.248871 0.745578 0.289503 0.750340 0.289503 0.750340 0.248871
1 0.892857 0.247178 0.892857 0.288375 0.899320 0.288375 0.899320 0.247178
1 0.260884 0.240406 0.260884 0.284989 0.265306 0.284989 0.265306 0.240406
1 0.471088 0.235327 0.471088 0.279910 0.482653 0.279910 0.482653 0.235327
2 0.471088 0.334650 0.471088 0.424944 0.482653 0.424944 0.482653 0.334650
2 0.892857 0.309255 0.892857 0.400677 0.899320 0.400677 0.899320 0.309255
2 0.143878 0.303047 0.143878 0.346501 0.154762 0.346501 0.154762 0.303047
2 0.569388 0.238149 0.569388 0.325621 0.575510 0.325621 0.575510 0.238149
2 0.892857 0.194131 0.892857 0.242664 0.899320 0.242664 0.899320 0.194131
2 0.143878 0.157449 0.143878 0.246614 0.154762 0.246614 0.154762 0.157449
2 0.471088 0.145598 0.471088 0.230813 0.482653 0.230813 0.482653 0.145598
