0 0.705979 0.872928 0.705979 0.895817 0.726454 0.895817 0.726454 0.872928
0 0.542998 0.872928 0.542998 0.895817 0.629812 0.895817 0.629812 0.872928
0 0.349713 0.872928 0.349713 0.895817 0.406224 0.895817 0.406224 0.872928
0 0.646192 0.772691 0.645373 0.783741 0.622441 0.783741 0.622441 0.790845 0.646192 0.791634 0.646192 0.895817 0.655201 0.895817 0.655201 0.772691
0 0.497133 0.744278 0.497133 0.895817 0.505324 0.895817 0.504505 0.791634 0.544636 0.790845 0.544636 0.783741 0.505324 0.783741 0.504505 0.744278
0 0.557740 0.439621 0.551188 0.439621 0.550369 0.475138 0.379197 0.475138 0.378378 0.443567 0.371826 0.443567 0.371007 0.475138 0.305487 0.475138 0.305487 0.488556 0.496314 0.488556 0.497133 0.644830 0.504505 0.644830 0.504505 0.489345 0.557740 0.488556
0 0.857494 0.066298 0.857494 0.086030 0.923014 0.086819 0.923014 0.336227 0.723178 0.337017 0.723178 0.343331 0.746929 0.344120 0.746929 0.376480 0.753481 0.376480 0.754300 0.343331 0.923014 0.344120 0.923014 0.474349 0.818182 0.475138 0.818182 0.498816 0.912367 0.499605 0.912367 0.640884 0.763309 0.640884 0.763309 0.488556 0.768223 0.487766 0.768223 0.475138 0.753481 0.474349 0.753481 0.424625 0.746929 0.424625 0.746110 0.475138 0.646192 0.475138 0.646192 0.510655 0.653563 0.510655 0.654382 0.487766 0.747748 0.488556 0.746929 0.562747 0.654382 0.562747 0.653563 0.559590 0.646192 0.559590 0.646192 0.582478 0.654382 0.582478 0.655201 0.579321 0.734644 0.580110 0.733825 0.641673 0.665848 0.641673 0.665029 0.625888 0.655201 0.625888 0.654382 0.623520 0.646192 0.623520 0.646192 0.706393 0.655201 0.706393 0.656020 0.656669 0.922195 0.656669 0.923014 0.872139 0.902539 0.872928 0.902539 0.895817 0.941032 0.895817 0.941032 0.066298
0 0.581491 0.066298 0.581491 0.086030 0.646192 0.086819 0.646192 0.336227 0.642097 0.337017 0.642097 0.343331 0.655201 0.343331 0.655201 0.337017 0.652744 0.336227 0.652744 0.086819 0.679771 0.086030 0.679771 0.066298
0 0.352170 0.066298 0.352170 0.086030 0.371826 0.086819 0.371826 0.393844 0.378378 0.393844 0.379197 0.343331 0.550369 0.343331 0.551188 0.390687 0.557740 0.390687 0.557740 0.344120 0.574120 0.343331 0.574120 0.337017 0.378378 0.336227 0.378378 0.086819 0.405405 0.086030 0.405405 0.066298
0 0.280098 0.066298 0.280098 0.086030 0.283374 0.086030 0.283374 0.066298
0 0.094185 0.066298 0.094185 0.895817 0.123669 0.895817 0.123669 0.872928 0.107289 0.872139 0.107289 0.489345 0.164619 0.488556 0.164619 0.475138 0.107289 0.474349 0.107289 0.086819 0.130221 0.086030 0.130221 0.066298
1 0.656020 0.872928 0.656020 0.895817 0.705160 0.895817 0.705160 0.872928
1 0.630631 0.872928 0.630631 0.895817 0.645373 0.895817 0.645373 0.872928
1 0.545455 0.783741 0.545455 0.790845 0.621622 0.790845 0.621622 0.783741
1 0.646192 0.707182 0.646192 0.771902 0.655201 0.771902 0.655201 0.707182
1 0.646192 0.583268 0.646192 0.622731 0.654382 0.622731 0.654382 0.583268
1 0.646192 0.511444 0.646192 0.558800 0.653563 0.558800 0.653563 0.511444
1 0.769042 0.475138 0.769042 0.487766 0.817363 0.487766 0.817363 0.475138
1 0.371826 0.394633 0.371826 0.442778 0.378378 0.442778 0.378378 0.394633
1 0.551188 0.391476 0.551188 0.438832 0.557740 0.438832 0.557740 0.391476
1 0.746929 0.377269 0.746929 0.423836 0.753481 0.423836 0.753481 0.377269
1 0.656020 0.337017 0.656020 0.343331 0.722359 0.343331 0.722359 0.337017
1 0.574939 0.337017 0.574939 0.343331 0.641278 0.343331 0.641278 0.337017
1 0.284193 0.066298 0.284193 0.086030 0.351351 0.086030 0.351351 0.066298
2 0.727273 0.872928 0.727273 0.895817 0.901720 0.895817 0.901720 0.872928
2 0.506143 0.872928 0.506143 0.895817 0.542179 0.895817 0.542179 0.872928
2 0.407043 0.872928 0.407043 0.895817 0.496314 0.895817 0.496314 0.872928
2 0.124488 0.872928 0.124488 0.895817 0.348894 0.895817 0.348894 0.872928
2 0.680590 0.066298 0.680590 0.086030 0.856675 0.086030 0.856675 0.066298
2 0.406224 0.066298 0.406224 0.086030 0.580672 0.086030 0.580672 0.066298
2 0.131040 0.066298 0.131040 0.086030 0.279279 0.086030 0.279279 0.066298
