0 0.361538 0.249066 0.360577 0.282690 0.290385 0.282690 0.290385 0.316314 0.384615 0.317559 0.384615 0.650062 0.400000 0.650062 0.400000 0.257783 0.393269 0.257783 0.392308 0.249066
0 0.948077 0.078456 0.852885 0.078456 0.852885 0.117061 0.930769 0.118306 0.929808 0.413450 0.757692 0.413450 0.756731 0.288917 0.744231 0.288917 0.744231 0.600249 0.663462 0.601494 0.662500 0.630137 0.519231 0.630137 0.519231 0.645081 0.662500 0.645081 0.663462 0.658780 0.675000 0.658780 0.675962 0.645081 0.764423 0.645081 0.764423 0.625156 0.759615 0.623910 0.759615 0.432130 0.920192 0.430884 0.921154 0.623910 0.825000 0.625156 0.825000 0.645081 0.930769 0.646326 0.930769 0.844334 0.675962 0.845579 0.675000 0.748443 0.663462 0.748443 0.662500 0.845579 0.498077 0.845579 0.498077 0.865504 0.948077 0.865504
0 0.680769 0.078456 0.680769 0.117061 0.743269 0.117061 0.744231 0.160648 0.756731 0.160648 0.757692 0.117061 0.792308 0.117061 0.792308 0.078456
0 0.035577 0.043587 0.035577 0.315068 0.063462 0.316314 0.063462 0.865504 0.408654 0.865504 0.408654 0.845579 0.400000 0.844334 0.400000 0.754670 0.384615 0.754670 0.383654 0.845579 0.078846 0.844334 0.078846 0.317559 0.140385 0.316314 0.140385 0.282690 0.046154 0.281445 0.046154 0.058531 0.350000 0.057285 0.350962 0.093400 0.361538 0.094645 0.361538 0.151930 0.392308 0.151930 0.393269 0.144458 0.400000 0.144458 0.400962 0.117061 0.503846 0.117061 0.503846 0.078456 0.362500 0.078456 0.361538 0.043587
1 0.409615 0.845579 0.409615 0.865504 0.497115 0.865504 0.497115 0.845579
1 0.663462 0.660025 0.663462 0.747198 0.675000 0.747198 0.675000 0.660025
1 0.384615 0.651308 0.384615 0.753425 0.400000 0.753425 0.400000 0.651308
1 0.400962 0.630137 0.400962 0.645081 0.518269 0.645081 0.518269 0.630137
1 0.765385 0.625156 0.765385 0.645081 0.824038 0.645081 0.824038 0.625156
1 0.744231 0.161893 0.744231 0.287671 0.756731 0.287671 0.756731 0.161893
1 0.361538 0.153176 0.361538 0.247821 0.392308 0.247821 0.392308 0.153176
2 0.141346 0.282690 0.141346 0.316314 0.289423 0.316314 0.289423 0.282690
2 0.793269 0.078456 0.793269 0.117061 0.851923 0.117061 0.851923 0.078456
2 0.504808 0.078456 0.504808 0.117061 0.679808 0.117061 0.679808 0.078456
