0 0.144560 0.799206 0.144560 0.822222 0.148535 0.822222 0.148535 0.799206
0 0.458520 0.677778 0.458520 0.798413 0.411823 0.799206 0.411823 0.822222 0.517139 0.822222 0.517139 0.799206 0.464978 0.798413 0.464978 0.677778
0 0.805763 0.654762 0.799305 0.654762 0.798808 0.660317 0.770492 0.660317 0.770492 0.670635 0.773472 0.671429 0.773472 0.798413 0.770989 0.799206 0.770989 0.822222 0.782414 0.823016 0.782414 0.967460 0.787879 0.967460 0.787879 0.823016 0.823150 0.822222 0.823150 0.799206 0.779930 0.798413 0.779930 0.671429 0.805763 0.670635
0 0.645802 0.503968 0.645802 0.514286 0.676105 0.515079 0.676105 0.798413 0.594635 0.799206 0.594635 0.822222 0.632886 0.823016 0.632886 0.967460 0.713363 0.967460 0.713363 0.958730 0.638351 0.957937 0.638847 0.822222 0.725782 0.822222 0.725782 0.799206 0.682563 0.798413 0.682563 0.671429 0.725286 0.670635 0.725286 0.660317 0.682563 0.659524 0.682563 0.503968
0 0.900149 0.139683 0.900149 0.162698 0.948833 0.163492 0.948833 0.419841 0.806259 0.420635 0.800298 0.412698 0.795330 0.421429 0.799305 0.427778 0.799305 0.435714 0.805763 0.435714 0.806259 0.433333 0.869349 0.434127 0.869349 0.528571 0.806259 0.529365 0.805763 0.484921 0.799305 0.484921 0.799305 0.591270 0.805763 0.591270 0.806259 0.539683 0.878788 0.539683 0.878788 0.529365 0.875807 0.528571 0.876304 0.433333 0.948336 0.433333 0.948833 0.528571 0.908594 0.529365 0.908594 0.539683 0.948833 0.540476 0.948833 0.798413 0.903130 0.799206 0.903130 0.822222 0.963239 0.822222 0.963239 0.139683
0 0.695479 0.139683 0.695479 0.162698 0.763040 0.163492 0.763040 0.375397 0.767014 0.380952 0.771982 0.372222 0.770989 0.369841 0.770989 0.163492 0.823150 0.162698 0.823150 0.139683
0 0.395926 0.139683 0.395926 0.162698 0.457526 0.162698 0.458023 0.221429 0.464481 0.221429 0.464978 0.162698 0.551416 0.162698 0.551416 0.139683
0 0.356185 0.139683 0.356185 0.162698 0.361153 0.162698 0.361153 0.139683
0 0.218082 0.139683 0.218082 0.162698 0.267760 0.162698 0.268256 0.181746 0.282663 0.181746 0.283159 0.162698 0.317933 0.162698 0.317933 0.139683
0 0.075509 0.139683 0.074019 0.822222 0.108296 0.822222 0.108296 0.799206 0.084948 0.798413 0.086438 0.402381 0.268256 0.403175 0.268256 0.798413 0.188276 0.799206 0.188276 0.822222 0.333830 0.822222 0.333830 0.799206 0.282663 0.798413 0.282663 0.511905 0.458023 0.511111 0.458520 0.611111 0.464978 0.611111 0.464978 0.508730 0.477894 0.507937 0.477894 0.439683 0.464481 0.438889 0.464481 0.284127 0.458023 0.284127 0.457526 0.342857 0.367114 0.342857 0.366617 0.289683 0.356682 0.289683 0.356682 0.303968 0.360159 0.304762 0.360159 0.444444 0.366617 0.444444 0.367114 0.353175 0.457526 0.353175 0.457526 0.499206 0.367114 0.499206 0.366617 0.496032 0.360159 0.496032 0.359662 0.499206 0.283159 0.499206 0.282663 0.304762 0.318927 0.303968 0.318927 0.289683 0.283159 0.289683 0.282663 0.237302 0.268256 0.237302 0.267760 0.384921 0.086438 0.384921 0.086438 0.163492 0.139096 0.162698 0.139096 0.139683
1 0.726279 0.799206 0.726279 0.822222 0.770492 0.822222 0.770492 0.799206
1 0.149031 0.799206 0.149031 0.822222 0.187779 0.822222 0.187779 0.799206
1 0.725782 0.660317 0.725782 0.670635 0.769995 0.670635 0.769995 0.660317
1 0.458520 0.611905 0.458520 0.676984 0.464978 0.676984 0.464978 0.611905
1 0.799305 0.592063 0.799305 0.653968 0.805763 0.653968 0.805763 0.592063
1 0.879285 0.529365 0.879285 0.539683 0.908097 0.539683 0.908097 0.529365
1 0.360159 0.445238 0.360159 0.495238 0.366617 0.495238 0.366617 0.445238
1 0.799305 0.436508 0.799305 0.484127 0.805763 0.484127 0.805763 0.436508
1 0.772479 0.372222 0.767014 0.381746 0.794834 0.421429 0.800298 0.411905
1 0.319424 0.289683 0.319424 0.303968 0.356185 0.303968 0.356185 0.289683
1 0.458023 0.222222 0.458023 0.283333 0.464481 0.283333 0.464481 0.222222
1 0.268256 0.182540 0.268256 0.236508 0.282663 0.236508 0.282663 0.182540
1 0.318430 0.139683 0.318430 0.162698 0.355688 0.162698 0.355688 0.139683
2 0.823646 0.799206 0.823646 0.822222 0.902633 0.822222 0.902633 0.799206
2 0.517635 0.799206 0.517635 0.822222 0.594138 0.822222 0.594138 0.799206
2 0.334327 0.799206 0.334327 0.822222 0.411326 0.822222 0.411326 0.799206
2 0.108793 0.799206 0.108793 0.822222 0.144064 0.822222 0.144064 0.799206
2 0.823646 0.139683 0.823646 0.162698 0.899652 0.162698 0.899652 0.139683
2 0.551913 0.139683 0.551913 0.162698 0.694983 0.162698 0.694983 0.139683
2 0.361649 0.139683 0.361649 0.162698 0.395430 0.162698 0.395430 0.139683
2 0.139593 0.139683 0.139593 0.162698 0.217586 0.162698 0.217586 0.139683
