0 0.569583 0.807825 0.569583 0.833142 0.910746 0.833142 0.910746 0.802071 0.897240 0.802071 0.896653 0.807825 0.614797 0.807825 0.614210 0.744534 0.608338 0.744534 0.607751 0.807825
0 0.576629 0.738780 0.576629 0.744534 0.581914 0.744534 0.581914 0.738780
0 0.910746 0.494822 0.827951 0.494822 0.827363 0.489068 0.812683 0.489068 0.812096 0.515535 0.583676 0.515535 0.583089 0.504028 0.576629 0.504028 0.576629 0.539701 0.608925 0.540852 0.608925 0.644419 0.576629 0.645570 0.576629 0.658228 0.581914 0.658228 0.582501 0.655926 0.614210 0.655926 0.614210 0.606444 0.630065 0.605293 0.630652 0.539701 0.896653 0.539701 0.897240 0.544304 0.910746 0.544304
0 0.084557 0.497123 0.084557 0.539701 0.496183 0.539701 0.496770 0.833142 0.512038 0.833142 0.512038 0.807825 0.508514 0.806674 0.508514 0.515535 0.182619 0.515535 0.182032 0.487917 0.167352 0.487917 0.166765 0.497123
0 0.167352 0.383199 0.167352 0.391254 0.182032 0.391254 0.182032 0.383199
0 0.812683 0.379747 0.812683 0.385501 0.827363 0.385501 0.827363 0.379747
0 0.084557 0.143843 0.084557 0.155351 0.166765 0.155351 0.167352 0.163406 0.182032 0.163406 0.182619 0.159954 0.480329 0.159954 0.480916 0.405063 0.489137 0.405063 0.489137 0.392405 0.487375 0.391254 0.487375 0.189873 0.576042 0.188723 0.576629 0.391254 0.528479 0.392405 0.528479 0.405063 0.576042 0.405063 0.576629 0.409666 0.583089 0.409666 0.583676 0.159954 0.812096 0.159954 0.812683 0.164557 0.827363 0.164557 0.827951 0.155351 0.910746 0.155351 0.910746 0.143843 0.827951 0.143843 0.827363 0.136939 0.167352 0.136939 0.166765 0.143843
1 0.512625 0.807825 0.512625 0.833142 0.568996 0.833142 0.568996 0.807825
1 0.576629 0.659379 0.576629 0.737629 0.581914 0.737629 0.581914 0.659379
1 0.576629 0.410817 0.576629 0.502877 0.583089 0.502877 0.583089 0.410817
1 0.489724 0.392405 0.489724 0.405063 0.527892 0.405063 0.527892 0.392405
1 0.167352 0.392405 0.167352 0.486766 0.182032 0.486766 0.182032 0.392405
1 0.812683 0.386651 0.812683 0.487917 0.827363 0.487917 0.827363 0.386651
2 0.897240 0.545455 0.897240 0.800921 0.910746 0.800921 0.910746 0.545455
2 0.812683 0.165708 0.812683 0.378596 0.827363 0.378596 0.827363 0.165708
2 0.167352 0.164557 0.167352 0.382048 0.182032 0.382048 0.182032 0.164557
