0 0.953149 0.834632 0.937020 0.834632 0.936252 0.887446 0.847926 0.887446 0.847158 0.870996 0.805684 0.870996 0.804916 0.887446 0.672043 0.887446 0.671275 0.839827 0.663594 0.839827 0.663594 0.886580 0.639017 0.887446 0.639017 0.904762 0.953149 0.904762
0 0.953149 0.736797 0.937020 0.736797 0.936252 0.767100 0.857911 0.767100 0.857911 0.774892 0.953149 0.774892
0 0.953149 0.540260 0.937020 0.540260 0.936252 0.613853 0.798771 0.613853 0.798003 0.662338 0.672043 0.662338 0.671275 0.595671 0.663594 0.595671 0.663594 0.673593 0.671275 0.673593 0.672043 0.670130 0.769585 0.670996 0.768817 0.767100 0.672043 0.767100 0.671275 0.735065 0.663594 0.735065 0.663594 0.777489 0.671275 0.777489 0.672043 0.774892 0.811828 0.774892 0.811828 0.767100 0.805684 0.766234 0.806452 0.621645 0.936252 0.621645 0.937020 0.679654 0.953149 0.679654
0 0.573733 0.904762 0.573733 0.887446 0.566820 0.886580 0.566820 0.607792 0.552227 0.606926 0.552227 0.535065 0.545315 0.535065 0.544547 0.607792 0.113671 0.607792 0.112903 0.565368 0.097542 0.565368 0.097542 0.625108 0.550691 0.625108 0.551459 0.904762
0 0.310292 0.400866 0.310292 0.408658 0.501536 0.408658 0.502304 0.460606 0.544547 0.460606 0.545315 0.472727 0.552227 0.472727 0.552227 0.400866
0 0.195853 0.341991 0.180492 0.341991 0.179724 0.389610 0.036098 0.389610 0.036098 0.397403 0.096774 0.397403 0.097542 0.428571 0.112903 0.428571 0.113671 0.406926 0.195853 0.406926
0 0.953149 0.270996 0.937020 0.270996 0.936252 0.344589 0.672043 0.344589 0.671275 0.330736 0.663594 0.330736 0.663594 0.353247 0.700461 0.354113 0.700461 0.519481 0.663594 0.520346 0.663594 0.533333 0.671275 0.533333 0.672043 0.529004 0.708141 0.529004 0.708909 0.353247 0.936252 0.353247 0.937020 0.412121 0.953149 0.412121
0 0.180492 0.254545 0.180492 0.265801 0.195853 0.265801 0.195853 0.254545
0 0.036098 0.063203 0.036098 0.070130 0.179724 0.070130 0.180492 0.111688 0.195853 0.111688 0.196621 0.081385 0.544547 0.081385 0.545315 0.297835 0.552227 0.297835 0.552227 0.256277 0.581413 0.255411 0.581413 0.247619 0.552227 0.246753 0.552995 0.081385 0.635945 0.081385 0.636713 0.113420 0.663594 0.114286 0.663594 0.246753 0.637481 0.247619 0.637481 0.255411 0.662826 0.255411 0.663594 0.269264 0.671275 0.269264 0.672043 0.081385 0.936252 0.081385 0.937020 0.144589 0.953149 0.144589 0.953149 0.063203
1 0.574501 0.887446 0.574501 0.904762 0.638249 0.904762 0.638249 0.887446
1 0.663594 0.778355 0.663594 0.838961 0.671275 0.838961 0.671275 0.778355
1 0.812596 0.767100 0.812596 0.774892 0.857143 0.774892 0.857143 0.767100
1 0.663594 0.674459 0.663594 0.734199 0.671275 0.734199 0.671275 0.674459
1 0.663594 0.534199 0.663594 0.594805 0.671275 0.594805 0.671275 0.534199
1 0.545315 0.473593 0.545315 0.534199 0.552227 0.534199 0.552227 0.473593
1 0.196621 0.392208 0.196621 0.406926 0.258065 0.406926 0.258065 0.392208
1 0.663594 0.270130 0.663594 0.329870 0.671275 0.329870 0.671275 0.270130
1 0.180492 0.266667 0.180492 0.341126 0.195853 0.341126 0.195853 0.266667
1 0.582181 0.247619 0.582181 0.255411 0.636713 0.255411 0.636713 0.247619
2 0.937020 0.775758 0.937020 0.833766 0.953149 0.833766 0.953149 0.775758
2 0.937020 0.680519 0.937020 0.735931 0.953149 0.735931 0.953149 0.680519
2 0.097542 0.429437 0.097542 0.564502 0.112903 0.564502 0.112903 0.429437
2 0.937020 0.412987 0.937020 0.539394 0.953149 0.539394 0.953149 0.412987
2 0.937020 0.145455 0.937020 0.270130 0.953149 0.270130 0.953149 0.145455
2 0.180492 0.112554 0.180492 0.253680 0.195853 0.253680 0.195853 0.112554
