0 0.066667 0.818277 0.066667 0.981618 0.270115 0.981618 0.270115 0.897584 0.252874 0.897584 0.251724 0.977941 0.074713 0.977416 0.074713 0.822479 0.260920 0.821954 0.262069 0.846113 0.252874 0.846639 0.252874 0.849790 0.270115 0.849790 0.270115 0.818277
0 0.512644 0.601366 0.513793 0.671744 0.491954 0.672269 0.491954 0.676996 0.513793 0.677521 0.513793 0.708508 0.490805 0.709034 0.490805 0.720063 0.497701 0.720588 0.497701 0.775210 0.505747 0.775210 0.505747 0.720588 0.577011 0.720063 0.577011 0.709034 0.525287 0.708508 0.524138 0.626576 0.512644 0.626050
0 0.301149 0.546744 0.301149 0.606092 0.287356 0.606618 0.287356 0.612395 0.295402 0.612920 0.295402 0.708508 0.235632 0.709034 0.235632 0.720063 0.386207 0.720063 0.386207 0.709034 0.308046 0.708508 0.309195 0.676996 0.389655 0.676996 0.389655 0.672269 0.308046 0.671744 0.308046 0.546744
0 0.385057 0.258403 0.385057 0.269433 0.397701 0.269433 0.397701 0.258403
0 0.919540 0.045168 0.911494 0.045168 0.911494 0.257878 0.774713 0.258403 0.774713 0.269433 0.895402 0.269958 0.894253 0.530987 0.524138 0.530462 0.521839 0.269958 0.601149 0.269433 0.601149 0.258403 0.485057 0.258403 0.485057 0.269433 0.510345 0.269958 0.511494 0.457458 0.482759 0.457983 0.482759 0.463235 0.511494 0.463761 0.511494 0.486870 0.522989 0.487395 0.522989 0.529937 0.512644 0.530462 0.512644 0.575630 0.524138 0.575630 0.525287 0.535189 0.895402 0.535714 0.895402 0.708508 0.752874 0.709034 0.752874 0.720063 0.895402 0.720588 0.895402 0.845588 0.919540 0.845588
0 0.088506 0.045168 0.088506 0.257878 0.078161 0.258403 0.078161 0.720063 0.158621 0.720063 0.158621 0.709034 0.102299 0.708508 0.102299 0.612920 0.217241 0.612395 0.217241 0.606618 0.102299 0.606092 0.102299 0.463761 0.300000 0.463235 0.301149 0.505777 0.308046 0.505777 0.308046 0.463761 0.379310 0.463235 0.379310 0.457983 0.102299 0.457458 0.102299 0.269958 0.170115 0.269433 0.170115 0.258403 0.096552 0.257878 0.096552 0.045168
1 0.252874 0.850315 0.252874 0.897059 0.270115 0.897059 0.270115 0.850315
1 0.387356 0.709034 0.387356 0.720063 0.489655 0.720063 0.489655 0.709034
1 0.390805 0.672269 0.390805 0.676996 0.490805 0.676996 0.490805 0.672269
1 0.218391 0.606618 0.218391 0.612395 0.286207 0.612395 0.286207 0.606618
1 0.512644 0.576155 0.513793 0.626050 0.525287 0.626050 0.524138 0.576155
1 0.301149 0.506303 0.301149 0.546218 0.308046 0.546218 0.308046 0.506303
1 0.510345 0.487395 0.510345 0.529937 0.521839 0.529937 0.521839 0.487395
1 0.380460 0.457983 0.380460 0.463235 0.481609 0.463235 0.481609 0.457983
1 0.398851 0.258403 0.398851 0.269433 0.483908 0.269433 0.483908 0.258403
2 0.578161 0.709034 0.578161 0.720063 0.751724 0.720063 0.751724 0.709034
2 0.159770 0.709034 0.159770 0.720063 0.234483 0.720063 0.234483 0.709034
2 0.602299 0.258403 0.602299 0.269433 0.773563 0.269433 0.773563 0.258403
2 0.171264 0.258403 0.171264 0.269433 0.383908 0.269433 0.383908 0.258403
