0 0.523624 0.758583 0.508060 0.758583 0.507504 0.772979 0.474708 0.772979 0.474708 0.786822 0.486937 0.787375 0.486937 0.859358 0.497499 0.859358 0.497499 0.787375 0.523624 0.786822
0 0.034464 0.726467 0.034464 0.816168 0.048360 0.816168 0.048360 0.726467
0 0.339077 0.706534 0.338521 0.710963 0.332963 0.710963 0.332963 0.718715 0.339077 0.719269 0.339077 0.819491 0.352974 0.819491 0.352974 0.787375 0.391884 0.786822 0.391884 0.772979 0.352974 0.772425 0.352974 0.706534
0 0.286826 0.710963 0.226793 0.710963 0.226237 0.703212 0.218455 0.703212 0.217899 0.933001 0.048916 0.933001 0.048360 0.877076 0.034464 0.877076 0.034464 0.946844 0.352974 0.946844 0.352974 0.876523 0.339077 0.876523 0.338521 0.933001 0.226237 0.932447 0.226237 0.719269 0.286826 0.718715
0 0.240689 0.637874 0.207337 0.637320 0.207337 0.560354 0.199555 0.560354 0.198999 0.637874 0.048916 0.637874 0.048360 0.576966 0.034464 0.576966 0.034464 0.664452 0.048360 0.664452 0.048916 0.645626 0.217899 0.645626 0.218455 0.653378 0.226237 0.653378 0.226793 0.645626 0.240689 0.645626
0 0.339077 0.559801 0.339077 0.652824 0.352974 0.652824 0.353530 0.616279 0.507504 0.616279 0.508060 0.650609 0.523624 0.650609 0.523624 0.570321 0.508060 0.570321 0.507504 0.608527 0.353530 0.608527 0.352974 0.559801
0 0.523624 0.378738 0.508060 0.378738 0.507504 0.447398 0.353530 0.447398 0.352974 0.442968 0.339077 0.442968 0.338521 0.447398 0.258477 0.447398 0.258477 0.455150 0.338521 0.455150 0.339077 0.512182 0.352974 0.512182 0.353530 0.455150 0.507504 0.455150 0.508060 0.459025 0.523624 0.459025
0 0.034464 0.374862 0.034464 0.516058 0.048360 0.516058 0.048916 0.455150 0.198999 0.455150 0.199555 0.513843 0.207337 0.513843 0.207337 0.455703 0.210673 0.455150 0.210673 0.447398 0.048916 0.447398 0.048360 0.374862
0 0.101167 0.318937 0.101167 0.397010 0.180100 0.397564 0.180100 0.390919 0.108394 0.390365 0.107838 0.318937
0 0.495831 0.235327 0.495831 0.250831 0.508060 0.251384 0.508060 0.268549 0.523624 0.268549 0.523624 0.235327
0 0.339633 0.205980 0.339077 0.394795 0.352974 0.394795 0.352974 0.251384 0.441356 0.250831 0.441356 0.235327 0.354086 0.235327 0.353530 0.205980
0 0.034464 0.205980 0.034464 0.309524 0.048360 0.309524 0.048360 0.205980
0 0.034464 0.069767 0.034464 0.143411 0.048360 0.143411 0.048916 0.083610 0.236242 0.083610 0.236798 0.113511 0.294608 0.113511 0.295164 0.083610 0.339077 0.083610 0.339633 0.143965 0.353530 0.143965 0.353530 0.069767
0 0.818232 0.068106 0.818232 0.085271 0.822123 0.085825 0.822123 0.119601 0.852140 0.120155 0.852140 0.314507 0.822679 0.315061 0.822679 0.321705 0.852140 0.322259 0.852140 0.441307 0.831573 0.441860 0.831573 0.449612 0.852140 0.450166 0.852140 0.677741 0.817121 0.678295 0.817121 0.686047 0.852140 0.686600 0.852140 0.921927 0.808783 0.922481 0.808783 0.945183 0.951640 0.945183 0.951640 0.068106
0 0.606448 0.068106 0.606448 0.945183 0.740411 0.945183 0.740411 0.922481 0.705392 0.921927 0.705392 0.686600 0.764869 0.686047 0.764869 0.678295 0.705392 0.677741 0.705392 0.450166 0.781545 0.449612 0.781545 0.441860 0.767649 0.441860 0.767093 0.439646 0.760422 0.439646 0.759867 0.441860 0.630350 0.441860 0.629794 0.322259 0.680934 0.322259 0.680934 0.392580 0.759867 0.392580 0.760422 0.395903 0.767093 0.395903 0.767093 0.384828 0.760422 0.384828 0.759867 0.385936 0.687604 0.385382 0.688160 0.321705 0.759867 0.321705 0.760422 0.326689 0.767093 0.326689 0.767093 0.322259 0.769316 0.321705 0.769316 0.315061 0.709283 0.314507 0.709283 0.085825 0.752084 0.085271 0.752084 0.068106
1 0.392440 0.772979 0.392440 0.786822 0.474152 0.786822 0.474152 0.772979
1 0.287382 0.710963 0.287382 0.718715 0.332407 0.718715 0.332407 0.710963
1 0.765425 0.678295 0.765425 0.686047 0.816565 0.686047 0.816565 0.678295
1 0.218455 0.653931 0.218455 0.702658 0.226237 0.702658 0.226237 0.653931
1 0.339077 0.653378 0.339077 0.705980 0.352974 0.705980 0.352974 0.653378
1 0.199555 0.514396 0.199555 0.559801 0.207337 0.559801 0.207337 0.514396
1 0.339077 0.512735 0.339077 0.559247 0.352974 0.559247 0.352974 0.512735
1 0.211228 0.447398 0.211228 0.455150 0.257921 0.455150 0.257921 0.447398
1 0.760422 0.396456 0.760422 0.439092 0.767093 0.439092 0.767093 0.396456
1 0.339077 0.395349 0.339077 0.442414 0.352974 0.442414 0.352974 0.395349
1 0.760422 0.327243 0.760422 0.384275 0.767093 0.384275 0.767093 0.327243
1 0.769872 0.315061 0.769872 0.321705 0.822123 0.321705 0.822123 0.315061
2 0.740967 0.922481 0.740967 0.945183 0.808227 0.945183 0.808227 0.922481
2 0.339077 0.820044 0.339077 0.875969 0.352974 0.875969 0.352974 0.820044
2 0.034464 0.816722 0.034464 0.876523 0.048360 0.876523 0.048360 0.816722
2 0.034464 0.665006 0.034464 0.725914 0.048360 0.725914 0.048360 0.665006
2 0.508060 0.651163 0.508060 0.758029 0.523624 0.758029 0.523624 0.651163
2 0.034464 0.516611 0.034464 0.576412 0.048360 0.576412 0.048360 0.516611
2 0.508060 0.459579 0.508060 0.569767 0.523624 0.569767 0.523624 0.459579
2 0.034464 0.310078 0.034464 0.374308 0.048360 0.374308 0.048360 0.310078
2 0.508060 0.269103 0.508060 0.378184 0.523624 0.378184 0.523624 0.269103
2 0.441912 0.235327 0.441912 0.250831 0.495275 0.250831 0.495275 0.235327
2 0.339633 0.144518 0.339633 0.205426 0.353530 0.205426 0.353530 0.144518
2 0.034464 0.143965 0.034464 0.205426 0.048360 0.205426 0.048360 0.143965
2 0.752640 0.068106 0.752640 0.085271 0.817676 0.085271 0.817676 0.068106
