0 0.623973 0.674825 0.623973 0.683916 0.638356 0.684615 0.638356 0.879021 0.764384 0.879021 0.765068 0.976224 0.908219 0.976224 0.908219 0.833566 0.891096 0.833566 0.890411 0.870629 0.855479 0.870629 0.855479 0.878322 0.891096 0.879021 0.890411 0.967832 0.773288 0.967133 0.773288 0.879021 0.810959 0.878322 0.810959 0.870629 0.646575 0.869930 0.646575 0.672028 0.639041 0.672028 0.638356 0.674825
0 0.639041 0.399301 0.639041 0.616783 0.646575 0.616783 0.647260 0.570629 0.890411 0.570629 0.891096 0.648951 0.908219 0.648951 0.908219 0.510490 0.891096 0.510490 0.890411 0.562238 0.647260 0.562238 0.646575 0.399301
0 0.165753 0.238462 0.165753 0.244755 0.184247 0.244755 0.184247 0.238462
0 0.908219 0.021678 0.828767 0.021678 0.828767 0.040559 0.891096 0.041259 0.891096 0.322378 0.647260 0.323077 0.646575 0.319580 0.639041 0.319580 0.639041 0.337063 0.646575 0.337063 0.647260 0.331469 0.890411 0.331469 0.891096 0.336364 0.908219 0.336364
0 0.684932 0.021678 0.611644 0.021678 0.611644 0.040559 0.639041 0.041259 0.639041 0.258042 0.646575 0.258042 0.646575 0.041259 0.684932 0.040559
0 0.059589 0.033566 0.059589 0.332168 0.386301 0.332168 0.386986 0.455245 0.510959 0.455944 0.510959 0.568531 0.534247 0.569231 0.534247 0.683916 0.556849 0.683916 0.556849 0.674825 0.543151 0.674126 0.543151 0.559441 0.520548 0.558741 0.520548 0.455944 0.543151 0.455245 0.543151 0.384615 0.534247 0.384615 0.533562 0.446154 0.395890 0.445455 0.396575 0.332168 0.533562 0.332168 0.534247 0.336364 0.543151 0.336364 0.543151 0.323077 0.184932 0.323077 0.184247 0.308392 0.165753 0.308392 0.165068 0.313287 0.063699 0.312587 0.064384 0.040559 0.165068 0.040559 0.165753 0.044755 0.184247 0.044755 0.184932 0.040559 0.480822 0.040559 0.480822 0.021678 0.165753 0.021678 0.165068 0.033566
1 0.811644 0.870629 0.811644 0.878322 0.854795 0.878322 0.854795 0.870629
1 0.557534 0.674825 0.557534 0.683916 0.623288 0.683916 0.623288 0.674825
1 0.639041 0.617483 0.639041 0.671329 0.646575 0.671329 0.646575 0.617483
1 0.639041 0.337762 0.639041 0.398601 0.646575 0.398601 0.646575 0.337762
1 0.534247 0.337063 0.534247 0.383916 0.543151 0.383916 0.543151 0.337063
1 0.639041 0.258741 0.639041 0.318881 0.646575 0.318881 0.646575 0.258741
1 0.165753 0.245455 0.165753 0.307692 0.184247 0.307692 0.184247 0.245455
2 0.891096 0.649650 0.891096 0.832867 0.908219 0.832867 0.908219 0.649650
2 0.891096 0.337063 0.891096 0.509790 0.908219 0.509790 0.908219 0.337063
2 0.165753 0.045455 0.165753 0.237762 0.184247 0.237762 0.184247 0.045455
2 0.685616 0.021678 0.685616 0.040559 0.828082 0.040559 0.828082 0.021678
2 0.481507 0.021678 0.481507 0.040559 0.610959 0.040559 0.610959 0.021678
