0 0.447119 0.592881 0.447119 0.640712 0.501823 0.640712 0.501823 0.592881
0 0.845368 0.578420 0.845368 0.585095 0.865062 0.585095 0.865062 0.578420
0 0.330416 0.596218 0.284464 0.596218 0.284464 0.608454 0.322392 0.609566 0.321663 0.731924 0.230489 0.731924 0.229759 0.609566 0.233406 0.608454 0.233406 0.596218 0.229759 0.595106 0.229759 0.539488 0.221736 0.539488 0.221736 0.786429 0.229759 0.786429 0.230489 0.746385 0.321663 0.746385 0.322392 0.823137 0.301240 0.824249 0.300511 0.870968 0.230489 0.870968 0.229759 0.866518 0.221736 0.866518 0.221007 0.870968 0.029905 0.870968 0.029176 0.723026 0.009482 0.723026 0.009482 0.892102 0.376368 0.892102 0.376368 0.870968 0.330416 0.869855
0 0.629468 0.428254 0.621444 0.428254 0.620715 0.434928 0.525164 0.434928 0.525164 0.453838 0.628738 0.453838
0 0.975201 0.434928 0.865791 0.434928 0.865062 0.387097 0.845368 0.387097 0.844639 0.434928 0.806710 0.434928 0.806710 0.453838 0.844639 0.453838 0.845368 0.493882 0.865062 0.493882 0.865791 0.453838 0.967907 0.454950 0.967907 0.869855 0.865791 0.869855 0.865062 0.825362 0.845368 0.825362 0.844639 0.870968 0.442743 0.870968 0.442743 0.892102 0.975930 0.892102
0 0.009482 0.367075 0.009482 0.518354 0.029176 0.518354 0.029905 0.453838 0.221007 0.453838 0.221736 0.460512 0.229759 0.460512 0.229759 0.454950 0.234136 0.453838 0.234136 0.434928 0.029905 0.434928 0.029176 0.367075
0 0.009482 0.000000 0.009482 0.164627 0.029176 0.164627 0.029905 0.028921 0.292487 0.030033 0.292487 0.433815 0.289570 0.434928 0.289570 0.453838 0.304158 0.453838 0.304158 0.434928 0.299781 0.433815 0.299781 0.216908 0.307805 0.215795 0.307805 0.204672 0.305616 0.203560 0.306346 0.038932 0.401896 0.040044 0.401896 0.203560 0.347921 0.204672 0.347921 0.215795 0.412837 0.216908 0.412837 0.433815 0.355945 0.434928 0.355945 0.453838 0.467542 0.453838 0.467542 0.434928 0.420861 0.433815 0.420861 0.091212 0.464624 0.090100 0.465354 0.028921 0.621444 0.030033 0.621444 0.340378 0.629468 0.340378 0.630197 0.028921 0.844639 0.028921 0.845368 0.186874 0.865062 0.186874 0.865062 0.000000
1 0.377097 0.870968 0.377097 0.892102 0.442013 0.892102 0.442013 0.870968
1 0.221736 0.787542 0.221736 0.865406 0.229759 0.865406 0.229759 0.787542
1 0.234136 0.596218 0.234136 0.608454 0.283735 0.608454 0.283735 0.596218
1 0.845368 0.494994 0.845368 0.577308 0.865062 0.577308 0.865062 0.494994
1 0.221736 0.461624 0.221736 0.538376 0.229759 0.538376 0.229759 0.461624
1 0.629468 0.434928 0.629468 0.453838 0.805981 0.453838 0.805981 0.434928
1 0.468271 0.434928 0.468271 0.453838 0.524435 0.453838 0.524435 0.434928
1 0.304887 0.434928 0.304887 0.453838 0.355215 0.453838 0.355215 0.434928
1 0.234865 0.434928 0.234865 0.453838 0.288840 0.453838 0.288840 0.434928
1 0.621444 0.341491 0.621444 0.427141 0.629468 0.427141 0.629468 0.341491
1 0.308534 0.204672 0.308534 0.215795 0.347192 0.215795 0.347192 0.204672
2 0.845368 0.586207 0.845368 0.824249 0.865062 0.824249 0.865062 0.586207
2 0.009482 0.519466 0.009482 0.721913 0.029176 0.721913 0.029176 0.519466
2 0.845368 0.187987 0.845368 0.385984 0.865062 0.385984 0.865062 0.187987
2 0.009482 0.165740 0.009482 0.365962 0.029176 0.365962 0.029176 0.165740
