0 0.067204 0.931111 0.067204 0.937778 0.075269 0.937778 0.075269 0.931111
0 0.183692 0.788148 0.183692 0.865185 0.222222 0.865185 0.223118 0.862963 0.239247 0.862963 0.239247 0.799259 0.264337 0.798519 0.264337 0.789630
0 0.067204 0.670370 0.067204 0.673333 0.075269 0.673333 0.075269 0.670370
0 0.183692 0.611852 0.183692 0.740741 0.231183 0.740741 0.232079 0.676296 0.513441 0.676296 0.513441 0.662222 0.502688 0.661481 0.502688 0.614074 0.493728 0.614074 0.492832 0.662222 0.215950 0.662222 0.215054 0.611852
0 0.672043 0.597037 0.594982 0.597037 0.594982 0.661481 0.590502 0.662222 0.590502 0.676296 0.659498 0.677037 0.658602 0.789630 0.338710 0.789630 0.338710 0.932593 0.223118 0.933333 0.222222 0.929630 0.183692 0.929630 0.183692 0.957037 0.364695 0.957037 0.365591 0.806667 0.680108 0.806667 0.679211 0.662222 0.672043 0.661481
0 0.379928 0.477778 0.379928 0.532593 0.391577 0.532593 0.392473 0.485185 0.492832 0.485185 0.493728 0.532593 0.502688 0.532593 0.502688 0.477778
0 0.183692 0.378519 0.183692 0.497778 0.215054 0.497778 0.215054 0.378519
0 0.645161 0.188889 0.548387 0.188889 0.548387 0.214815 0.580645 0.215556 0.580645 0.514074 0.592294 0.514074 0.592294 0.507407 0.588710 0.506667 0.588710 0.215556 0.645161 0.214815
0 0.342294 0.188889 0.342294 0.214815 0.392473 0.214815 0.392473 0.188889
0 0.246416 0.188889 0.183692 0.188889 0.183692 0.308889 0.215054 0.308889 0.215950 0.287407 0.250000 0.287407 0.250000 0.256296 0.215054 0.255556 0.215054 0.215556 0.246416 0.214815
0 0.858423 0.188889 0.784050 0.188889 0.784050 0.214815 0.837814 0.215556 0.837814 0.506667 0.667563 0.507407 0.667563 0.514074 0.837814 0.514815 0.837814 0.661481 0.767025 0.662222 0.767025 0.677778 0.858423 0.677778
0 0.840502 0.035556 0.840502 0.042222 0.842294 0.043704 0.850358 0.043704 0.850358 0.035556
0 0.479391 0.035556 0.479391 0.042222 0.482975 0.042222 0.482975 0.035556
0 0.067204 0.035556 0.067204 0.042963 0.075269 0.042963 0.075269 0.035556
1 0.265233 0.789630 0.265233 0.798519 0.337814 0.798519 0.337814 0.789630
1 0.680108 0.662222 0.681004 0.677778 0.766129 0.677778 0.766129 0.662222
1 0.514337 0.662222 0.514337 0.676296 0.589606 0.676296 0.589606 0.662222
1 0.593190 0.507407 0.593190 0.514074 0.666667 0.514074 0.666667 0.507407
1 0.183692 0.309630 0.183692 0.377778 0.215054 0.377778 0.215054 0.309630
2 0.183692 0.865926 0.183692 0.928889 0.222222 0.928889 0.222222 0.865926
2 0.183692 0.741481 0.183692 0.787407 0.231183 0.787407 0.231183 0.741481
2 0.067204 0.674074 0.067204 0.930370 0.075269 0.930370 0.076165 0.937778 0.181900 0.937778 0.181900 0.931111 0.075269 0.930370 0.075269 0.674074
2 0.183692 0.498519 0.183692 0.611111 0.215054 0.611111 0.215054 0.498519
2 0.646057 0.188889 0.646057 0.214815 0.783154 0.214815 0.783154 0.188889
2 0.393369 0.188889 0.393369 0.214815 0.547491 0.214815 0.547491 0.188889
2 0.247312 0.188889 0.247312 0.214815 0.341398 0.214815 0.341398 0.188889
2 0.842294 0.044444 0.842294 0.187407 0.850358 0.187407 0.850358 0.044444
2 0.067204 0.043704 0.067204 0.669630 0.075269 0.669630 0.075269 0.043704
2 0.483871 0.035556 0.483871 0.042222 0.839606 0.042222 0.839606 0.035556
2 0.076165 0.035556 0.076165 0.042222 0.478495 0.042222 0.478495 0.035556
