0 0.547529 0.559687 0.547529 0.575995 0.615019 0.575995 0.615019 0.559687
0 0.399240 0.559687 0.399240 0.575995 0.456274 0.575995 0.456274 0.559687
0 0.894487 0.397913 0.866920 0.397913 0.865970 0.425962 0.589354 0.425962 0.588403 0.423353 0.572243 0.423353 0.572243 0.433790 0.872624 0.434442 0.872624 0.559035 0.789924 0.559687 0.789924 0.575995 0.871673 0.576647 0.871673 0.710372 0.699620 0.711024 0.698669 0.696021 0.675856 0.696021 0.674905 0.711024 0.653042 0.711024 0.653042 0.726680 0.674905 0.726680 0.675856 0.741683 0.698669 0.741683 0.699620 0.726680 0.870722 0.726680 0.871673 0.741683 0.894487 0.741683 0.895437 0.726680 0.920152 0.726680 0.920152 0.711024 0.894487 0.710372 0.894487 0.576647 0.920152 0.575995 0.920152 0.560339 0.894487 0.559687
0 0.894487 0.268102 0.872624 0.268102 0.871673 0.310502 0.589354 0.310502 0.588403 0.270711 0.572243 0.270711 0.572243 0.366601 0.588403 0.366601 0.589354 0.320287 0.865970 0.320287 0.866920 0.354207 0.894487 0.354207
0 0.100760 0.258969 0.100760 0.559687 0.079848 0.560339 0.079848 0.575995 0.100760 0.576647 0.100760 0.710372 0.079848 0.711024 0.079848 0.726680 0.100760 0.727332 0.100760 0.741683 0.123574 0.741683 0.124525 0.726680 0.306084 0.726680 0.307034 0.741683 0.329848 0.741683 0.329848 0.727332 0.350760 0.726680 0.350760 0.711024 0.329848 0.710372 0.329848 0.695369 0.307034 0.695369 0.306084 0.711024 0.123574 0.710372 0.123574 0.576647 0.196768 0.575995 0.196768 0.559687 0.123574 0.559035 0.123574 0.258969
0 0.074144 0.078278 0.074144 0.093933 0.100760 0.094586 0.100760 0.151990 0.123574 0.151990 0.124525 0.093281 0.329848 0.093281 0.329848 0.078278 0.124525 0.078278 0.123574 0.061970 0.100760 0.061970 0.099810 0.078278
0 0.399240 0.078278 0.399240 0.093281 0.572243 0.093933 0.572243 0.204175 0.588403 0.204175 0.589354 0.093281 0.871673 0.093281 0.872624 0.221135 0.894487 0.221135 0.894487 0.094586 0.917300 0.093933 0.917300 0.078278 0.894487 0.077626 0.894487 0.060665 0.871673 0.060665 0.870722 0.078278 0.592205 0.078278 0.591255 0.060665 0.568441 0.060665 0.567490 0.078278
1 0.457224 0.559687 0.457224 0.575995 0.546578 0.575995 0.546578 0.559687
1 0.572243 0.367254 0.572243 0.422701 0.588403 0.422701 0.588403 0.367254
1 0.572243 0.204827 0.572243 0.270059 0.588403 0.270059 0.588403 0.204827
2 0.615970 0.559687 0.615970 0.575995 0.788973 0.575995 0.788973 0.559687
2 0.197719 0.559687 0.197719 0.575995 0.398289 0.575995 0.398289 0.559687
2 0.866920 0.354860 0.866920 0.397260 0.894487 0.397260 0.894487 0.354860
2 0.872624 0.221787 0.872624 0.267449 0.894487 0.267449 0.894487 0.221787
2 0.100760 0.152642 0.100760 0.258317 0.123574 0.258317 0.123574 0.152642
2 0.330798 0.078278 0.330798 0.093281 0.398289 0.093281 0.398289 0.078278
