0 0.265018 0.859813 0.265018 0.883178 0.983746 0.883178 0.983746 0.825935 0.830389 0.825935 0.829682 0.809579 0.796466 0.809579 0.795760 0.859813 0.392226 0.859813 0.391519 0.779206 0.383746 0.779206 0.383039 0.859813
0 0.796466 0.577103 0.796466 0.641355 0.829682 0.641355 0.829682 0.577103
0 0.829682 0.324766 0.796466 0.324766 0.795760 0.417056 0.607067 0.417056 0.607067 0.427570 0.795760 0.427570 0.796466 0.464953 0.829682 0.464953
0 0.884806 0.022196 0.885512 0.046729 0.948410 0.046729 0.949117 0.092290 0.977385 0.092290 0.977385 0.022196
0 0.605654 0.022196 0.605654 0.072430 0.795760 0.072430 0.796466 0.179907 0.829682 0.179907 0.829682 0.022196
0 0.426148 0.022196 0.426148 0.072430 0.490459 0.073598 0.490459 0.339953 0.535689 0.341121 0.534982 0.417056 0.460777 0.417056 0.460777 0.427570 0.549823 0.427570 0.549823 0.417056 0.542756 0.415888 0.542756 0.328271 0.498233 0.327103 0.498233 0.073598 0.559717 0.072430 0.559717 0.022196
0 0.315901 0.022196 0.315901 0.089953 0.335689 0.091121 0.335689 0.247664 0.334276 0.248832 0.334276 0.273364 0.339223 0.274533 0.339223 0.477804 0.383039 0.478972 0.383039 0.615654 0.339929 0.616822 0.339929 0.630841 0.391519 0.630841 0.391519 0.417056 0.347703 0.415888 0.347703 0.073598 0.378799 0.072430 0.378799 0.022196
0 0.242403 0.022196 0.209187 0.022196 0.209187 0.606308 0.032509 0.607477 0.032509 0.883178 0.199293 0.883178 0.199293 0.859813 0.190813 0.858645 0.190813 0.783879 0.183746 0.783879 0.183039 0.859813 0.046643 0.858645 0.047350 0.630841 0.183039 0.630841 0.183746 0.688084 0.190813 0.688084 0.191519 0.630841 0.281979 0.630841 0.281979 0.616822 0.223322 0.615654 0.223322 0.274533 0.276325 0.273364 0.276325 0.248832 0.228975 0.247664 0.228975 0.091121 0.242403 0.089953
1 0.200000 0.859813 0.200000 0.883178 0.264311 0.883178 0.264311 0.859813
1 0.183746 0.689252 0.183746 0.782710 0.190813 0.782710 0.190813 0.689252
1 0.282686 0.616822 0.282686 0.630841 0.339223 0.630841 0.339223 0.616822
1 0.796466 0.466121 0.796466 0.575935 0.829682 0.575935 0.829682 0.466121
1 0.550530 0.417056 0.550530 0.427570 0.606360 0.427570 0.606360 0.417056
1 0.277032 0.248832 0.277032 0.273364 0.333569 0.273364 0.333569 0.248832
2 0.796466 0.642523 0.796466 0.808411 0.829682 0.808411 0.829682 0.642523
2 0.796466 0.181075 0.796466 0.323598 0.829682 0.323598 0.829682 0.181075
2 0.954064 0.094626 0.954064 0.824766 0.963958 0.824766 0.963958 0.094626
2 0.830389 0.022196 0.830389 0.038551 0.884099 0.038551 0.884099 0.022196
2 0.560424 0.022196 0.560424 0.072430 0.604947 0.072430 0.604947 0.022196
2 0.379505 0.022196 0.379505 0.072430 0.425442 0.072430 0.425442 0.022196
2 0.243110 0.022196 0.243110 0.089953 0.315194 0.089953 0.315194 0.022196
