0 0.460897 0.817234 0.449426 0.817234 0.449426 0.971460 0.343066 0.972009 0.343066 0.985730 0.475495 0.985730 0.475495 0.918222 0.481752 0.917673 0.481752 0.903952 0.460897 0.903403 0.460897 0.845225 0.480709 0.844676 0.480709 0.837541 0.460897 0.836992
0 0.584984 0.790889 0.584984 0.836992 0.566215 0.837541 0.566215 0.844676 0.584984 0.845225 0.584984 0.903403 0.568300 0.903952 0.568300 0.917673 0.636079 0.917673 0.636079 0.903952 0.597497 0.903403 0.597497 0.790889
0 0.584984 0.624588 0.584984 0.747530 0.597497 0.747530 0.597497 0.743139 0.603754 0.742591 0.603754 0.736553 0.597497 0.736004 0.597497 0.624588
0 0.453597 0.445664 0.427529 0.445664 0.426486 0.444566 0.425443 0.512075 0.312826 0.512075 0.313869 0.623491 0.310740 0.624040 0.310740 0.632821 0.319082 0.632821 0.320125 0.635016 0.330553 0.635016 0.331595 0.632821 0.377477 0.632821 0.377477 0.625686 0.330553 0.625137 0.331595 0.531284 0.442127 0.531833 0.442127 0.625137 0.437956 0.625686 0.437956 0.632821 0.453597 0.632821
0 0.811262 0.377058 0.811262 0.398463 0.884254 0.399012 0.884254 0.704171 0.690302 0.704720 0.690302 0.736004 0.685089 0.736553 0.685089 0.742591 0.701773 0.742591 0.702815 0.710757 0.820647 0.710757 0.821689 0.742591 0.884254 0.743139 0.884254 0.903403 0.789364 0.903952 0.789364 0.917673 0.876955 0.918222 0.876955 0.985730 0.907195 0.985730 0.907195 0.377058
0 0.417101 0.377058 0.417101 0.386937 0.427529 0.387486 0.427529 0.401207 0.453597 0.401756 0.454640 0.398463 0.525547 0.398463 0.525547 0.377058
0 0.111575 0.042261 0.111575 0.156422 0.122002 0.156970 0.122002 0.376509 0.116788 0.377058 0.116788 0.985730 0.226277 0.985730 0.226277 0.972009 0.138686 0.971460 0.138686 0.772228 0.448384 0.771679 0.449426 0.774424 0.460897 0.774424 0.460897 0.765642 0.330553 0.765093 0.330553 0.671240 0.320125 0.671240 0.319082 0.765642 0.138686 0.765093 0.138686 0.632821 0.251303 0.632821 0.251303 0.624040 0.151199 0.622942 0.151199 0.534029 0.246090 0.533480 0.246090 0.512075 0.144943 0.511526 0.144943 0.391877 0.155370 0.391328 0.155370 0.377058 0.140772 0.376509 0.140772 0.156970 0.313869 0.156422 0.313869 0.150384 0.122002 0.150384 0.122002 0.048299 0.302398 0.047750 0.303441 0.103732 0.313869 0.103732 0.313869 0.042261
1 0.482795 0.903952 0.482795 0.917673 0.567258 0.917673 0.567258 0.903952
1 0.481752 0.837541 0.481752 0.844676 0.565172 0.844676 0.565172 0.837541
1 0.449426 0.774973 0.449426 0.816685 0.460897 0.816685 0.460897 0.774973
1 0.584984 0.748079 0.584984 0.790340 0.597497 0.790340 0.597497 0.748079
1 0.604797 0.736553 0.604797 0.742591 0.684046 0.742591 0.684046 0.736553
1 0.320125 0.635565 0.320125 0.670692 0.330553 0.670692 0.330553 0.635565
1 0.378519 0.625686 0.378519 0.632821 0.436913 0.632821 0.436913 0.625686
1 0.252346 0.624040 0.252346 0.632821 0.309698 0.632821 0.309698 0.624040
1 0.427529 0.401756 0.427529 0.445115 0.453597 0.445115 0.453597 0.402305
1 0.303441 0.104281 0.303441 0.149835 0.313869 0.149835 0.313869 0.104281
2 0.227320 0.972009 0.227320 0.985730 0.342023 0.985730 0.342023 0.972009
2 0.637122 0.903952 0.637122 0.917673 0.788321 0.917673 0.788321 0.903952
2 0.247132 0.512075 0.247132 0.533480 0.311783 0.533480 0.311783 0.512075
2 0.526590 0.377058 0.526590 0.398463 0.810219 0.398463 0.810219 0.377058
