0 0.099802 0.790980 0.099802 0.885516 0.454726 0.885516 0.454726 0.865568 0.452743 0.864701 0.452743 0.802255 0.440846 0.802255 0.440185 0.865568 0.118969 0.865568 0.118308 0.790980
0 0.510905 0.865568 0.510905 0.885516 0.929280 0.885516 0.929280 0.767563 0.910773 0.767563 0.910112 0.865568 0.630535 0.865568 0.629874 0.675629 0.619299 0.675629 0.619299 0.864701
0 0.287508 0.568951 0.287508 0.585429 0.440185 0.585429 0.440846 0.745880 0.452743 0.745880 0.453404 0.741544 0.538665 0.741544 0.538665 0.719861 0.528751 0.719861 0.528090 0.729402 0.452743 0.728534 0.452743 0.646141 0.468605 0.645273 0.468605 0.582827 0.528090 0.581960 0.528751 0.663487 0.538665 0.663487 0.538665 0.568951
0 0.929280 0.529055 0.910773 0.529055 0.910112 0.589766 0.630535 0.589766 0.629874 0.538595 0.619299 0.538595 0.619299 0.607112 0.629874 0.607112 0.630535 0.602775 0.910112 0.602775 0.910773 0.620989 0.929280 0.620989
0 0.565763 0.227233 0.565763 0.256722 0.639788 0.257589 0.639788 0.379011 0.650364 0.379879 0.650364 0.450130 0.592201 0.450997 0.592201 0.465742 0.618638 0.465742 0.619299 0.468343 0.629874 0.468343 0.630535 0.465742 0.664904 0.465742 0.665565 0.256722 0.910112 0.256722 0.910773 0.383348 0.929280 0.383348 0.929280 0.227233
0 0.311302 0.227233 0.311302 0.256722 0.316590 0.256722 0.316590 0.227233
0 0.432254 0.035559 0.142102 0.036427 0.142102 0.226366 0.100463 0.227233 0.099802 0.710321 0.099802 0.632264 0.118308 0.631396 0.118969 0.257589 0.191011 0.256722 0.191011 0.227233 0.153999 0.226366 0.154660 0.049436 0.417713 0.048569 0.418374 0.226366 0.374091 0.227233 0.374091 0.256722 0.493060 0.256722 0.493721 0.465742 0.541309 0.465742 0.541309 0.450997 0.504957 0.450130 0.504957 0.257589 0.522802 0.256722 0.522802 0.227233 0.432254 0.226366
1 0.455387 0.865568 0.455387 0.885516 0.510245 0.885516 0.510245 0.865568
1 0.440846 0.746748 0.440846 0.801388 0.452743 0.801388 0.452743 0.746748
1 0.528751 0.664354 0.528751 0.718994 0.538665 0.718994 0.538665 0.664354
1 0.619299 0.607979 0.619299 0.674761 0.629874 0.674761 0.629874 0.607979
1 0.619299 0.469211 0.619299 0.537728 0.629874 0.537728 0.629874 0.469211
1 0.541970 0.450997 0.541970 0.465742 0.591540 0.465742 0.591540 0.450997
1 0.317250 0.227233 0.317250 0.256722 0.373430 0.256722 0.373430 0.227233
2 0.100463 0.632264 0.099802 0.790113 0.118308 0.790113 0.118969 0.632264
2 0.910773 0.621856 0.910773 0.766696 0.929280 0.766696 0.929280 0.621856
2 0.910773 0.384215 0.910773 0.528187 0.929280 0.528187 0.929280 0.384215
2 0.523463 0.227233 0.523463 0.256722 0.565102 0.256722 0.565102 0.227233
2 0.191672 0.227233 0.191672 0.256722 0.310641 0.256722 0.310641 0.227233
