0 0.628285 0.701435 0.628285 0.821053 0.555695 0.822010 0.555695 0.831579 0.628285 0.832536 0.628285 0.895694 0.553191 0.896651 0.553191 0.907177 0.627034 0.907177 0.628285 0.947368 0.702128 0.947368 0.702128 0.937799 0.639549 0.936842 0.640801 0.701435
0 0.451815 0.698565 0.439299 0.698565 0.439299 0.935885 0.370463 0.936842 0.370463 0.949282 0.451815 0.949282 0.451815 0.908134 0.478098 0.907177 0.478098 0.896651 0.451815 0.895694 0.451815 0.832536 0.483104 0.831579 0.483104 0.822010 0.451815 0.821053
0 0.868586 0.070813 0.868586 0.082297 0.942428 0.083254 0.942428 0.496651 0.628285 0.497608 0.628285 0.539713 0.640801 0.539713 0.642053 0.507177 0.782228 0.508134 0.782228 0.622010 0.642053 0.622967 0.640801 0.596172 0.628285 0.596172 0.628285 0.644019 0.640801 0.644019 0.642053 0.632536 0.806008 0.632536 0.806008 0.622967 0.794743 0.622010 0.794743 0.508134 0.942428 0.508134 0.942428 0.622010 0.877347 0.622967 0.877347 0.632536 0.942428 0.633493 0.942428 0.936842 0.854819 0.937799 0.854819 0.947368 0.957447 0.947368 0.957447 0.070813
0 0.605757 0.070813 0.605757 0.082297 0.703379 0.082297 0.703379 0.070813
0 0.433041 0.070813 0.433041 0.082297 0.530663 0.082297 0.530663 0.070813
0 0.025031 0.070813 0.025031 0.949282 0.236546 0.949282 0.236546 0.936842 0.037547 0.935885 0.037547 0.580861 0.231539 0.579904 0.232791 0.632536 0.438048 0.632536 0.439299 0.643062 0.451815 0.643062 0.451815 0.557895 0.439299 0.557895 0.438048 0.623923 0.246558 0.623923 0.245307 0.557895 0.232791 0.557895 0.231539 0.570335 0.038798 0.570335 0.037547 0.427751 0.231539 0.426794 0.232791 0.503349 0.245307 0.503349 0.246558 0.426794 0.438048 0.426794 0.439299 0.501435 0.451815 0.501435 0.451815 0.417225 0.037547 0.416268 0.037547 0.083254 0.155194 0.082297 0.155194 0.070813
1 0.479349 0.896651 0.479349 0.907177 0.551940 0.907177 0.551940 0.896651
1 0.484355 0.822010 0.484355 0.831579 0.554443 0.831579 0.554443 0.822010
1 0.628285 0.644976 0.628285 0.700478 0.640801 0.700478 0.640801 0.644976
1 0.439299 0.644019 0.439299 0.697608 0.451815 0.697608 0.451815 0.644019
1 0.807259 0.622967 0.807259 0.632536 0.876095 0.632536 0.876095 0.622967
1 0.628285 0.540670 0.628285 0.595215 0.640801 0.595215 0.640801 0.540670
1 0.232791 0.504306 0.232791 0.556938 0.245307 0.556938 0.245307 0.504306
1 0.439299 0.502392 0.439299 0.556938 0.451815 0.556938 0.451815 0.502392
1 0.531915 0.070813 0.531915 0.082297 0.604506 0.082297 0.604506 0.070813
2 0.703379 0.937799 0.703379 0.947368 0.853567 0.947368 0.853567 0.937799
2 0.237797 0.936842 0.237797 0.949282 0.369212 0.949282 0.369212 0.936842
2 0.704631 0.070813 0.704631 0.082297 0.867334 0.082297 0.867334 0.070813
2 0.156446 0.070813 0.156446 0.082297 0.431790 0.082297 0.431790 0.070813
