0 0.533197 0.719259 0.533197 0.728889 0.597549 0.729630 0.596527 0.852593 0.502554 0.853333 0.502554 0.871111 0.624106 0.871111 0.624106 0.840741 0.615935 0.840000 0.615935 0.735556 0.620020 0.734815 0.620020 0.721481 0.545455 0.721481 0.544433 0.719259
0 0.773238 0.237037 0.774259 0.522963 0.544433 0.523704 0.543412 0.475556 0.533197 0.475556 0.533197 0.647407 0.544433 0.647407 0.545455 0.531852 0.774259 0.532593 0.774259 0.720741 0.705822 0.721481 0.705822 0.734815 0.764045 0.735556 0.764045 0.840000 0.758938 0.840741 0.758938 0.871111 0.798774 0.871111 0.798774 0.237037
0 0.471910 0.237037 0.471910 0.260000 0.474974 0.260000 0.474974 0.237037
0 0.577120 0.237037 0.577120 0.260000 0.616956 0.260000 0.616956 0.237037
0 0.188968 0.234815 0.186925 0.871111 0.399387 0.871111 0.399387 0.853333 0.392237 0.852593 0.392237 0.805185 0.381001 0.805185 0.379980 0.853333 0.247191 0.853333 0.246170 0.832593 0.211440 0.831852 0.211440 0.620000 0.394280 0.619259 0.394280 0.615556 0.211440 0.614815 0.211440 0.237037 0.203269 0.237037 0.202247 0.234815
0 0.592441 0.065926 0.593463 0.152593 0.612870 0.152593 0.612870 0.065926
0 0.188968 0.065926 0.188968 0.076296 0.202247 0.076296 0.203269 0.065926
1 0.400409 0.853333 0.400409 0.871111 0.501532 0.871111 0.501532 0.853333
1 0.621042 0.721481 0.621042 0.734815 0.704801 0.734815 0.704801 0.721481
1 0.533197 0.648148 0.533197 0.718519 0.544433 0.718519 0.544433 0.648148
1 0.475996 0.237037 0.475996 0.260000 0.576098 0.260000 0.576098 0.237037
2 0.625128 0.840741 0.625128 0.871111 0.757916 0.871111 0.757916 0.840741
2 0.617978 0.237037 0.617978 0.260000 0.772217 0.260000 0.772217 0.237037
2 0.212462 0.237037 0.213483 0.260000 0.470889 0.260000 0.470889 0.237037
2 0.593463 0.153333 0.593463 0.235556 0.612870 0.235556 0.612870 0.153333
2 0.188968 0.077037 0.188968 0.234074 0.202247 0.234074 0.202247 0.077037
2 0.204290 0.065926 0.204290 0.075556 0.591420 0.075556 0.591420 0.065926
