0 0.419214 0.879555 0.373362 0.878543 0.373362 0.728745 0.365357 0.728745 0.364629 0.879555 0.080058 0.879555 0.080058 0.901822 0.419214 0.901822
0 0.080058 0.581984 0.080058 0.696356 0.096070 0.696356 0.096798 0.650810 0.364629 0.650810 0.365357 0.659919 0.373362 0.659919 0.373362 0.639676 0.096798 0.639676 0.096070 0.581984
0 0.080058 0.329960 0.080058 0.461538 0.096070 0.461538 0.096798 0.407895 0.264192 0.407895 0.264192 0.396761 0.096798 0.396761 0.096070 0.329960
0 0.910480 0.121457 0.617904 0.121457 0.617904 0.144737 0.842067 0.144737 0.842795 0.142713 0.902475 0.142713 0.903202 0.462551 0.842795 0.463563 0.842067 0.452429 0.825328 0.452429 0.824600 0.462551 0.462154 0.462551 0.462154 0.474696 0.498544 0.475709 0.498544 0.878543 0.473071 0.879555 0.473071 0.901822 0.514556 0.901822 0.515284 0.484818 0.910480 0.484818
0 0.499272 0.121457 0.438137 0.121457 0.438137 0.144737 0.460699 0.145749 0.459971 0.317814 0.468705 0.317814 0.468705 0.145749 0.499272 0.144737
0 0.080058 0.121457 0.080058 0.144737 0.362445 0.144737 0.363173 0.395749 0.312955 0.396761 0.312955 0.407895 0.371179 0.407895 0.371179 0.318826 0.424309 0.317814 0.424309 0.306680 0.371179 0.305668 0.371179 0.145749 0.398836 0.144737 0.398836 0.121457
1 0.419942 0.879555 0.419942 0.901822 0.472344 0.901822 0.472344 0.879555
1 0.365357 0.660931 0.365357 0.727733 0.373362 0.727733 0.373362 0.660931
1 0.264920 0.396761 0.264920 0.407895 0.312227 0.407895 0.312227 0.396761
1 0.825328 0.384615 0.825328 0.451417 0.842067 0.451417 0.842067 0.384615
1 0.425036 0.306680 0.425036 0.317814 0.459243 0.317814 0.459243 0.306680
2 0.080058 0.697368 0.080058 0.878543 0.096070 0.878543 0.096070 0.697368
2 0.080058 0.462551 0.080058 0.580972 0.096070 0.580972 0.096070 0.462551
2 0.825328 0.145749 0.825328 0.381579 0.842067 0.381579 0.842067 0.145749
2 0.080058 0.145749 0.080058 0.328947 0.096070 0.328947 0.096070 0.145749
2 0.500000 0.121457 0.500000 0.144737 0.617176 0.144737 0.617176 0.121457
2 0.399563 0.121457 0.399563 0.144737 0.437409 0.144737 0.437409 0.121457
