0 0.395866 0.826807 0.395866 0.853916 0.364070 0.855422 0.364070 0.873494 0.394277 0.873494 0.395866 0.897590 0.414944 0.897590 0.414944 0.875000 0.443561 0.873494 0.443561 0.855422 0.416534 0.855422 0.414944 0.826807
0 0.629571 0.626506 0.629571 0.644578 0.634340 0.644578 0.634340 0.626506
0 0.062003 0.590361 0.062003 0.625000 0.030207 0.626506 0.030207 0.644578 0.062003 0.646084 0.062003 0.853916 0.030207 0.855422 0.030207 0.873494 0.060413 0.873494 0.062003 0.899096 0.081081 0.899096 0.082671 0.873494 0.111288 0.873494 0.111288 0.855422 0.081081 0.853916 0.081081 0.646084 0.166932 0.644578 0.166932 0.626506 0.082671 0.626506 0.081081 0.590361
0 0.499205 0.468373 0.499205 0.530120 0.507154 0.530120 0.507154 0.468373
0 0.062003 0.328313 0.062003 0.399096 0.033386 0.400602 0.033386 0.418675 0.060413 0.418675 0.062003 0.454819 0.081081 0.454819 0.081081 0.420181 0.114467 0.418675 0.114467 0.400602 0.081081 0.399096 0.081081 0.328313
0 0.025437 0.090361 0.025437 0.108434 0.062003 0.109940 0.062003 0.192771 0.081081 0.192771 0.082671 0.108434 0.391097 0.109940 0.391097 0.256024 0.314785 0.257530 0.314785 0.399096 0.235294 0.400602 0.235294 0.418675 0.391097 0.420181 0.391097 0.625000 0.295707 0.626506 0.295707 0.644578 0.389507 0.644578 0.391097 0.673193 0.410175 0.673193 0.411765 0.644578 0.502385 0.644578 0.502385 0.626506 0.410175 0.625000 0.410175 0.109940 0.588235 0.108434 0.588235 0.090361 0.411765 0.090361 0.410175 0.066265 0.391097 0.066265 0.389507 0.090361 0.082671 0.090361 0.081081 0.066265 0.062003 0.066265 0.060413 0.090361
0 0.910970 0.063253 0.909380 0.090361 0.740859 0.090361 0.740859 0.108434 0.910970 0.109940 0.910970 0.625000 0.829889 0.626506 0.829889 0.644578 0.910970 0.646084 0.910970 0.850904 0.883943 0.852410 0.883943 0.870482 0.909380 0.870482 0.910970 0.897590 0.930048 0.897590 0.931638 0.870482 0.965024 0.870482 0.965024 0.852410 0.930048 0.850904 0.930048 0.646084 0.968203 0.644578 0.968203 0.626506 0.930048 0.625000 0.930048 0.109940 0.963434 0.108434 0.963434 0.090361 0.931638 0.090361 0.930048 0.063253
1 0.503975 0.626506 0.503975 0.644578 0.627981 0.644578 0.627981 0.626506
1 0.168521 0.626506 0.168521 0.644578 0.294118 0.644578 0.294118 0.626506
1 0.116057 0.400602 0.116057 0.418675 0.233704 0.418675 0.233704 0.400602
2 0.635930 0.626506 0.635930 0.644578 0.828299 0.644578 0.828299 0.626506
2 0.062003 0.456325 0.062003 0.588855 0.081081 0.588855 0.081081 0.456325
2 0.062003 0.194277 0.062003 0.326807 0.081081 0.326807 0.081081 0.194277
2 0.589825 0.090361 0.589825 0.108434 0.739269 0.108434 0.739269 0.090361
