0 0.046863 0.706199 0.046863 0.712938 0.074830 0.712264 0.074830 0.706199
0 0.481481 0.681267 0.393046 0.681267 0.392290 0.706199 0.130008 0.706199 0.130008 0.712264 0.393046 0.712938 0.392290 0.976415 0.073318 0.976415 0.072562 0.911725 0.046863 0.911725 0.046863 0.987197 0.405140 0.987197 0.405140 0.692722 0.481481 0.692049
0 0.046863 0.526954 0.046863 0.580189 0.072562 0.580189 0.073318 0.538410 0.207105 0.538410 0.207861 0.578841 0.253968 0.578841 0.253968 0.528302 0.073318 0.528302 0.072562 0.526954
0 0.957672 0.529650 0.704460 0.530323 0.703704 0.392857 0.698413 0.392857 0.697657 0.508760 0.553288 0.508760 0.553288 0.540431 0.600151 0.541105 0.600151 0.680593 0.550265 0.681267 0.550265 0.692049 0.611489 0.692049 0.612245 0.540431 0.957672 0.540431
0 0.957672 0.386792 0.957672 0.330863 0.695389 0.331536 0.695389 0.336927 0.698413 0.337601 0.698413 0.344340 0.703704 0.344340 0.704460 0.340970 0.929705 0.340970 0.930461 0.386792
0 0.345427 0.329515 0.345427 0.602426 0.391534 0.602426 0.391534 0.598383 0.358277 0.597709 0.359033 0.538410 0.467120 0.538410 0.467876 0.597709 0.436130 0.598383 0.436130 0.602426 0.478458 0.602426 0.478458 0.505391 0.473167 0.505391 0.472411 0.507412 0.358277 0.506739 0.358277 0.340970 0.473167 0.340970 0.473167 0.458221 0.478458 0.458221 0.478458 0.329515
0 0.160998 0.252695 0.160998 0.256739 0.174603 0.256739 0.174603 0.252695
0 0.597884 0.336927 0.632653 0.336927 0.632653 0.331536 0.606954 0.330863 0.607710 0.074798 0.957672 0.075472 0.957672 0.050539 0.582766 0.050539 0.582766 0.074798 0.597884 0.075472
0 0.046863 0.381402 0.072562 0.381402 0.073318 0.338275 0.197279 0.338275 0.197279 0.328841 0.174603 0.328167 0.174603 0.312668 0.160998 0.312668 0.160242 0.315364 0.054422 0.314690 0.055178 0.074798 0.444444 0.074798 0.444444 0.050539 0.046863 0.050539
1 0.075586 0.706199 0.075586 0.712264 0.129252 0.712264 0.129252 0.706199
1 0.482237 0.681267 0.482237 0.692049 0.549509 0.692049 0.549509 0.681267
1 0.392290 0.598383 0.392290 0.602426 0.435374 0.602426 0.435374 0.598383
1 0.473167 0.458895 0.473167 0.504717 0.478458 0.504717 0.478458 0.458895
1 0.698413 0.345013 0.698413 0.392183 0.703704 0.392183 0.703704 0.345013
1 0.633409 0.331536 0.633409 0.336927 0.694633 0.336927 0.694633 0.331536
1 0.160998 0.257412 0.160998 0.311995 0.174603 0.311995 0.174603 0.257412
2 0.046863 0.713612 0.046863 0.911051 0.072562 0.911051 0.072562 0.713612
2 0.046863 0.580863 0.046863 0.705526 0.072562 0.705526 0.072562 0.580863
2 0.930461 0.387466 0.930461 0.528976 0.957672 0.528976 0.957672 0.387466
2 0.046863 0.382075 0.046863 0.526280 0.072562 0.526280 0.072562 0.382075
2 0.930461 0.076146 0.930461 0.330189 0.957672 0.330189 0.957672 0.076146
2 0.160998 0.075472 0.160998 0.252022 0.174603 0.252022 0.174603 0.075472
2 0.445200 0.050539 0.445200 0.074798 0.582011 0.074798 0.582011 0.050539
