0 0.653000 0.404215 0.653000 0.518199 0.685000 0.518199 0.685000 0.404215
0 0.468000 0.147510 0.468000 0.297893 0.441000 0.298851 0.441000 0.331418 0.509000 0.331418 0.510000 0.172414 0.943000 0.173372 0.943000 0.601533 0.882000 0.602490 0.882000 0.631226 0.943000 0.632184 0.942000 0.931034 0.959000 0.931034 0.959000 0.147510
0 0.485000 0.083333 0.485000 0.092912 0.495000 0.092912 0.495000 0.083333
0 0.057000 0.083333 0.057000 0.931034 0.845000 0.931034 0.845000 0.912835 0.752000 0.911877 0.752000 0.822797 0.744000 0.822797 0.743000 0.912835 0.453000 0.911877 0.453000 0.788314 0.552000 0.787356 0.558000 0.774904 0.544000 0.768199 0.541000 0.770115 0.461000 0.769157 0.461000 0.637931 0.580000 0.636973 0.581000 0.695402 0.597000 0.703065 0.599000 0.699234 0.600000 0.631226 0.743000 0.631226 0.744000 0.729885 0.752000 0.729885 0.752000 0.623563 0.442000 0.623563 0.442000 0.634100 0.445000 0.635057 0.444000 0.912835 0.087000 0.911877 0.087000 0.635057 0.345000 0.634100 0.345000 0.623563 0.087000 0.622605 0.087000 0.332375 0.343000 0.331418 0.343000 0.298851 0.069000 0.298851 0.068000 0.083333
1 0.846000 0.912835 0.846000 0.931034 0.941000 0.931034 0.941000 0.912835
1 0.744000 0.730843 0.744000 0.821839 0.752000 0.821839 0.752000 0.730843
1 0.581000 0.696360 0.543000 0.766284 0.559000 0.774904 0.596000 0.704023
1 0.346000 0.623563 0.346000 0.634100 0.441000 0.634100 0.441000 0.623563
1 0.344000 0.298851 0.344000 0.331418 0.440000 0.331418 0.440000 0.298851
2 0.069000 0.083333 0.069000 0.093870 0.483000 0.093870 0.484000 0.147510 0.495000 0.147510 0.495000 0.093870 0.485000 0.093870 0.484000 0.083333
