0 0.551282 0.848655 0.551282 0.915572 0.594551 0.915572 0.594551 0.904941 0.581731 0.904315 0.581731 0.848655
0 0.399038 0.659162 0.399038 0.665416 0.427885 0.666041 0.427885 0.711695 0.402244 0.712320 0.402244 0.731082 0.445513 0.731082 0.445513 0.659787
0 0.746795 0.118199 0.746795 0.136335 0.772436 0.136961 0.772436 0.342714 0.424679 0.343340 0.424679 0.350219 0.770833 0.350219 0.772436 0.438399 0.442308 0.439024 0.440705 0.402752 0.424679 0.402752 0.424679 0.449031 0.509615 0.449656 0.509615 0.516573 0.426282 0.517198 0.426282 0.526579 0.445513 0.526579 0.447115 0.522827 0.549679 0.522827 0.549679 0.514697 0.536859 0.514071 0.538462 0.452158 0.764423 0.452158 0.766026 0.514071 0.629808 0.514697 0.629808 0.522827 0.775641 0.523452 0.775641 0.597874 0.447115 0.598499 0.445513 0.560350 0.426282 0.560350 0.426282 0.604128 0.775641 0.605378 0.775641 0.711695 0.532051 0.712320 0.532051 0.731082 0.788462 0.731707 0.786859 0.783615 0.551282 0.782989 0.551282 0.804878 0.581731 0.804878 0.583333 0.794246 0.786859 0.795497 0.786859 0.904315 0.772436 0.904941 0.772436 0.915572 0.799679 0.915572 0.799679 0.118199
0 0.397436 0.118199 0.397436 0.136335 0.411859 0.136335 0.411859 0.118199
0 0.137821 0.118199 0.137821 0.731082 0.285256 0.731082 0.285256 0.712320 0.185897 0.711695 0.185897 0.666041 0.283654 0.665416 0.283654 0.659162 0.185897 0.658537 0.185897 0.136961 0.270833 0.136335 0.270833 0.118199
1 0.551282 0.805503 0.551282 0.848030 0.581731 0.848030 0.581731 0.805503
1 0.286859 0.712320 0.286859 0.731082 0.400641 0.731082 0.400641 0.712320
1 0.285256 0.659162 0.285256 0.665416 0.397436 0.665416 0.397436 0.659162
1 0.426282 0.604753 0.426282 0.659162 0.445513 0.659162 0.445513 0.604753
1 0.426282 0.527205 0.426282 0.559725 0.445513 0.559725 0.445513 0.527205
1 0.551282 0.514697 0.551282 0.522827 0.628205 0.522827 0.628205 0.514697
1 0.272436 0.118199 0.272436 0.136335 0.395833 0.136335 0.395833 0.118199
2 0.596154 0.904941 0.596154 0.915572 0.770833 0.915572 0.770833 0.904941
2 0.447115 0.712320 0.447115 0.731082 0.530449 0.731082 0.530449 0.712320
2 0.413462 0.118199 0.413462 0.136335 0.745192 0.136335 0.745192 0.118199
