0 0.492802 0.594954 0.492802 0.671979 0.512735 0.671979 0.512735 0.594954
0 0.630122 0.258964 0.630122 0.297477 0.634551 0.297477 0.634551 0.258964
0 0.166113 0.258964 0.166113 0.297477 0.262458 0.298805 0.262458 0.661355 0.176080 0.662683 0.176080 0.677291 0.341085 0.677291 0.341085 0.662683 0.274640 0.661355 0.274640 0.298805 0.345515 0.297477 0.345515 0.258964
0 0.068660 0.172643 0.068660 0.915007 0.098560 0.915007 0.098560 0.892430 0.087486 0.891102 0.087486 0.678619 0.094131 0.677291 0.094131 0.662683 0.087486 0.661355 0.087486 0.298805 0.119601 0.297477 0.119601 0.258964 0.087486 0.257636 0.087486 0.172643
0 0.492802 0.023904 0.492802 0.257636 0.449612 0.258964 0.449612 0.297477 0.492802 0.298805 0.492802 0.377158 0.512735 0.377158 0.512735 0.298805 0.540421 0.297477 0.540421 0.258964 0.512735 0.257636 0.513843 0.031873 0.935770 0.033201 0.935770 0.171315 0.916944 0.172643 0.916944 0.257636 0.874862 0.258964 0.874862 0.297477 0.916944 0.298805 0.916944 0.891102 0.513843 0.892430 0.512735 0.811421 0.492802 0.811421 0.491694 0.892430 0.200443 0.892430 0.200443 0.915007 0.936877 0.915007 0.936877 0.567065 0.957918 0.565737 0.957918 0.258964 0.935770 0.257636 0.935770 0.173971 0.942414 0.172643 0.942414 0.023904
1 0.099668 0.892430 0.099668 0.915007 0.199336 0.915007 0.199336 0.892430
1 0.095238 0.662683 0.095238 0.677291 0.174972 0.677291 0.174972 0.662683
1 0.541528 0.258964 0.541528 0.297477 0.629014 0.297477 0.629014 0.258964
2 0.635659 0.258964 0.635659 0.297477 0.873754 0.297477 0.873754 0.258964
2 0.346622 0.258964 0.346622 0.297477 0.448505 0.297477 0.448505 0.258964
2 0.120709 0.258964 0.120709 0.297477 0.165006 0.297477 0.165006 0.258964
