0 0.371895 0.673843 0.371895 0.685684 0.435948 0.685684 0.435948 0.673843
0 0.294771 0.672766 0.287582 0.672766 0.286928 0.831001 0.049020 0.831001 0.048366 0.719053 0.028758 0.719053 0.028758 0.863294 0.313725 0.863294 0.313725 0.831001 0.294771 0.829925
0 0.507190 0.500538 0.507190 0.512379 0.655556 0.512379 0.655556 0.500538
0 0.831373 0.475780 0.811765 0.475780 0.811111 0.500538 0.769935 0.500538 0.769935 0.512379 0.811111 0.512379 0.811765 0.523143 0.831373 0.523143
0 0.028758 0.199139 0.028758 0.318622 0.048366 0.318622 0.049020 0.232508 0.286928 0.232508 0.287582 0.581270 0.294771 0.581270 0.295425 0.512379 0.343791 0.512379 0.343791 0.499462 0.298039 0.498385 0.298693 0.232508 0.354902 0.232508 0.355556 0.264801 0.441830 0.265877 0.441830 0.498385 0.399346 0.499462 0.399346 0.512379 0.451634 0.512379 0.451634 0.232508 0.811111 0.232508 0.811765 0.276642 0.831373 0.276642 0.832026 0.231432 0.930719 0.231432 0.930719 0.832078 0.832026 0.832078 0.831373 0.789020 0.811765 0.789020 0.811111 0.831001 0.516993 0.831001 0.516340 0.673843 0.484314 0.673843 0.484314 0.685684 0.509150 0.686760 0.509150 0.798708 0.487582 0.799785 0.486928 0.831001 0.369281 0.831001 0.369281 0.863294 0.938562 0.863294 0.938562 0.199139
1 0.314379 0.831001 0.314379 0.863294 0.368627 0.863294 0.368627 0.831001
1 0.436601 0.673843 0.436601 0.685684 0.483660 0.685684 0.483660 0.673843
1 0.287582 0.582347 0.287582 0.671690 0.294771 0.671690 0.294771 0.582347
1 0.656209 0.500538 0.656209 0.512379 0.769281 0.512379 0.769281 0.500538
1 0.452288 0.500538 0.452288 0.512379 0.506536 0.512379 0.506536 0.500538
1 0.344444 0.499462 0.344444 0.512379 0.398693 0.512379 0.398693 0.499462
2 0.811765 0.524220 0.811765 0.787944 0.831373 0.787944 0.831373 0.524220
2 0.028758 0.319699 0.028758 0.717976 0.048366 0.717976 0.048366 0.319699
2 0.811765 0.277718 0.811765 0.474704 0.831373 0.474704 0.831373 0.277718
