0 0.177043 0.735804 0.177043 0.888225 0.288586 0.888225 0.288586 0.869097 0.197795 0.868500 0.197795 0.735804
0 0.474708 0.668261 0.474708 0.731022 0.579767 0.732218 0.579767 0.868500 0.482490 0.869097 0.481842 0.784818 0.474708 0.784818 0.474708 0.868500 0.398184 0.869097 0.398184 0.888225 0.586900 0.888225 0.586900 0.882845 0.590143 0.882247 0.590143 0.869097 0.586900 0.868500 0.586900 0.732218 0.590143 0.731620 0.590143 0.725045 0.482490 0.725045 0.481842 0.668261
0 0.726978 0.602510 0.719844 0.602510 0.719844 0.724447 0.655642 0.725045 0.655642 0.731620 0.657588 0.732218 0.657588 0.803347 0.664721 0.803347 0.665370 0.731620 0.760700 0.731620 0.761349 0.868500 0.655642 0.869097 0.655642 0.882247 0.658236 0.882845 0.658236 0.888225 0.774968 0.888225 0.774968 0.869097 0.769131 0.868500 0.769131 0.725045 0.726978 0.724447
0 0.177043 0.533772 0.177043 0.637776 0.197795 0.637776 0.198444 0.612074 0.474060 0.612074 0.474708 0.615063 0.481842 0.615063 0.481842 0.603706 0.474708 0.603706 0.474060 0.605499 0.198444 0.605499 0.197795 0.533772
0 0.177043 0.406455 0.177043 0.433951 0.197795 0.433951 0.198444 0.429767 0.474060 0.429767 0.474708 0.551106 0.481842 0.551106 0.481842 0.423192 0.198444 0.423192 0.197795 0.406455
0 0.177043 0.286312 0.177043 0.312014 0.197795 0.312014 0.197795 0.286312
0 0.197795 0.154214 0.188067 0.154214 0.187419 0.156605 0.177043 0.156605 0.177043 0.187687 0.197795 0.187687
0 0.000000 0.037657 0.000000 0.044830 0.176394 0.044830 0.177043 0.089062 0.187419 0.089062 0.188067 0.092050 0.197795 0.092050 0.198444 0.050209 0.588197 0.050209 0.588846 0.248057 0.594682 0.248057 0.594682 0.050807 0.760700 0.050209 0.761349 0.358039 0.767834 0.358039 0.767834 0.295278 0.774968 0.294680 0.774968 0.289301 0.770428 0.288703 0.770428 0.164375 0.775616 0.163778 0.775616 0.159594 0.773671 0.158996 0.773671 0.057980 0.946174 0.057980 0.945525 0.154812 0.823606 0.154812 0.823606 0.158996 0.821012 0.159594 0.821012 0.163778 0.949416 0.164375 0.949416 0.286910 0.829442 0.287507 0.828794 0.289301 0.826848 0.289301 0.826848 0.294680 0.949416 0.295278 0.949416 0.539151 0.768482 0.539749 0.767834 0.411237 0.761349 0.411237 0.760700 0.414226 0.647860 0.414226 0.647860 0.479976 0.649805 0.480574 0.649805 0.482367 0.654994 0.482367 0.655642 0.420801 0.760700 0.420801 0.761349 0.539151 0.655642 0.539749 0.654994 0.537956 0.649805 0.537956 0.649805 0.545726 0.719196 0.545726 0.719844 0.549313 0.726978 0.549313 0.727626 0.545726 0.949416 0.546324 0.949416 0.868500 0.885214 0.869097 0.885214 0.888225 0.952010 0.888822 0.952010 0.999402 0.961089 0.999402 0.961089 0.888822 0.968223 0.888225 0.968223 0.034668 0.177043 0.034668 0.176394 0.037657
1 0.590791 0.869097 0.590791 0.882247 0.654994 0.882247 0.654994 0.869097
1 0.474708 0.731620 0.474708 0.784220 0.481842 0.784220 0.481842 0.731620
1 0.590791 0.725045 0.590791 0.731620 0.654994 0.731620 0.654994 0.725045
1 0.474708 0.615660 0.474708 0.667663 0.481842 0.667663 0.481842 0.615660
1 0.474708 0.551704 0.474708 0.603108 0.481842 0.603108 0.481842 0.551704
1 0.719844 0.549910 0.719844 0.601913 0.726978 0.601913 0.726978 0.549910
1 0.649805 0.482965 0.649805 0.537358 0.654994 0.537358 0.654994 0.482965
1 0.761349 0.358637 0.761349 0.410640 0.767834 0.410640 0.767834 0.358637
1 0.775616 0.289301 0.775616 0.294680 0.826200 0.294680 0.826200 0.289301
1 0.776265 0.159594 0.776265 0.163778 0.820363 0.163778 0.820363 0.159594
1 0.188067 0.092648 0.188067 0.153616 0.197795 0.153616 0.197795 0.092648
2 0.775616 0.869097 0.775616 0.888225 0.884565 0.888225 0.884565 0.869097
2 0.289235 0.869097 0.289235 0.888225 0.397536 0.888225 0.397536 0.869097
2 0.177043 0.638374 0.177043 0.735206 0.197795 0.735206 0.197795 0.638374
2 0.177043 0.434549 0.177043 0.533174 0.197795 0.533174 0.197795 0.434549
2 0.177043 0.312612 0.177043 0.405858 0.197795 0.405858 0.197795 0.312612
2 0.177043 0.188285 0.177043 0.285714 0.197795 0.285714 0.197795 0.188285
