0 0.504310 0.876535 0.504310 0.886767 0.659483 0.886767 0.659483 0.876535
0 0.300108 0.763984 0.300108 0.785812 0.455819 0.785812 0.455819 0.763984 0.363147 0.763984 0.362608 0.756480 0.354526 0.756480 0.353987 0.763984
0 0.133621 0.698499 0.133621 0.785812 0.216595 0.785812 0.216595 0.763984 0.151401 0.763984 0.150862 0.698499
0 0.133621 0.579127 0.133621 0.650068 0.150862 0.650068 0.151401 0.639836 0.215517 0.639836 0.215517 0.628240 0.160560 0.628240 0.160022 0.579127
0 0.632004 0.557299 0.624461 0.557299 0.624461 0.671214 0.644397 0.671896 0.644397 0.763302 0.538793 0.763984 0.538793 0.785812 0.699353 0.785812 0.699353 0.763984 0.651940 0.763302 0.651940 0.671896 0.697737 0.671214 0.697737 0.661664 0.632004 0.660982
0 0.802802 0.530696 0.788793 0.530696 0.788793 0.660982 0.742457 0.661664 0.742457 0.671214 0.788793 0.671896 0.788793 0.763302 0.744612 0.763984 0.744612 0.785812 0.831358 0.785812 0.831358 0.763984 0.797953 0.763302 0.797953 0.542292 0.802802 0.541610
0 0.966056 0.517735 0.948815 0.517735 0.948276 0.530696 0.852909 0.530696 0.852371 0.523874 0.843750 0.523874 0.843750 0.530014 0.838901 0.530696 0.838901 0.541610 0.948815 0.542292 0.948815 0.763302 0.908944 0.763984 0.908944 0.785812 0.966056 0.785812
0 0.354526 0.415416 0.353987 0.458390 0.251616 0.458390 0.251616 0.470668 0.255388 0.470668 0.255927 0.476126 0.265086 0.476126 0.265625 0.470668 0.354526 0.471351 0.353987 0.588677 0.265625 0.588677 0.265086 0.519100 0.255927 0.519100 0.255927 0.627558 0.253772 0.628240 0.253772 0.639836 0.265086 0.639836 0.265625 0.598909 0.353987 0.598909 0.354526 0.704638 0.362608 0.704638 0.362608 0.515007 0.449892 0.514325 0.449892 0.503411 0.389009 0.503411 0.388470 0.439973 0.363147 0.439973 0.362608 0.415416
0 0.966056 0.193724 0.910022 0.193724 0.910022 0.215553 0.948815 0.216235 0.948815 0.442019 0.838901 0.442701 0.838901 0.450887 0.843750 0.451569 0.843750 0.480900 0.852371 0.480900 0.852909 0.450887 0.948276 0.450887 0.948815 0.479536 0.966056 0.479536
0 0.746228 0.193724 0.746228 0.215553 0.785560 0.216235 0.785560 0.442019 0.782866 0.442701 0.782866 0.450887 0.795797 0.450887 0.795797 0.442701 0.793103 0.442019 0.793103 0.216235 0.828125 0.215553 0.828125 0.193724
0 0.560345 0.193724 0.560345 0.215553 0.624461 0.216235 0.624461 0.450887 0.739763 0.450887 0.739763 0.442701 0.632004 0.442019 0.632004 0.216235 0.662716 0.215553 0.662716 0.193724
0 0.296336 0.193724 0.296336 0.215553 0.354526 0.216235 0.354526 0.359482 0.362608 0.359482 0.362608 0.216235 0.418642 0.215553 0.418642 0.193724
0 0.212284 0.193724 0.133621 0.193724 0.133621 0.536153 0.160022 0.536153 0.160560 0.470668 0.211746 0.470668 0.211746 0.458390 0.150862 0.457708 0.150862 0.216235 0.212284 0.215553
1 0.699892 0.763984 0.699892 0.785812 0.744073 0.785812 0.744073 0.763984
1 0.354526 0.705321 0.354526 0.755798 0.362608 0.755798 0.362608 0.705321
1 0.698276 0.661664 0.698276 0.671214 0.741918 0.671214 0.741918 0.661664
1 0.133621 0.650750 0.133621 0.697817 0.150862 0.697817 0.150862 0.650750
1 0.216056 0.628240 0.216056 0.639836 0.253233 0.639836 0.253233 0.628240
1 0.803341 0.530696 0.803341 0.541610 0.838362 0.541610 0.838362 0.530696
1 0.843750 0.481583 0.843750 0.523192 0.852371 0.523192 0.852371 0.481583
1 0.255927 0.476808 0.255927 0.518417 0.265086 0.518417 0.265086 0.476808
1 0.212284 0.458390 0.212284 0.470668 0.251078 0.470668 0.251078 0.458390
1 0.796336 0.442701 0.796336 0.450887 0.838362 0.450887 0.838362 0.442701
1 0.740302 0.442701 0.740302 0.450887 0.782328 0.450887 0.782328 0.442701
1 0.354526 0.360164 0.354526 0.414734 0.362608 0.414734 0.362608 0.360164
2 0.831897 0.763984 0.831897 0.785812 0.908405 0.785812 0.908405 0.763984
2 0.456358 0.763984 0.456358 0.785812 0.538254 0.785812 0.538254 0.763984
2 0.217134 0.763984 0.217134 0.785812 0.299569 0.785812 0.299569 0.763984
2 0.133621 0.536835 0.133621 0.578445 0.160022 0.578445 0.160022 0.536835
2 0.948815 0.480218 0.948815 0.517053 0.966056 0.517053 0.966056 0.480218
2 0.828664 0.193724 0.828664 0.215553 0.909483 0.215553 0.909483 0.193724
2 0.663254 0.193724 0.663254 0.215553 0.745690 0.215553 0.745690 0.193724
2 0.419181 0.193724 0.419181 0.215553 0.559806 0.215553 0.559806 0.193724
2 0.212823 0.193724 0.212823 0.215553 0.295797 0.215553 0.295797 0.193724
