0 0.625000 0.878788 0.553947 0.877743 0.553947 0.745037 0.535526 0.745037 0.534211 0.878788 0.090789 0.878788 0.089474 0.816092 0.046053 0.816092 0.046053 0.897597 0.625000 0.897597
0 0.019737 0.401254 0.019737 0.502612 0.046053 0.503657 0.046053 0.614420 0.089474 0.614420 0.090789 0.602926 0.534211 0.602926 0.535526 0.671891 0.553947 0.671891 0.553947 0.592476 0.090789 0.592476 0.089474 0.489028 0.046053 0.489028 0.044737 0.492163 0.032895 0.491118 0.032895 0.412748 0.089474 0.413793 0.089474 0.404389 0.047368 0.404389 0.046053 0.401254
0 0.969737 0.020899 0.892105 0.020899 0.892105 0.056426 0.950000 0.057471 0.950000 0.480669 0.742105 0.481714 0.742105 0.491118 0.746053 0.492163 0.746053 0.540230 0.759211 0.540230 0.760526 0.491118 0.950000 0.492163 0.948684 0.654127 0.760526 0.654127 0.759211 0.599791 0.746053 0.599791 0.746053 0.738767 0.759211 0.738767 0.760526 0.664577 0.950000 0.665622 0.950000 0.877743 0.760526 0.878788 0.759211 0.802508 0.746053 0.802508 0.746053 0.877743 0.734211 0.878788 0.734211 0.897597 0.969737 0.897597
0 0.046053 0.020899 0.046053 0.206897 0.089474 0.206897 0.090789 0.056426 0.539474 0.057471 0.539474 0.491118 0.632895 0.491118 0.632895 0.481714 0.559211 0.480669 0.559211 0.057471 0.635526 0.056426 0.635526 0.020899
1 0.626316 0.878788 0.626316 0.897597 0.732895 0.897597 0.732895 0.878788
1 0.746053 0.739812 0.746053 0.801463 0.759211 0.801463 0.759211 0.739812
1 0.535526 0.672936 0.535526 0.743992 0.553947 0.743992 0.553947 0.672936
1 0.746053 0.541275 0.746053 0.598746 0.759211 0.598746 0.759211 0.541275
1 0.634211 0.481714 0.634211 0.491118 0.740789 0.491118 0.740789 0.481714
1 0.046053 0.414838 0.046053 0.487983 0.089474 0.487983 0.089474 0.414838
2 0.046053 0.615465 0.046053 0.815047 0.089474 0.815047 0.089474 0.615465
2 0.046053 0.207941 0.047368 0.403344 0.089474 0.403344 0.089474 0.207941
2 0.636842 0.020899 0.636842 0.056426 0.890789 0.056426 0.890789 0.020899
