0 0.194346 0.852535 0.194346 0.864384 0.197880 0.864384 0.197880 0.852535
0 0.334511 0.782752 0.334511 0.851876 0.330978 0.852535 0.330978 0.864384 0.351001 0.864384 0.351001 0.852535 0.343934 0.851876 0.343934 0.788677 0.352179 0.788018 0.352179 0.782752
0 0.471143 0.762344 0.471143 0.782093 0.464075 0.782752 0.464075 0.788018 0.471143 0.788677 0.471143 0.851876 0.464075 0.852535 0.464075 0.864384 0.484099 0.864384 0.484099 0.852535 0.480565 0.851876 0.480565 0.762344
0 0.785630 0.208032 0.785630 0.219882 0.789164 0.219882 0.789164 0.208032
0 0.467609 0.208032 0.467609 0.219882 0.558304 0.220540 0.558304 0.379197 0.567727 0.379197 0.567727 0.220540 0.638398 0.219882 0.638398 0.208032
0 0.335689 0.208032 0.335689 0.219882 0.360424 0.219882 0.360424 0.208032
0 0.197880 0.208032 0.197880 0.219882 0.200236 0.219882 0.200236 0.208032
0 0.958775 0.038841 0.949352 0.038841 0.949352 0.207373 0.930506 0.208032 0.930506 0.219882 0.936396 0.220540 0.936396 0.431205 0.727915 0.431863 0.726737 0.472021 0.568905 0.472021 0.567727 0.428571 0.558304 0.428571 0.557126 0.472021 0.471143 0.472021 0.471143 0.541145 0.480565 0.541145 0.481743 0.478604 0.726737 0.478604 0.727915 0.504937 0.742049 0.504937 0.743227 0.439105 0.926973 0.439763 0.926973 0.548387 0.727915 0.548387 0.726737 0.639236 0.481743 0.639236 0.480565 0.593153 0.471143 0.593153 0.471143 0.712311 0.480565 0.712311 0.481743 0.646478 0.777385 0.646478 0.777385 0.639236 0.738516 0.638578 0.739694 0.556287 0.936396 0.556945 0.936396 0.638578 0.856302 0.639236 0.856302 0.646478 0.936396 0.647136 0.936396 0.851876 0.621908 0.852535 0.621908 0.864384 0.624264 0.865043 0.624264 0.913101 0.633687 0.913101 0.634865 0.864384 0.935218 0.864384 0.936396 0.964450 0.634865 0.965109 0.633687 0.961817 0.624264 0.961817 0.624264 0.970375 0.951708 0.970375 0.951708 0.865043 0.963486 0.864384 0.963486 0.208032 0.958775 0.207373
0 0.048292 0.038841 0.036514 0.038841 0.036514 0.207373 0.027091 0.208032 0.027091 0.864384 0.032980 0.865043 0.032980 0.970375 0.042403 0.970375 0.042403 0.865043 0.068316 0.864384 0.068316 0.852535 0.051826 0.851876 0.051826 0.220540 0.062426 0.219882 0.062426 0.208032 0.048292 0.207373
1 0.624264 0.913759 0.624264 0.961159 0.633687 0.961159 0.633687 0.913759
1 0.352179 0.852535 0.352179 0.864384 0.462898 0.864384 0.462898 0.852535
1 0.353357 0.782752 0.353357 0.788018 0.462898 0.788018 0.462898 0.782752
1 0.471143 0.712969 0.471143 0.761685 0.480565 0.761685 0.480565 0.712969
1 0.778563 0.639236 0.778563 0.646478 0.855124 0.646478 0.855124 0.639236
1 0.471143 0.541804 0.471143 0.592495 0.480565 0.592495 0.480565 0.541804
1 0.727915 0.505596 0.727915 0.547729 0.742049 0.547729 0.742049 0.505596
1 0.558304 0.379855 0.558304 0.427913 0.567727 0.427913 0.567727 0.379855
1 0.361602 0.208032 0.361602 0.219882 0.466431 0.219882 0.466431 0.208032
2 0.485277 0.852535 0.485277 0.864384 0.620730 0.864384 0.620730 0.852535
2 0.199058 0.852535 0.199058 0.864384 0.329800 0.864384 0.329800 0.852535
2 0.069494 0.852535 0.069494 0.864384 0.193168 0.864384 0.193168 0.852535
2 0.790342 0.208032 0.790342 0.219882 0.929329 0.219882 0.929329 0.208032
2 0.639576 0.208032 0.639576 0.219882 0.784452 0.219882 0.784452 0.208032
2 0.201413 0.208032 0.201413 0.219882 0.334511 0.219882 0.334511 0.208032
2 0.063604 0.208032 0.063604 0.219882 0.196702 0.219882 0.196702 0.208032
