0 0.099237 0.820455 0.099237 0.823864 0.122774 0.823864 0.122774 0.820455
0 0.581425 0.740909 0.494911 0.740909 0.494911 0.753409 0.558524 0.754545 0.557888 0.948864 0.431298 0.948864 0.430662 0.754545 0.450382 0.753409 0.450382 0.740909 0.382316 0.740909 0.381679 0.652273 0.374046 0.652273 0.373410 0.668182 0.250636 0.668182 0.250636 0.685227 0.373410 0.685227 0.374046 0.753409 0.421756 0.753409 0.422392 0.947727 0.123410 0.948864 0.122774 0.922727 0.099237 0.922727 0.098601 0.946591 0.013359 0.946591 0.013359 0.970455 0.570611 0.970455 0.570611 0.782955 0.581425 0.781818
0 0.106870 0.554545 0.099237 0.610227 0.099237 0.728409 0.122774 0.728409 0.123410 0.685227 0.150763 0.685227 0.151399 0.726136 0.157125 0.726136 0.157125 0.686364 0.166031 0.685227 0.166031 0.670455 0.122774 0.669318 0.122774 0.561364
0 0.043257 0.526136 0.035623 0.581818 0.068702 0.595455 0.076336 0.540909
0 0.374046 0.450000 0.374046 0.555682 0.381679 0.555682 0.381679 0.538636 0.391221 0.537500 0.391221 0.517045 0.394402 0.515909 0.394402 0.500000 0.381679 0.498864 0.381679 0.450000
0 0.980280 0.029545 0.905216 0.029545 0.905216 0.084091 0.959924 0.085227 0.959924 0.573864 0.833969 0.575000 0.833333 0.500000 0.820611 0.500000 0.820611 0.513636 0.823791 0.514773 0.823791 0.588636 0.861959 0.589773 0.861323 0.740909 0.659669 0.740909 0.659033 0.669318 0.651399 0.669318 0.651399 0.739773 0.646310 0.740909 0.646310 0.781818 0.884860 0.781818 0.884860 0.596591 0.980280 0.595455
0 0.809160 0.029545 0.716285 0.029545 0.716285 0.084091 0.749364 0.085227 0.749364 0.498864 0.741730 0.500000 0.741730 0.513636 0.761450 0.513636 0.761450 0.500000 0.755089 0.498864 0.755089 0.085227 0.809160 0.084091
0 0.527354 0.029545 0.527354 0.084091 0.585878 0.085227 0.585878 0.498864 0.456743 0.500000 0.456743 0.515909 0.650763 0.515909 0.651399 0.579545 0.659033 0.579545 0.659033 0.542045 0.671120 0.540909 0.671120 0.520455 0.682570 0.519318 0.681934 0.500000 0.592239 0.498864 0.592239 0.085227 0.614504 0.084091 0.614504 0.029545
0 0.077608 0.272727 0.110051 0.287500 0.111959 0.285227 0.125318 0.285227 0.125954 0.084091 0.373410 0.084091 0.374046 0.309091 0.381679 0.309091 0.381679 0.085227 0.423664 0.084091 0.423664 0.029545 0.100509 0.029545 0.100509 0.247727 0.080789 0.248864
1 0.582061 0.740909 0.582061 0.781818 0.645674 0.781818 0.645674 0.740909
1 0.451018 0.740909 0.451018 0.753409 0.494275 0.753409 0.494275 0.740909
1 0.099237 0.729545 0.099237 0.819318 0.122774 0.819318 0.122774 0.729545
1 0.374046 0.556818 0.374046 0.651136 0.381679 0.651136 0.381679 0.556818
1 0.762087 0.500000 0.762087 0.513636 0.819975 0.513636 0.819975 0.500000
1 0.682570 0.500000 0.683206 0.513636 0.741094 0.513636 0.741094 0.500000
1 0.395038 0.500000 0.395038 0.515909 0.456107 0.515909 0.456107 0.500000
1 0.374046 0.310227 0.374046 0.448864 0.381679 0.448864 0.381679 0.310227
2 0.099237 0.825000 0.099237 0.921591 0.122774 0.921591 0.122774 0.825000
2 0.076972 0.542045 0.069338 0.596591 0.099237 0.609091 0.106234 0.554545
2 0.078880 0.273864 0.076972 0.277273 0.043257 0.522727 0.045165 0.526136 0.075700 0.539773 0.077608 0.536364 0.110687 0.290909 0.109415 0.287500
2 0.809796 0.029545 0.809796 0.084091 0.904580 0.084091 0.904580 0.029545
2 0.615140 0.029545 0.615140 0.084091 0.715649 0.084091 0.715649 0.029545
2 0.424300 0.029545 0.424300 0.084091 0.526718 0.084091 0.526718 0.029545
