0 0.998828 0.073446 0.998828 0.597740 0.814771 0.598870 0.814771 0.610169 0.845252 0.611299 0.845252 0.708475 0.856975 0.708475 0.858148 0.610169 0.998828 0.611299 0.998828 0.892655 0.858148 0.893785 0.856975 0.777401 0.845252 0.777401 0.844080 0.893785 0.631887 0.893785 0.631887 0.920904 0.998828 0.920904
0 0.533411 0.045198 0.533411 0.072316 0.730363 0.073446 0.730363 0.597740 0.400938 0.597740 0.400938 0.263277 0.389215 0.263277 0.389215 0.610169 0.747948 0.610169 0.747948 0.598870 0.742087 0.597740 0.742087 0.073446 0.903869 0.072316 0.903869 0.045198
0 0.341149 0.045198 0.341149 0.072316 0.389215 0.073446 0.389215 0.148023 0.400938 0.148023 0.400938 0.073446 0.407972 0.072316 0.407972 0.045198
0 0.000000 0.045198 0.000000 0.920904 0.559203 0.920904 0.559203 0.893785 0.400938 0.892655 0.400938 0.712994 0.389215 0.712994 0.388042 0.893785 0.008206 0.892655 0.007034 0.073446 0.069168 0.072316 0.069168 0.045198
1 0.560375 0.893785 0.560375 0.920904 0.630715 0.920904 0.630715 0.893785
1 0.845252 0.709605 0.845252 0.776271 0.856975 0.776271 0.856975 0.709605
1 0.749121 0.598870 0.749121 0.610169 0.813599 0.610169 0.813599 0.598870
1 0.389215 0.149153 0.389215 0.262147 0.400938 0.262147 0.400938 0.149153
2 0.905041 0.045198 0.905041 0.072316 0.998828 0.072316 0.998828 0.045198
2 0.409144 0.045198 0.409144 0.072316 0.532239 0.072316 0.532239 0.045198
2 0.070340 0.045198 0.070340 0.072316 0.339977 0.072316 0.339977 0.045198
