0 0.575494 0.792079 0.365217 0.792079 0.364427 0.723872 0.294862 0.724972 0.294071 0.792079 0.064032 0.792079 0.063241 0.743674 0.028458 0.743674 0.028458 0.822882 0.575494 0.822882
0 0.029249 0.357536 0.028458 0.562156 0.063241 0.562156 0.064032 0.497250 0.342292 0.497250 0.343083 0.633663 0.364427 0.633663 0.365217 0.625963 0.475099 0.625963 0.475099 0.610561 0.364427 0.609461 0.364427 0.405941 0.343083 0.405941 0.342292 0.481848 0.064032 0.481848 0.064032 0.357536
0 0.783399 0.193619 0.747036 0.193619 0.746245 0.189219 0.728854 0.189219 0.728063 0.194719 0.703557 0.194719 0.703557 0.609461 0.593676 0.610561 0.593676 0.625963 0.734387 0.625963 0.734387 0.611661 0.728854 0.610561 0.728854 0.238724 0.783399 0.237624
0 0.705929 0.050605 0.705929 0.096810 0.728063 0.096810 0.728854 0.099010 0.746245 0.099010 0.747036 0.064906 0.968379 0.066007 0.968379 0.192519 0.916206 0.193619 0.916206 0.237624 0.956522 0.238724 0.956522 0.578658 0.909881 0.579758 0.909091 0.611661 0.800000 0.611661 0.800000 0.625963 0.803162 0.627063 0.803162 0.634763 0.813439 0.634763 0.814229 0.625963 0.955731 0.625963 0.956522 0.790979 0.814229 0.792079 0.813439 0.715072 0.803162 0.715072 0.802372 0.792079 0.667984 0.792079 0.667194 0.724972 0.656917 0.724972 0.656917 0.790979 0.652174 0.792079 0.652174 0.822882 0.978656 0.822882 0.978656 0.050605
0 0.029249 0.174917 0.064032 0.174917 0.064822 0.096810 0.342292 0.096810 0.343083 0.309131 0.364427 0.309131 0.364427 0.097910 0.436364 0.096810 0.436364 0.050605 0.029249 0.050605
1 0.576285 0.792079 0.576285 0.822882 0.651383 0.822882 0.651383 0.792079
1 0.803162 0.635864 0.803162 0.713971 0.813439 0.713971 0.813439 0.635864
1 0.343083 0.634763 0.343083 0.722772 0.364427 0.722772 0.364427 0.634763
1 0.735178 0.611661 0.735178 0.625963 0.799209 0.625963 0.799209 0.611661
1 0.475889 0.610561 0.475889 0.625963 0.592885 0.625963 0.592885 0.610561
1 0.343083 0.310231 0.343083 0.404840 0.364427 0.404840 0.364427 0.310231
1 0.728854 0.100110 0.728854 0.188119 0.746245 0.188119 0.746245 0.100110
2 0.028458 0.563256 0.028458 0.742574 0.063241 0.742574 0.063241 0.563256
2 0.784190 0.193619 0.784190 0.237624 0.915415 0.237624 0.915415 0.193619
2 0.029249 0.176018 0.029249 0.356436 0.064032 0.356436 0.064032 0.176018
2 0.437154 0.050605 0.437154 0.096810 0.705138 0.096810 0.705138 0.050605
