0 0.952988 0.806362 0.931474 0.806362 0.930677 0.910097 0.580080 0.910097 0.580080 0.941909 0.952988 0.941909
0 0.502789 0.668050 0.433466 0.668050 0.433466 0.687414 0.491633 0.688797 0.490837 0.910097 0.399203 0.908714 0.399203 0.799447 0.349801 0.798064 0.349801 0.688797 0.388845 0.687414 0.388845 0.668050 0.350598 0.668050 0.349801 0.640387 0.338645 0.640387 0.337849 0.910097 0.054980 0.910097 0.054183 0.786999 0.032669 0.786999 0.032669 0.941909 0.521912 0.941909 0.521912 0.910097 0.502789 0.908714
0 0.931474 0.528354 0.931474 0.658368 0.952988 0.658368 0.952988 0.528354
0 0.032669 0.598893 0.054183 0.598893 0.054980 0.540802 0.337849 0.540802 0.338645 0.560166 0.349801 0.560166 0.350598 0.540802 0.371315 0.540802 0.371315 0.521438 0.054980 0.521438 0.054183 0.486860 0.032669 0.486860
0 0.032669 0.060858 0.032669 0.297372 0.054183 0.297372 0.054980 0.098202 0.490040 0.098202 0.490837 0.520055 0.415936 0.521438 0.415936 0.540802 0.501992 0.540802 0.502789 0.098202 0.930677 0.098202 0.931474 0.250346 0.952988 0.250346 0.952988 0.060858
1 0.522709 0.910097 0.522709 0.941909 0.579283 0.941909 0.579283 0.910097
1 0.389641 0.668050 0.389641 0.687414 0.432669 0.687414 0.432669 0.668050
1 0.338645 0.561549 0.338645 0.639004 0.349801 0.639004 0.349801 0.561549
1 0.372112 0.521438 0.372112 0.540802 0.415139 0.540802 0.415139 0.521438
2 0.931474 0.659751 0.931474 0.804979 0.952988 0.804979 0.952988 0.659751
2 0.032669 0.600277 0.032669 0.785615 0.054183 0.785615 0.054183 0.600277
2 0.032669 0.298755 0.032669 0.485477 0.054183 0.485477 0.054183 0.298755
2 0.931474 0.251729 0.931474 0.526971 0.952988 0.526971 0.952988 0.251729
