0 0.399196 0.729626 0.398621 0.735379 0.392303 0.735379 0.392303 0.745925 0.399196 0.746884 0.399196 0.849473 0.391729 0.850431 0.391729 0.871524 0.418725 0.871524 0.418725 0.850431 0.405514 0.849473 0.405514 0.729626
0 0.330844 0.506232 0.330844 0.539789 0.352096 0.539789 0.352096 0.533078 0.334865 0.532119 0.335439 0.512943 0.352096 0.512943 0.352096 0.506232
0 0.468696 0.113135 0.468696 0.134228 0.508903 0.135187 0.508903 0.436242 0.399196 0.437200 0.399196 0.664430 0.405514 0.664430 0.405514 0.448706 0.508329 0.447747 0.508903 0.849473 0.481907 0.850431 0.481907 0.871524 0.520965 0.871524 0.520965 0.113135
0 0.366456 0.113135 0.366456 0.134228 0.376795 0.134228 0.376795 0.113135
0 0.276852 0.113135 0.276852 0.871524 0.350948 0.871524 0.350948 0.850431 0.346353 0.849473 0.346353 0.746884 0.352096 0.745925 0.352096 0.735379 0.337163 0.735379 0.337163 0.745925 0.340034 0.746884 0.340034 0.849473 0.289489 0.849473 0.289489 0.746884 0.307295 0.745925 0.307295 0.735379 0.289489 0.734420 0.289489 0.615532 0.352096 0.614573 0.352096 0.607862 0.289489 0.606903 0.289489 0.438159 0.352096 0.437200 0.352096 0.430489 0.289489 0.429530 0.289489 0.135187 0.326824 0.134228 0.326824 0.113135
0 0.725445 0.112176 0.725445 0.134228 0.765652 0.135187 0.765652 0.269415 0.718553 0.270374 0.718553 0.280920 0.765652 0.281879 0.765652 0.354746 0.730040 0.355705 0.730040 0.366251 0.765652 0.367210 0.765652 0.488974 0.731763 0.489933 0.731189 0.511026 0.680069 0.511026 0.679495 0.494727 0.673176 0.494727 0.673176 0.537872 0.679495 0.537872 0.680069 0.521572 0.765078 0.521572 0.765652 0.607862 0.680069 0.608821 0.679495 0.586769 0.673176 0.586769 0.672602 0.608821 0.628949 0.608821 0.628949 0.619367 0.765652 0.620326 0.765652 0.849473 0.726594 0.850431 0.726594 0.870566 0.777714 0.870566 0.777714 0.112176
0 0.652499 0.112176 0.652499 0.134228 0.673176 0.135187 0.673176 0.426654 0.665709 0.427613 0.665709 0.438159 0.672602 0.438159 0.673176 0.444871 0.679495 0.444871 0.679495 0.281879 0.688685 0.280920 0.688685 0.270374 0.679495 0.269415 0.679495 0.135187 0.691557 0.134228 0.691557 0.112176
0 0.534750 0.112176 0.534750 0.870566 0.653073 0.870566 0.653073 0.850431 0.546812 0.849473 0.546812 0.620326 0.599655 0.619367 0.599655 0.608821 0.592188 0.607862 0.592188 0.513902 0.608845 0.512943 0.608845 0.505273 0.588168 0.505273 0.587593 0.608821 0.547387 0.608821 0.546812 0.439118 0.635841 0.438159 0.635841 0.427613 0.546812 0.426654 0.546812 0.135187 0.574957 0.134228 0.574957 0.112176
1 0.351522 0.850431 0.351522 0.871524 0.391155 0.871524 0.391155 0.850431
1 0.352671 0.735379 0.352671 0.745925 0.391729 0.745925 0.391729 0.735379
1 0.307869 0.735379 0.307869 0.745925 0.336588 0.745925 0.336588 0.735379
1 0.399196 0.665388 0.399196 0.728667 0.405514 0.728667 0.405514 0.665388
1 0.600230 0.608821 0.600230 0.619367 0.628374 0.619367 0.628374 0.608821
1 0.673176 0.538830 0.673176 0.585810 0.679495 0.585810 0.679495 0.538830
1 0.673176 0.445829 0.673176 0.493768 0.679495 0.493768 0.679495 0.445829
1 0.636416 0.427613 0.636416 0.438159 0.665135 0.438159 0.665135 0.427613
1 0.689259 0.270374 0.689259 0.280920 0.717978 0.280920 0.717978 0.270374
1 0.327398 0.113135 0.327398 0.134228 0.365882 0.134228 0.365882 0.113135
2 0.653647 0.850431 0.653647 0.870566 0.726020 0.870566 0.726020 0.850431
2 0.419299 0.850431 0.419299 0.871524 0.481333 0.871524 0.481333 0.850431
2 0.377369 0.113135 0.377369 0.134228 0.468122 0.134228 0.468122 0.113135
2 0.692131 0.112176 0.692131 0.134228 0.724871 0.134228 0.724871 0.112176
2 0.575531 0.112176 0.575531 0.134228 0.651924 0.134228 0.651924 0.112176
