0 0.989691 0.024590 0.781787 0.024590 0.783505 0.099532 0.957045 0.100703 0.957045 0.625293 0.879725 0.626464 0.878007 0.741218 0.666667 0.741218 0.664948 0.626464 0.640893 0.626464 0.640893 0.635831 0.651203 0.637002 0.649485 0.697892 0.549828 0.697892 0.548110 0.637002 0.553265 0.635831 0.553265 0.626464 0.470790 0.626464 0.470790 0.638173 0.532646 0.639344 0.532646 0.709602 0.548110 0.709602 0.549828 0.707260 0.621993 0.708431 0.620275 0.772834 0.549828 0.772834 0.548110 0.768150 0.532646 0.768150 0.532646 0.784543 0.548110 0.784543 0.549828 0.781030 0.621993 0.782201 0.621993 0.846604 0.549828 0.847775 0.548110 0.843091 0.532646 0.843091 0.532646 0.884075 0.481100 0.885246 0.481100 0.922717 0.472509 0.923888 0.472509 0.940281 0.493127 0.941452 0.493127 0.956674 0.689003 0.956674 0.689003 0.781030 0.914089 0.779859 0.914089 0.647541 0.989691 0.646370
0 0.470790 0.024590 0.240550 0.024590 0.240550 0.625293 0.025773 0.626464 0.025773 0.940281 0.324742 0.940281 0.324742 0.923888 0.316151 0.922717 0.316151 0.884075 0.302405 0.882904 0.302405 0.831382 0.285223 0.831382 0.283505 0.884075 0.048110 0.882904 0.048110 0.699063 0.283505 0.697892 0.285223 0.754098 0.302405 0.754098 0.302405 0.639344 0.324742 0.638173 0.324742 0.626464 0.273196 0.625293 0.273196 0.100703 0.295533 0.099532 0.295533 0.090164 0.286942 0.088993 0.288660 0.065574 0.367698 0.065574 0.369416 0.088993 0.362543 0.090164 0.362543 0.099532 0.467354 0.099532
1 0.326460 0.923888 0.326460 0.940281 0.470790 0.940281 0.470790 0.923888
1 0.532646 0.785714 0.532646 0.841920 0.548110 0.841920 0.548110 0.785714
1 0.285223 0.755269 0.285223 0.830211 0.302405 0.830211 0.302405 0.755269
1 0.532646 0.710773 0.532646 0.766979 0.548110 0.766979 0.548110 0.710773
1 0.554983 0.626464 0.554983 0.635831 0.639175 0.635831 0.639175 0.626464
1 0.326460 0.626464 0.326460 0.638173 0.469072 0.638173 0.469072 0.626464
1 0.297251 0.090164 0.297251 0.099532 0.360825 0.099532 0.360825 0.090164
2 0.472509 0.024590 0.472509 0.057377 0.780069 0.057377 0.780069 0.024590
