0 0.478064 0.711613 0.464448 0.711613 0.464448 0.757419 0.428139 0.758065 0.428139 0.763871 0.464448 0.764516 0.464448 0.834839 0.428139 0.835484 0.428139 0.854194 0.496218 0.854194 0.496218 0.835484 0.478064 0.834839
0 0.287443 0.699355 0.273828 0.699355 0.273828 0.749677 0.270802 0.750323 0.270802 0.756129 0.273828 0.756774 0.273828 0.830968 0.205749 0.831613 0.205749 0.854194 0.299546 0.854194 0.299546 0.835484 0.287443 0.834839 0.287443 0.764516 0.296520 0.763871 0.296520 0.758065 0.287443 0.757419
0 0.465961 0.521935 0.479576 0.521935 0.481089 0.485806 0.644478 0.485806 0.644478 0.480000 0.465961 0.480000
0 0.484115 0.238065 0.484115 0.255484 0.491679 0.255484 0.491679 0.238065
0 0.366112 0.238065 0.261725 0.238065 0.261725 0.538710 0.040847 0.539355 0.040847 0.854194 0.118003 0.854194 0.118003 0.831613 0.074130 0.830968 0.074130 0.756774 0.181543 0.756129 0.181543 0.750323 0.063540 0.749677 0.063540 0.623226 0.272315 0.622581 0.273828 0.653548 0.287443 0.653548 0.287443 0.592258 0.273828 0.592258 0.272315 0.616774 0.063540 0.616129 0.063540 0.550968 0.272315 0.550323 0.273828 0.554194 0.287443 0.554194 0.287443 0.256129 0.366112 0.255484
0 0.907716 0.025806 0.894100 0.025806 0.894100 0.237419 0.757943 0.238065 0.757943 0.255484 0.868381 0.256129 0.868381 0.616129 0.562784 0.616774 0.561271 0.577419 0.547655 0.577419 0.547655 0.650968 0.464448 0.651613 0.464448 0.660000 0.478064 0.660000 0.479576 0.657419 0.561271 0.657419 0.562784 0.622581 0.868381 0.623226 0.868381 0.834839 0.754917 0.835484 0.754917 0.854194 0.894100 0.854194 0.894100 0.345161 0.907716 0.344516
1 0.301059 0.835484 0.301059 0.854194 0.426626 0.854194 0.426626 0.835484
1 0.298033 0.758065 0.298033 0.763871 0.426626 0.763871 0.426626 0.758065
1 0.183056 0.750323 0.183056 0.756129 0.269289 0.756129 0.269289 0.750323
1 0.464448 0.660645 0.464448 0.710968 0.478064 0.710968 0.478064 0.660645
1 0.273828 0.654194 0.273828 0.698710 0.287443 0.698710 0.287443 0.654194
1 0.273828 0.554839 0.273828 0.591613 0.287443 0.591613 0.287443 0.554839
1 0.367625 0.238065 0.367625 0.255484 0.482602 0.255484 0.482602 0.238065
2 0.497731 0.835484 0.497731 0.854194 0.753404 0.854194 0.753404 0.835484
2 0.119516 0.831613 0.119516 0.854194 0.204236 0.854194 0.204236 0.831613
2 0.493192 0.238065 0.493192 0.255484 0.756430 0.255484 0.756430 0.238065
