0 0.945777 0.529257 0.889468 0.529257 0.888425 0.562467 0.498436 0.562467 0.497393 0.531892 0.486966 0.531892 0.485923 0.547707 0.440042 0.547707 0.440042 0.586716 0.486966 0.587243 0.486966 0.737480 0.427529 0.738007 0.427529 0.855034 0.420229 0.855561 0.420229 0.868740 0.415016 0.869267 0.415016 0.878756 0.447341 0.878756 0.447341 0.749077 0.505735 0.748550 0.505735 0.573010 0.945777 0.572483
0 0.890511 0.422773 0.889468 0.480232 0.945777 0.480232 0.945777 0.441750 0.937435 0.441223 0.937435 0.422773
0 0.890511 0.317343 0.890511 0.373748 0.937435 0.373748 0.937435 0.317343
0 0.890511 0.210859 0.889468 0.220348 0.860271 0.220348 0.860271 0.226147 0.890511 0.226674 0.890511 0.268318 0.937435 0.268318 0.937435 0.210859
0 0.890511 0.107538 0.890511 0.162362 0.937435 0.162362 0.937435 0.107538
0 0.937435 0.000527 0.209593 0.000527 0.209593 0.559304 0.255474 0.559831 0.255474 0.878756 0.323253 0.878756 0.323253 0.869267 0.320125 0.868740 0.320125 0.856089 0.306569 0.855561 0.306569 0.226674 0.379562 0.226147 0.379562 0.220348 0.306569 0.219821 0.306569 0.052715 0.486966 0.052715 0.486966 0.219821 0.472367 0.220348 0.472367 0.226147 0.758081 0.226147 0.758081 0.220348 0.497393 0.219821 0.497393 0.066948 0.528676 0.066421 0.529718 0.052188 0.889468 0.052188 0.890511 0.054823 0.937435 0.054823
1 0.324296 0.869267 0.324296 0.878756 0.413973 0.878756 0.413973 0.869267
1 0.759124 0.220348 0.759124 0.226147 0.859228 0.226147 0.859228 0.220348
1 0.380605 0.220348 0.380605 0.226147 0.471324 0.226147 0.471324 0.220348
2 0.889468 0.480759 0.889468 0.528730 0.945777 0.528730 0.945777 0.480759
2 0.890511 0.374275 0.890511 0.422246 0.937435 0.422246 0.937435 0.374275
2 0.890511 0.268846 0.890511 0.316816 0.937435 0.316816 0.937435 0.268846
2 0.890511 0.162889 0.890511 0.210332 0.937435 0.210332 0.937435 0.162889
2 0.890511 0.055351 0.890511 0.107011 0.937435 0.107011 0.937435 0.055351
