0 0.377814 0.917133 0.409968 0.917133 0.410772 0.752520 0.785370 0.752520 0.785370 0.674132 0.770096 0.674132 0.769293 0.731243 0.466238 0.731243 0.465434 0.512878 0.458199 0.512878 0.458199 0.730123 0.394695 0.731243 0.394695 0.894737 0.377814 0.895857
0 0.898714 0.428891 0.786174 0.428891 0.785370 0.389698 0.770096 0.389698 0.769293 0.428891 0.458199 0.428891 0.458199 0.460246 0.465434 0.460246 0.466238 0.438970 0.769293 0.438970 0.770096 0.515118 0.785370 0.515118 0.786174 0.438970 0.898714 0.438970
0 0.770096 0.325868 0.770096 0.329227 0.785370 0.329227 0.785370 0.325868
0 0.361736 0.438970 0.381029 0.438970 0.381833 0.050392 0.769293 0.050392 0.770096 0.107503 0.785370 0.107503 0.786174 0.062710 0.890675 0.062710 0.891479 0.064950 0.898714 0.064950 0.898714 0.053751 0.786174 0.053751 0.785370 0.029115 0.344051 0.029115 0.344051 0.050392 0.373794 0.051512 0.373794 0.427772 0.361736 0.428891
0 0.143087 0.029115 0.143087 0.752520 0.262862 0.752520 0.263666 0.917133 0.335209 0.917133 0.335209 0.895857 0.278939 0.894737 0.278939 0.750280 0.309486 0.749160 0.309486 0.689810 0.302251 0.689810 0.301447 0.731243 0.158360 0.730123 0.159164 0.562150 0.301447 0.562150 0.302251 0.638298 0.309486 0.638298 0.309486 0.513998 0.302251 0.513998 0.301447 0.552072 0.159164 0.552072 0.158360 0.440090 0.301447 0.438970 0.302251 0.460246 0.309486 0.460246 0.309486 0.440090 0.323151 0.438970 0.323151 0.428891 0.158360 0.427772 0.158360 0.051512 0.218650 0.050392 0.218650 0.029115
1 0.336013 0.895857 0.336013 0.917133 0.377010 0.917133 0.377010 0.895857
1 0.302251 0.639418 0.302251 0.688690 0.309486 0.688690 0.309486 0.639418
1 0.458199 0.461366 0.458199 0.511758 0.465434 0.511758 0.465434 0.461366
1 0.302251 0.461366 0.302251 0.512878 0.309486 0.512878 0.309486 0.461366
1 0.323955 0.428891 0.323955 0.438970 0.360932 0.438970 0.360932 0.428891
1 0.770096 0.330347 0.770096 0.388578 0.785370 0.388578 0.785370 0.330347
2 0.770096 0.516237 0.770096 0.673012 0.785370 0.673012 0.785370 0.516237
2 0.770096 0.108623 0.770096 0.324748 0.785370 0.324748 0.785370 0.108623
2 0.891479 0.066069 0.891479 0.427772 0.898714 0.427772 0.898714 0.066069
2 0.219453 0.029115 0.219453 0.050392 0.343248 0.050392 0.343248 0.029115
