0 0.268262 0.802828 0.268262 0.826394 0.301008 0.826394 0.301008 0.802828
0 0.488665 0.695208 0.472292 0.695208 0.471033 0.692066 0.457179 0.692066 0.455919 0.695208 0.419395 0.695208 0.419395 0.703849 0.457179 0.704635 0.457179 0.766693 0.406801 0.767478 0.406801 0.802042 0.382872 0.802828 0.382872 0.826394 0.487406 0.826394 0.487406 0.802828 0.471033 0.802042 0.471033 0.704635 0.488665 0.703849
0 0.623426 0.592302 0.623426 0.600943 0.700252 0.601728 0.700252 0.694423 0.604534 0.695208 0.604534 0.703849 0.622166 0.704635 0.622166 0.802042 0.604534 0.802828 0.604534 0.826394 0.707809 0.826394 0.707809 0.802828 0.634761 0.802042 0.634761 0.704635 0.714106 0.703849 0.714106 0.592302
0 0.603275 0.163394 0.603275 0.186960 0.614610 0.186960 0.614610 0.163394
0 0.387909 0.163394 0.387909 0.186960 0.457179 0.187745 0.457179 0.412412 0.471033 0.412412 0.471033 0.187745 0.501259 0.186960 0.501259 0.163394
0 0.083123 0.037706 0.083123 0.162608 0.078086 0.163394 0.078086 0.826394 0.190176 0.826394 0.190176 0.802828 0.103275 0.802042 0.103275 0.676355 0.254408 0.675570 0.264484 0.669285 0.256927 0.663786 0.249370 0.667714 0.103275 0.666929 0.104534 0.534171 0.329975 0.534171 0.331234 0.616654 0.288413 0.643362 0.319899 0.623723 0.328715 0.629222 0.343829 0.619796 0.343829 0.534957 0.455919 0.534171 0.457179 0.628437 0.471033 0.628437 0.471033 0.476826 0.457179 0.476826 0.455919 0.526316 0.103275 0.525530 0.103275 0.187745 0.157431 0.186960 0.157431 0.163394 0.095718 0.162608 0.096977 0.045562 0.914358 0.046347 0.914358 0.163394 0.920655 0.164179 0.920655 0.186960 0.940806 0.187745 0.940806 0.802042 0.863980 0.802828 0.863980 0.826394 0.965995 0.826394 0.965995 0.163394 0.926952 0.162608 0.926952 0.037706
1 0.488665 0.802828 0.488665 0.826394 0.603275 0.826394 0.603275 0.802828
1 0.489924 0.695208 0.489924 0.703849 0.603275 0.703849 0.603275 0.695208
1 0.457179 0.629222 0.457179 0.691280 0.471033 0.691280 0.471033 0.629222
1 0.319899 0.624509 0.256927 0.663001 0.265743 0.668500 0.328715 0.630008
1 0.457179 0.413197 0.457179 0.476041 0.471033 0.476041 0.471033 0.413197
1 0.502519 0.163394 0.502519 0.186960 0.602015 0.186960 0.602015 0.163394
2 0.709068 0.802828 0.709068 0.826394 0.862720 0.826394 0.862720 0.802828
2 0.302267 0.802828 0.302267 0.826394 0.381612 0.826394 0.381612 0.802828
2 0.191436 0.802828 0.191436 0.826394 0.267003 0.826394 0.267003 0.802828
2 0.615869 0.163394 0.615869 0.186960 0.919395 0.186960 0.919395 0.164179
2 0.158690 0.163394 0.158690 0.186960 0.386650 0.186960 0.386650 0.163394
