0 0.945614 0.679261 0.905263 0.679261 0.904386 0.706129 0.868421 0.706129 0.868421 0.712846 0.905263 0.713686 0.904386 0.857263 0.800877 0.857263 0.800000 0.713686 0.802632 0.712846 0.802632 0.706129 0.652632 0.706129 0.651754 0.627204 0.643860 0.627204 0.642982 0.706129 0.408772 0.706129 0.408772 0.724601 0.416667 0.724601 0.417544 0.713686 0.666667 0.713686 0.667544 0.720403 0.675439 0.720403 0.676316 0.716205 0.788596 0.716205 0.788596 0.849706 0.676316 0.849706 0.675439 0.772460 0.667544 0.772460 0.666667 0.857263 0.417544 0.857263 0.416667 0.793451 0.408772 0.793451 0.407895 0.807725 0.378947 0.807725 0.378070 0.857263 0.193860 0.857263 0.193860 0.874895 0.945614 0.874895
0 0.334211 0.513854 0.325439 0.513854 0.325439 0.705290 0.272807 0.706129 0.272807 0.714526 0.334211 0.714526
0 0.840351 0.284635 0.840351 0.311503 0.905263 0.312343 0.905263 0.626364 0.945614 0.626364 0.945614 0.284635
0 0.420175 0.284635 0.420175 0.311503 0.431579 0.311503 0.431579 0.284635
0 0.150877 0.284635 0.095614 0.284635 0.095614 0.874895 0.121053 0.874895 0.121053 0.857263 0.114035 0.856423 0.114035 0.742233 0.169298 0.741394 0.169298 0.706129 0.114035 0.705290 0.114035 0.312343 0.150877 0.311503
0 0.303509 0.083123 0.303509 0.283795 0.283333 0.284635 0.283333 0.311503 0.346491 0.311503 0.346491 0.284635 0.319298 0.283795 0.320175 0.102435 0.591228 0.103275 0.591228 0.283795 0.575439 0.284635 0.575439 0.311503 0.643860 0.312343 0.643860 0.559194 0.651754 0.559194 0.651754 0.312343 0.703509 0.311503 0.703509 0.284635 0.602632 0.283795 0.602632 0.091520 0.320175 0.091520 0.319298 0.083123
1 0.121930 0.857263 0.121930 0.874895 0.192982 0.874895 0.192982 0.857263
1 0.408772 0.725441 0.408772 0.792611 0.416667 0.792611 0.416667 0.725441
1 0.667544 0.721243 0.667544 0.771620 0.675439 0.771620 0.675439 0.721243
1 0.803509 0.706129 0.803509 0.712846 0.867544 0.712846 0.867544 0.706129
1 0.643860 0.560034 0.643860 0.626364 0.651754 0.626364 0.651754 0.560034
1 0.347368 0.284635 0.347368 0.311503 0.419298 0.311503 0.419298 0.284635
2 0.905263 0.627204 0.905263 0.678421 0.945614 0.678421 0.945614 0.627204
2 0.704386 0.284635 0.704386 0.311503 0.839474 0.311503 0.839474 0.284635
2 0.432456 0.284635 0.432456 0.311503 0.574561 0.311503 0.574561 0.284635
2 0.151754 0.284635 0.151754 0.311503 0.282456 0.311503 0.282456 0.284635
