0 0.863319 0.810102 0.863319 0.821611 0.871688 0.821611 0.871688 0.810102
0 0.798698 0.810102 0.798698 0.821611 0.840539 0.821611 0.840539 0.810102
0 0.685728 0.794118 0.685728 0.821611 0.721525 0.821611 0.721525 0.792839
0 0.290098 0.790921 0.290098 0.820972 0.409112 0.820972 0.409112 0.808184 0.327755 0.808184 0.327290 0.790921
0 0.469084 0.737212 0.469084 0.821611 0.638308 0.821611 0.638308 0.794118 0.490470 0.794118 0.490005 0.737212
0 0.072989 0.734655 0.072989 0.820972 0.245002 0.820972 0.245002 0.790921 0.095305 0.790921 0.094840 0.734655
0 0.701534 0.698210 0.701534 0.707161 0.721525 0.707161 0.721525 0.698210
0 0.390516 0.613811 0.390516 0.638107 0.393770 0.638107 0.393770 0.613811
0 0.072989 0.547315 0.072989 0.635550 0.094840 0.635550 0.094840 0.547315
0 0.309623 0.542199 0.309623 0.638107 0.351000 0.638107 0.351000 0.613811 0.315667 0.613811 0.315202 0.588875 0.343096 0.588235 0.343096 0.549872 0.351464 0.549233 0.351464 0.542839 0.337982 0.542839 0.337517 0.581841 0.315667 0.581841 0.315202 0.542199
0 0.469549 0.512148 0.469084 0.638747 0.490005 0.638747 0.490470 0.583760 0.587634 0.583760 0.588099 0.624041 0.653649 0.624041 0.653649 0.575448 0.648071 0.575448 0.647606 0.616368 0.593212 0.616368 0.592748 0.578005 0.490470 0.578005 0.490470 0.512148
0 0.821013 0.480818 0.821013 0.501918 0.814505 0.502558 0.814505 0.517263 0.840539 0.517903 0.840539 0.480818
0 0.702464 0.460997 0.702464 0.537724 0.730358 0.538363 0.730358 0.615090 0.701534 0.615729 0.701534 0.643223 0.721525 0.643223 0.721990 0.641304 0.732682 0.641304 0.733147 0.640026 0.862854 0.640026 0.863319 0.641304 0.871688 0.641304 0.871688 0.633632 0.840539 0.632992 0.840539 0.547315 0.814505 0.547315 0.814040 0.611893 0.741516 0.611893 0.741051 0.517903 0.785681 0.517263 0.785681 0.502558 0.708508 0.502558 0.708043 0.460997
0 0.388656 0.452685 0.388656 0.459079 0.427708 0.459719 0.427708 0.542199 0.389121 0.542839 0.389121 0.549233 0.427708 0.549872 0.426778 0.638107 0.448164 0.638107 0.448164 0.446931 0.427708 0.446931 0.427243 0.452685
0 0.469549 0.381714 0.469549 0.445013 0.490470 0.445013 0.490934 0.416880 0.647606 0.416880 0.648071 0.524936 0.653649 0.524936 0.653649 0.408568 0.490934 0.408568 0.490470 0.381714
0 0.072989 0.351662 0.072989 0.425192 0.094840 0.425192 0.095305 0.379795 0.245932 0.379795 0.246397 0.557545 0.252906 0.557545 0.252906 0.369565 0.246397 0.369565 0.245932 0.373402 0.095305 0.373402 0.094840 0.351662
0 0.448164 0.345269 0.427708 0.345269 0.427243 0.348465 0.308229 0.348465 0.308694 0.376598 0.336123 0.377238 0.336123 0.452046 0.309159 0.452685 0.309159 0.459079 0.350535 0.459079 0.350535 0.452685 0.341702 0.452046 0.342166 0.357417 0.427243 0.357417 0.427708 0.418798 0.448164 0.418798
0 0.840539 0.344629 0.821013 0.344629 0.820549 0.345908 0.702464 0.345908 0.702464 0.414962 0.708043 0.414962 0.708508 0.375959 0.744305 0.375959 0.744770 0.359335 0.820549 0.359335 0.821013 0.415601 0.840539 0.415601
0 0.308694 0.281969 0.308694 0.292199 0.390516 0.292199 0.390516 0.281969
0 0.307764 0.221228 0.307764 0.234655 0.427243 0.234655 0.427708 0.232097 0.448164 0.232097 0.448164 0.221228
0 0.215249 0.221228 0.215249 0.234655 0.246397 0.235294 0.246397 0.317136 0.252906 0.317136 0.252906 0.221228
0 0.072989 0.221228 0.072989 0.283887 0.094840 0.283887 0.094840 0.235294 0.096234 0.234655 0.096234 0.221228
0 0.651325 0.217391 0.651325 0.233376 0.698745 0.234015 0.698745 0.294757 0.784286 0.294757 0.784286 0.283887 0.703394 0.283887 0.703394 0.233376 0.820549 0.233376 0.821013 0.231458 0.840539 0.231458 0.840539 0.217391
0 0.469549 0.217391 0.469549 0.281969 0.490470 0.281969 0.491399 0.217391
1 0.701534 0.643862 0.701534 0.697570 0.721525 0.697570 0.721525 0.643862
1 0.351464 0.613811 0.351464 0.638107 0.390051 0.638107 0.390051 0.613811
1 0.351929 0.542839 0.351929 0.549233 0.388656 0.549233 0.388656 0.542839
1 0.648071 0.525575 0.648071 0.574808 0.653649 0.574808 0.653649 0.525575
1 0.786146 0.502558 0.786146 0.517263 0.814040 0.517263 0.814040 0.502558
1 0.351000 0.452685 0.351000 0.459079 0.388192 0.459079 0.388192 0.452685
1 0.702464 0.415601 0.702464 0.460358 0.708043 0.460358 0.708043 0.415601
1 0.246397 0.317775 0.246397 0.368926 0.252906 0.368926 0.252906 0.317775
2 0.721990 0.810102 0.721990 0.821611 0.798233 0.821611 0.798233 0.810102
2 0.638773 0.794118 0.638773 0.821611 0.685263 0.821611 0.685263 0.794118
2 0.245467 0.790921 0.245467 0.820972 0.289633 0.820972 0.289633 0.790921
2 0.701534 0.707801 0.701534 0.792199 0.721525 0.792199 0.721525 0.707801
2 0.871688 0.641944 0.863319 0.641944 0.863319 0.809463 0.841004 0.810102 0.841004 0.821611 0.862854 0.821611 0.862854 0.810102 0.871688 0.809463
2 0.469084 0.639386 0.469084 0.736573 0.490005 0.736573 0.490005 0.639386
2 0.309623 0.638747 0.309623 0.790281 0.327290 0.790281 0.327290 0.638747
2 0.072989 0.636189 0.072989 0.734015 0.094840 0.734015 0.094840 0.636189
2 0.394235 0.613811 0.394235 0.638107 0.426313 0.638107 0.426313 0.613811
2 0.814505 0.518542 0.814505 0.546675 0.840539 0.546675 0.840539 0.518542
2 0.469549 0.445652 0.469549 0.511509 0.490470 0.511509 0.490470 0.445652
2 0.072989 0.425831 0.072989 0.546675 0.094840 0.546675 0.094840 0.425831
2 0.427708 0.419437 0.427708 0.446292 0.448164 0.446292 0.448164 0.419437
2 0.821013 0.416240 0.821013 0.480179 0.840539 0.480179 0.840539 0.416240
2 0.469549 0.356777 0.469549 0.381074 0.490470 0.381074 0.490470 0.356777
2 0.072989 0.284527 0.072989 0.351023 0.094840 0.351023 0.094840 0.284527
2 0.469549 0.282609 0.469549 0.355499 0.490470 0.355499 0.490470 0.282609
2 0.427708 0.232737 0.427708 0.344629 0.448164 0.344629 0.448164 0.232737
2 0.821013 0.232097 0.821013 0.343990 0.840539 0.343990 0.840539 0.232097
2 0.253371 0.221228 0.253371 0.234655 0.307299 0.234655 0.307299 0.221228
2 0.096699 0.221228 0.096699 0.234655 0.214784 0.234655 0.214784 0.221228
2 0.491864 0.217391 0.491864 0.233376 0.650860 0.233376 0.650860 0.217391
