0 0.083567 0.773537 0.083567 0.841603 0.103641 0.841603 0.103641 0.818066 0.099907 0.817430 0.099907 0.773537
0 0.477124 0.743003 0.477124 0.762723 0.491130 0.762723 0.491130 0.743003
0 0.083567 0.657125 0.083567 0.711832 0.099907 0.711832 0.099907 0.657125
0 0.685808 0.588422 0.685808 0.666031 0.669001 0.666667 0.669001 0.673664 0.685808 0.674300 0.685808 0.742366 0.669001 0.743003 0.669001 0.762723 0.721289 0.762723 0.721289 0.743003 0.690943 0.742366 0.690943 0.588422
0 0.575163 0.547710 0.575163 0.742366 0.564426 0.743003 0.564426 0.762723 0.623716 0.762723 0.623716 0.743003 0.581232 0.742366 0.581232 0.674300 0.623249 0.673664 0.623249 0.666667 0.581232 0.666031 0.581232 0.547710
0 0.685808 0.411578 0.685808 0.540076 0.690943 0.540076 0.691410 0.529898 0.844538 0.530534 0.844538 0.742366 0.811858 0.743003 0.811858 0.762723 0.861345 0.762723 0.861345 0.482824 0.844538 0.482824 0.844071 0.522265 0.691410 0.522265 0.690943 0.411578
0 0.355275 0.340331 0.354809 0.385496 0.255369 0.385496 0.255369 0.393130 0.256769 0.393766 0.256769 0.463104 0.264706 0.462468 0.265173 0.396947 0.355275 0.397583 0.355275 0.461196 0.345938 0.461832 0.345005 0.515267 0.262838 0.515267 0.262372 0.513359 0.256769 0.513359 0.256303 0.515267 0.100373 0.515267 0.099907 0.492366 0.083567 0.492366 0.083567 0.592875 0.099907 0.592875 0.100373 0.523537 0.225490 0.524173 0.225490 0.817430 0.222689 0.818066 0.222689 0.841603 0.299253 0.841603 0.299253 0.818066 0.231559 0.817430 0.231559 0.648855 0.309991 0.648219 0.309991 0.641858 0.231559 0.641221 0.232026 0.522265 0.345005 0.522901 0.345005 0.538168 0.354342 0.538804 0.354342 0.641221 0.344071 0.641858 0.344071 0.648219 0.347806 0.648855 0.347806 0.742366 0.345472 0.743003 0.345472 0.817430 0.343604 0.818066 0.343604 0.841603 0.362745 0.841603 0.362745 0.763359 0.388889 0.762723 0.388889 0.743003 0.361345 0.742366 0.361345 0.538804 0.379085 0.538804 0.380019 0.462468 0.363212 0.462468 0.362278 0.461196 0.362278 0.355598 0.355275 0.354962
0 0.682540 0.322519 0.682540 0.330153 0.685808 0.330789 0.685808 0.362595 0.690943 0.362595 0.690943 0.322519
0 0.844538 0.279898 0.844538 0.361959 0.861345 0.361959 0.861345 0.279898
0 0.245098 0.198473 0.169935 0.198473 0.169935 0.218193 0.182540 0.218830 0.182540 0.385496 0.100373 0.386132 0.099907 0.359415 0.083567 0.359415 0.083567 0.433206 0.099907 0.433206 0.100373 0.393130 0.220822 0.393130 0.220822 0.385496 0.188142 0.384860 0.188142 0.218830 0.245098 0.218193
0 0.362745 0.256997 0.362745 0.185751 0.346872 0.185751 0.346405 0.198473 0.285714 0.198473 0.285714 0.218193 0.355275 0.218193 0.355742 0.256997
0 0.631186 0.055980 0.631186 0.078244 0.639122 0.078880 0.639122 0.109415 0.644258 0.109415 0.644725 0.078244 0.844071 0.078244 0.844538 0.155852 0.861345 0.155852 0.861345 0.055980
0 0.602708 0.055980 0.602708 0.078244 0.614846 0.078244 0.614846 0.055980
0 0.346872 0.055980 0.346872 0.104962 0.362745 0.104962 0.363212 0.078244 0.572829 0.078244 0.573296 0.363868 0.544818 0.364504 0.544818 0.370865 0.580766 0.370865 0.580766 0.330789 0.604108 0.330153 0.604108 0.322519 0.580766 0.321883 0.581232 0.230280 0.639122 0.230916 0.639122 0.321883 0.635387 0.322519 0.635387 0.330153 0.647059 0.330153 0.647059 0.322519 0.644258 0.321883 0.644258 0.155216 0.639122 0.155216 0.639122 0.221374 0.595705 0.222010 0.595238 0.188931 0.580766 0.188295 0.580766 0.078880 0.586835 0.078244 0.586835 0.055980
0 0.083567 0.055980 0.083567 0.300891 0.099907 0.300891 0.099907 0.218830 0.126050 0.218193 0.126050 0.198473 0.099907 0.197837 0.099907 0.055980
1 0.299720 0.818066 0.299720 0.841603 0.343137 0.841603 0.343137 0.818066
1 0.104108 0.818066 0.104108 0.841603 0.222222 0.841603 0.222222 0.818066
1 0.624183 0.743003 0.624183 0.762723 0.668534 0.762723 0.668534 0.743003
1 0.623716 0.666667 0.623716 0.673664 0.668534 0.673664 0.668534 0.666667
1 0.310458 0.641858 0.310458 0.648219 0.343604 0.648219 0.343604 0.641858
1 0.685808 0.540712 0.685808 0.587786 0.690943 0.587786 0.690943 0.540712
1 0.256769 0.463740 0.256769 0.512723 0.262372 0.512723 0.262372 0.463740
1 0.221289 0.385496 0.221289 0.393130 0.254902 0.393130 0.254902 0.385496
1 0.685808 0.363232 0.685808 0.410941 0.690943 0.410941 0.690943 0.363232
1 0.647526 0.322519 0.647526 0.330153 0.682073 0.330153 0.682073 0.322519
1 0.604575 0.322519 0.604575 0.330153 0.634921 0.330153 0.634921 0.322519
1 0.355742 0.257634 0.355742 0.354962 0.362745 0.354962 0.362745 0.257634
1 0.245565 0.198473 0.245565 0.218193 0.285247 0.218193 0.285247 0.198473
1 0.126517 0.198473 0.126517 0.218193 0.169468 0.218193 0.169468 0.198473
1 0.639122 0.110051 0.639122 0.154580 0.644258 0.154580 0.644258 0.110051
2 0.721755 0.743003 0.721755 0.762723 0.811391 0.762723 0.811391 0.743003
2 0.491597 0.743003 0.491597 0.762723 0.563959 0.762723 0.563959 0.743003
2 0.389356 0.743003 0.389356 0.762723 0.476657 0.762723 0.476657 0.743003
2 0.083567 0.712468 0.083567 0.772901 0.099907 0.772901 0.099907 0.712468
2 0.083567 0.593511 0.083567 0.656489 0.099907 0.656489 0.099907 0.593511
2 0.083567 0.433842 0.083567 0.491730 0.099907 0.491730 0.099907 0.433842
2 0.844538 0.362595 0.844538 0.482188 0.861345 0.482188 0.861345 0.362595
2 0.083567 0.301527 0.083567 0.358779 0.099907 0.358779 0.099907 0.301527
2 0.844538 0.156489 0.844538 0.279262 0.861345 0.279262 0.861345 0.156489
2 0.346872 0.105598 0.346872 0.185115 0.362745 0.185115 0.362745 0.105598
2 0.615313 0.055980 0.615313 0.078244 0.630719 0.078244 0.630719 0.055980
2 0.587302 0.055980 0.587302 0.078244 0.602241 0.078244 0.602241 0.055980
