0 0.972489 0.685154 0.947537 0.685154 0.946897 0.734642 0.628919 0.734642 0.628919 0.751706 0.972489 0.751706
0 0.554063 0.734642 0.467051 0.734642 0.466411 0.677474 0.456174 0.677474 0.455534 0.734642 0.078695 0.734642 0.078055 0.714164 0.050544 0.714164 0.050544 0.751706 0.554063 0.751706
0 0.271913 0.512799 0.271913 0.526451 0.455534 0.526451 0.456174 0.602389 0.466411 0.602389 0.466411 0.512799
0 0.972489 0.416382 0.947537 0.416382 0.946897 0.473549 0.657070 0.473549 0.656430 0.471843 0.646193 0.471843 0.646193 0.487201 0.946897 0.487201 0.947537 0.491468 0.972489 0.491468
0 0.106846 0.391638 0.106846 0.396758 0.120282 0.396758 0.120282 0.391638
0 0.028151 0.502560 0.049904 0.502560 0.050544 0.530717 0.078055 0.530717 0.078695 0.526451 0.120282 0.526451 0.120282 0.488908 0.106846 0.488908 0.106206 0.494027 0.035189 0.493174 0.035829 0.200512 0.106206 0.200512 0.106846 0.203925 0.120282 0.203925 0.120921 0.196246 0.532310 0.196246 0.532949 0.525597 0.543186 0.525597 0.543186 0.403584 0.591811 0.402730 0.591811 0.389078 0.543186 0.388225 0.543826 0.218430 0.646193 0.219283 0.646193 0.388225 0.639155 0.389078 0.639155 0.402730 0.656430 0.401877 0.657070 0.196246 0.946897 0.196246 0.947537 0.223549 0.972489 0.223549 0.972489 0.180034 0.050544 0.180034 0.049904 0.191126 0.028151 0.191126
1 0.554702 0.734642 0.554702 0.751706 0.628279 0.751706 0.628279 0.734642
1 0.456174 0.603242 0.456174 0.676621 0.466411 0.676621 0.466411 0.603242
1 0.646193 0.402730 0.646193 0.470990 0.656430 0.470990 0.656430 0.402730
1 0.106846 0.397611 0.106846 0.488055 0.120282 0.488055 0.120282 0.397611
1 0.592450 0.389078 0.592450 0.402730 0.638516 0.402730 0.638516 0.389078
2 0.050544 0.531570 0.050544 0.713311 0.078055 0.713311 0.078055 0.531570
2 0.947537 0.492321 0.947537 0.684300 0.972489 0.684300 0.972489 0.492321
2 0.947537 0.224403 0.947537 0.415529 0.972489 0.415529 0.972489 0.224403
2 0.106846 0.204778 0.106846 0.390785 0.120282 0.390785 0.120282 0.204778
