0 0.325088 0.269269 0.325088 0.286286 0.328622 0.286286 0.328622 0.269269
0 0.174558 0.269269 0.174558 0.286286 0.176678 0.286286 0.176678 0.269269
0 0.800707 0.119119 0.754770 0.119119 0.754770 0.154154 0.787986 0.155155 0.787986 0.664665 0.632509 0.665666 0.632509 0.675676 0.639576 0.676677 0.639576 0.692693 0.647350 0.692693 0.648057 0.675676 0.787279 0.675676 0.787986 0.830831 0.648057 0.831832 0.647350 0.756757 0.639576 0.756757 0.638869 0.831832 0.538516 0.831832 0.538516 0.846847 0.800707 0.846847
0 0.602120 0.119119 0.517314 0.119119 0.517314 0.154154 0.562544 0.155155 0.562544 0.498498 0.415548 0.499499 0.414841 0.420420 0.403534 0.420420 0.403534 0.682683 0.414841 0.682683 0.415548 0.675676 0.510954 0.675676 0.510954 0.665666 0.414841 0.664665 0.415548 0.510511 0.561837 0.510511 0.562544 0.664665 0.556890 0.665666 0.556890 0.675676 0.575265 0.675676 0.575265 0.665666 0.570318 0.664665 0.570318 0.155155 0.602120 0.154154
0 0.391519 0.101101 0.391519 0.268268 0.387986 0.269269 0.387986 0.286286 0.403534 0.287287 0.403534 0.336336 0.414841 0.336336 0.414841 0.155155 0.433922 0.154154 0.433922 0.119119 0.402120 0.119119 0.401413 0.101101
0 0.130035 0.101101 0.130035 0.846847 0.474205 0.846847 0.474205 0.831832 0.415548 0.831832 0.414841 0.764765 0.403534 0.764765 0.402827 0.831832 0.142049 0.830831 0.142049 0.287287 0.151237 0.286286 0.151237 0.269269 0.141343 0.268268 0.142049 0.101101
1 0.474912 0.831832 0.474912 0.846847 0.537809 0.846847 0.537809 0.831832
1 0.639576 0.693694 0.639576 0.755756 0.647350 0.755756 0.647350 0.693694
1 0.403534 0.683684 0.403534 0.763764 0.414841 0.763764 0.414841 0.683684
1 0.575972 0.665666 0.575972 0.675676 0.631802 0.675676 0.631802 0.665666
1 0.511661 0.665666 0.511661 0.675676 0.556184 0.675676 0.556184 0.665666
1 0.403534 0.337337 0.403534 0.419419 0.414841 0.419419 0.414841 0.337337
1 0.329329 0.269269 0.329329 0.286286 0.387279 0.286286 0.387279 0.269269
2 0.177385 0.269269 0.177385 0.286286 0.324382 0.286286 0.324382 0.269269
2 0.151943 0.269269 0.151943 0.286286 0.173852 0.286286 0.173852 0.269269
2 0.602827 0.119119 0.602827 0.154154 0.754064 0.154154 0.754064 0.119119
2 0.434629 0.119119 0.434629 0.154154 0.516608 0.154154 0.516608 0.119119
2 0.142756 0.101101 0.142756 0.114114 0.390813 0.114114 0.390813 0.101101
