0 0.581841 0.353970 0.446931 0.353970 0.446931 0.375505 0.556905 0.376178 0.556905 0.740242 0.327366 0.740915 0.327366 0.801480 0.335038 0.801480 0.335678 0.746972 0.471228 0.746972 0.471867 0.810229 0.477621 0.810229 0.478261 0.779273 0.556266 0.779273 0.556905 0.893001 0.478261 0.893674 0.477621 0.847241 0.471867 0.847241 0.471228 0.893674 0.335678 0.893674 0.335038 0.848587 0.327366 0.848587 0.326726 0.893674 0.232737 0.893674 0.232737 0.905114 0.569054 0.905114 0.569054 0.621131 0.581841 0.620458
0 0.255754 0.353970 0.255115 0.438089 0.262788 0.438089 0.262788 0.376178 0.264706 0.375505 0.264706 0.353970
0 0.324808 0.210633 0.078005 0.210633 0.078005 0.353297 0.074808 0.353970 0.074808 0.621803 0.159207 0.622476 0.159207 0.905114 0.172634 0.905114 0.172634 0.893674 0.168798 0.893001 0.168798 0.749664 0.262788 0.748991 0.262788 0.699865 0.255115 0.699865 0.254476 0.740915 0.208440 0.740915 0.207801 0.716016 0.168798 0.715343 0.169437 0.619112 0.254476 0.619112 0.255115 0.658143 0.262788 0.658143 0.262788 0.481830 0.255115 0.481830 0.254476 0.611036 0.085038 0.610363 0.085038 0.376178 0.156010 0.375505 0.156010 0.353970 0.085038 0.353297 0.085038 0.216689 0.319054 0.216016 0.319693 0.353297 0.310742 0.353970 0.310742 0.375505 0.328005 0.375505 0.328005 0.353970 0.324808 0.353297
1 0.173274 0.893674 0.173274 0.905114 0.232097 0.905114 0.232097 0.893674
1 0.471867 0.810902 0.471867 0.846568 0.477621 0.846568 0.477621 0.810902
1 0.327366 0.802153 0.327366 0.847914 0.335038 0.847914 0.335038 0.802153
1 0.255115 0.658816 0.255115 0.699192 0.262788 0.699192 0.262788 0.658816
1 0.255115 0.438762 0.255115 0.481157 0.262788 0.481157 0.262788 0.438762
1 0.265345 0.353970 0.265345 0.375505 0.310102 0.375505 0.310102 0.353970
2 0.328645 0.353970 0.328645 0.375505 0.446292 0.375505 0.446292 0.353970
2 0.156650 0.353970 0.156650 0.375505 0.255115 0.374832 0.255115 0.353970
