0 0.042714 0.871287 0.042714 0.945215 0.270101 0.945215 0.270101 0.939274 0.046901 0.939274 0.046482 0.871287
0 0.267588 0.855446 0.267588 0.860726 0.595059 0.860726 0.595059 0.855446
0 0.645310 0.700990 0.645310 0.727393 0.649497 0.727393 0.649497 0.700990
0 0.504188 0.700990 0.504188 0.727393 0.505863 0.727393 0.505863 0.700990
0 0.438023 0.700990 0.438023 0.727393 0.442211 0.727393 0.442211 0.700990
0 0.373534 0.700990 0.373534 0.727393 0.380235 0.727393 0.380235 0.700990
0 0.262982 0.700990 0.262982 0.727393 0.314908 0.727393 0.314908 0.700990
0 0.042295 0.695050 0.042295 0.702970 0.046482 0.702970 0.046901 0.695050
0 0.152010 0.693069 0.152010 0.727393 0.189280 0.727393 0.189280 0.700990 0.165829 0.700990 0.165410 0.693069
0 0.695561 0.625083 0.695561 0.700330 0.690117 0.700990 0.690117 0.727393 0.735762 0.727393 0.735762 0.700990 0.699749 0.700330 0.699749 0.625083
0 0.152010 0.590759 0.152010 0.600660 0.165410 0.600660 0.165410 0.590759
0 0.585008 0.524752 0.585008 0.700330 0.567839 0.700990 0.567839 0.727393 0.618509 0.727393 0.618509 0.700990 0.589196 0.700330 0.589196 0.524752
0 0.152010 0.521452 0.152010 0.531353 0.165410 0.531353 0.165410 0.521452
0 0.942630 0.421122 0.943049 0.621782 0.947236 0.621782 0.946817 0.421122
0 0.608040 0.409241 0.608040 0.462046 0.695142 0.462046 0.695561 0.498350 0.699749 0.498350 0.700168 0.462046 0.758794 0.462706 0.758794 0.559736 0.700168 0.560396 0.699749 0.552475 0.695561 0.552475 0.695561 0.574257 0.699749 0.574257 0.700168 0.566997 0.758794 0.567657 0.758794 0.700330 0.759631 0.700990 0.759631 0.727393 0.773869 0.727393 0.773869 0.409241 0.758794 0.409241 0.758375 0.455446 0.612647 0.455446 0.612228 0.409241
0 0.042295 0.382178 0.042295 0.389439 0.047320 0.389439 0.047320 0.382178
0 0.152010 0.392739 0.165410 0.392739 0.165829 0.332673 0.302345 0.332673 0.302345 0.326073 0.165829 0.326073 0.165410 0.277228 0.152010 0.277228
0 0.835846 0.058086 0.835846 0.079868 0.933417 0.080528 0.933417 0.212541 0.835427 0.213201 0.835427 0.234983 0.947236 0.234983 0.947236 0.058086
0 0.754188 0.058086 0.754188 0.079868 0.758794 0.080528 0.758794 0.205941 0.696817 0.206601 0.695142 0.201980 0.690955 0.205281 0.693886 0.214521 0.693886 0.296370 0.687605 0.297030 0.687605 0.303630 0.701843 0.303630 0.701843 0.297030 0.697655 0.296370 0.698074 0.214521 0.758375 0.214521 0.758794 0.296370 0.730737 0.297030 0.730737 0.303630 0.758375 0.303630 0.758794 0.353795 0.773869 0.353795 0.773869 0.235644 0.798995 0.234983 0.798995 0.213201 0.771357 0.212541 0.771357 0.080528 0.789363 0.079868 0.789363 0.058086
0 0.708124 0.058086 0.668760 0.058086 0.668760 0.079868 0.672111 0.080528 0.672111 0.149835 0.674623 0.157096 0.678811 0.153795 0.677136 0.147855 0.677136 0.080528 0.708124 0.079868
0 0.575377 0.058086 0.575377 0.079868 0.608040 0.080528 0.608040 0.325413 0.602596 0.326073 0.602596 0.332673 0.608040 0.333333 0.608040 0.356436 0.612228 0.356436 0.612647 0.303630 0.653266 0.303630 0.653266 0.297030 0.612228 0.296370 0.612228 0.080528 0.643216 0.079868 0.643216 0.058086
0 0.449330 0.058086 0.449330 0.079868 0.484506 0.080528 0.484506 0.325413 0.481993 0.326073 0.481993 0.332673 0.570352 0.332673 0.570352 0.326073 0.488693 0.325413 0.488693 0.080528 0.512982 0.079868 0.512982 0.058086
0 0.336683 0.058086 0.336683 0.079868 0.338777 0.080528 0.338777 0.325413 0.336265 0.326073 0.336265 0.332673 0.359296 0.332673 0.359715 0.339274 0.392797 0.339274 0.393216 0.332673 0.430067 0.332673 0.430067 0.326073 0.342965 0.325413 0.342965 0.080528 0.392379 0.079868 0.392379 0.058086
0 0.152010 0.178878 0.165410 0.178878 0.165829 0.079868 0.299414 0.079868 0.299414 0.058086 0.152010 0.058086
1 0.649916 0.700990 0.649916 0.727393 0.689698 0.727393 0.689698 0.700990
1 0.695561 0.574917 0.695561 0.624422 0.699749 0.624422 0.699749 0.574917
1 0.152010 0.532013 0.152010 0.590099 0.165410 0.590099 0.165410 0.532013
1 0.695561 0.499010 0.695561 0.551815 0.699749 0.551815 0.699749 0.499010
1 0.608040 0.357096 0.608040 0.408581 0.612228 0.408581 0.612228 0.357096
1 0.758794 0.354455 0.758794 0.408581 0.773869 0.408581 0.773869 0.354455
1 0.570771 0.326073 0.570771 0.332673 0.602178 0.332673 0.602178 0.326073
1 0.430486 0.326073 0.430486 0.332673 0.481575 0.332673 0.481575 0.326073
1 0.302764 0.326073 0.302764 0.332673 0.335846 0.332673 0.335846 0.326073
1 0.702261 0.297030 0.702261 0.303630 0.730318 0.303630 0.730318 0.297030
1 0.653685 0.297030 0.653685 0.303630 0.687186 0.303630 0.687186 0.297030
1 0.799414 0.213201 0.799414 0.234983 0.835008 0.234983 0.835008 0.213201
1 0.679229 0.153795 0.674623 0.157756 0.690536 0.205281 0.695142 0.201320
2 0.736181 0.700990 0.736181 0.727393 0.759213 0.727393 0.759213 0.700990
2 0.618928 0.700990 0.618928 0.727393 0.644891 0.727393 0.644891 0.700990
2 0.506281 0.700990 0.506281 0.727393 0.567420 0.727393 0.567420 0.700990
2 0.442630 0.700990 0.442630 0.727393 0.503769 0.727393 0.503769 0.700990
2 0.380653 0.700990 0.380653 0.727393 0.437605 0.727393 0.437605 0.700990
2 0.315327 0.700990 0.315327 0.727393 0.373116 0.727393 0.373116 0.700990
2 0.189698 0.700990 0.189698 0.727393 0.262563 0.727393 0.262563 0.700990
2 0.046901 0.696370 0.046901 0.702970 0.151591 0.702970 0.151591 0.695710
2 0.152010 0.601320 0.152010 0.692409 0.165410 0.692409 0.165410 0.601320
2 0.152010 0.393399 0.152010 0.520792 0.165410 0.520792 0.165410 0.393399
2 0.042295 0.390099 0.042295 0.694389 0.046901 0.694389 0.046901 0.390099
2 0.047739 0.382178 0.047739 0.389439 0.071189 0.389439 0.071189 0.382178
2 0.612647 0.196040 0.612647 0.202640 0.640285 0.202640 0.640285 0.196040
2 0.152010 0.179538 0.152010 0.276568 0.165410 0.276568 0.165410 0.179538
2 0.789782 0.058086 0.789782 0.079868 0.835427 0.079868 0.835427 0.058086
2 0.708543 0.058086 0.708543 0.079868 0.753769 0.079868 0.753769 0.058086
2 0.643635 0.058086 0.643635 0.079868 0.668342 0.079868 0.668342 0.058086
2 0.513400 0.058086 0.513400 0.079868 0.574958 0.079868 0.574958 0.058086
2 0.392797 0.058086 0.392797 0.079868 0.448911 0.079868 0.448911 0.058086
2 0.299832 0.058086 0.299832 0.079868 0.336265 0.079868 0.336265 0.058086
