0 0.454704 0.784299 0.454704 0.809451 0.458188 0.809451 0.458188 0.784299
0 0.209640 0.784299 0.209640 0.809451 0.211963 0.809451 0.211963 0.784299
0 0.660279 0.708841 0.660279 0.783537 0.645180 0.784299 0.645180 0.809451 0.678281 0.809451 0.678281 0.784299 0.666086 0.783537 0.666086 0.708841
0 0.920441 0.628811 0.904762 0.628811 0.904762 0.641768 0.898955 0.642530 0.898955 0.650152 0.904762 0.650915 0.904762 0.783537 0.868757 0.784299 0.868757 0.809451 0.920441 0.809451
0 0.238095 0.607470 0.238095 0.783537 0.230546 0.784299 0.230546 0.809451 0.256678 0.809451 0.256678 0.784299 0.242741 0.783537 0.242741 0.714177 0.256098 0.713415 0.256098 0.705793 0.242741 0.705030 0.242741 0.607470
0 0.545296 0.582317 0.545296 0.783537 0.523229 0.784299 0.523229 0.809451 0.591173 0.809451 0.591173 0.784299 0.551684 0.783537 0.551684 0.605945 0.617886 0.605183 0.617886 0.599085 0.552265 0.599085 0.551684 0.582317
0 0.351916 0.573171 0.351916 0.705030 0.307201 0.705793 0.307201 0.713415 0.351916 0.714177 0.351916 0.783537 0.307782 0.784299 0.307782 0.809451 0.434959 0.809451 0.434959 0.784299 0.357143 0.783537 0.357143 0.573171
0 0.904762 0.567073 0.904762 0.582317 0.920441 0.582317 0.920441 0.567073
0 0.657956 0.599085 0.657956 0.605183 0.660859 0.605945 0.660279 0.658537 0.666086 0.658537 0.666667 0.650152 0.766551 0.650915 0.766551 0.783537 0.714866 0.784299 0.714866 0.809451 0.831591 0.809451 0.831591 0.784299 0.775261 0.783537 0.775261 0.650915 0.853659 0.650152 0.853659 0.642530 0.759001 0.642530 0.758420 0.564024 0.749129 0.564024 0.748548 0.641768 0.665505 0.641768 0.664925 0.599085
0 0.920441 0.134146 0.824623 0.134146 0.824623 0.157012 0.904762 0.157774 0.904181 0.275915 0.807201 0.275915 0.807201 0.285061 0.904762 0.285823 0.904181 0.435213 0.810685 0.435213 0.810105 0.402439 0.757840 0.401677 0.757840 0.285823 0.763066 0.285061 0.763066 0.275915 0.757840 0.275152 0.757840 0.157774 0.774681 0.157012 0.774681 0.134146 0.681185 0.134146 0.681185 0.157012 0.748548 0.157774 0.747967 0.453506 0.567944 0.453506 0.567364 0.385671 0.563298 0.385671 0.562718 0.453506 0.352497 0.453506 0.352497 0.507622 0.357143 0.507622 0.357724 0.461890 0.544715 0.461890 0.545296 0.530488 0.551684 0.530488 0.552265 0.528201 0.569686 0.528201 0.570267 0.461890 0.748548 0.461890 0.749129 0.506860 0.758420 0.506860 0.758420 0.445884 0.904181 0.445884 0.904762 0.507622 0.920441 0.507622
0 0.613821 0.134146 0.613821 0.157012 0.616144 0.157012 0.616144 0.134146
0 0.532520 0.134146 0.532520 0.157012 0.563298 0.157774 0.563298 0.321646 0.567364 0.321646 0.567364 0.157774 0.593496 0.157012 0.593496 0.134146
0 0.471545 0.134146 0.471545 0.157012 0.484321 0.157012 0.484321 0.134146
0 0.403020 0.134146 0.403020 0.157012 0.408246 0.157012 0.408246 0.134146
0 0.233449 0.134146 0.233449 0.157012 0.295587 0.157774 0.295587 0.425305 0.292102 0.426067 0.292102 0.432927 0.301394 0.432927 0.301394 0.157774 0.336237 0.157012 0.336237 0.134146
0 0.211963 0.134146 0.211963 0.157012 0.216609 0.157012 0.216609 0.134146
0 0.058072 0.134146 0.057491 0.809451 0.143438 0.809451 0.143438 0.784299 0.074913 0.783537 0.074913 0.545732 0.237515 0.544970 0.238095 0.550305 0.242741 0.550305 0.242741 0.531250 0.238095 0.531250 0.237515 0.537348 0.152729 0.537348 0.152149 0.433689 0.237515 0.432927 0.238095 0.481707 0.242741 0.481707 0.242741 0.433689 0.246225 0.432927 0.246225 0.426067 0.144019 0.425305 0.144019 0.432927 0.146341 0.433689 0.146341 0.536585 0.074913 0.536585 0.075494 0.433689 0.106852 0.432927 0.106852 0.425305 0.075494 0.424543 0.075494 0.157774 0.143438 0.157012 0.143438 0.134146
1 0.257259 0.784299 0.257259 0.809451 0.307201 0.809451 0.307201 0.784299
1 0.256678 0.705793 0.256678 0.713415 0.306620 0.713415 0.306620 0.705793
1 0.660279 0.659299 0.660279 0.708079 0.666086 0.708079 0.666086 0.659299
1 0.854239 0.642530 0.854239 0.650152 0.898374 0.650152 0.898374 0.642530
1 0.618467 0.599085 0.618467 0.605183 0.657375 0.605183 0.657375 0.599085
1 0.238095 0.551067 0.238095 0.606707 0.242741 0.606707 0.242741 0.551067
1 0.545296 0.531250 0.545296 0.581555 0.551684 0.581555 0.551684 0.531250
1 0.904762 0.508384 0.904762 0.566311 0.920441 0.566311 0.920441 0.508384
1 0.749129 0.507622 0.749129 0.563262 0.758420 0.563262 0.758420 0.507622
1 0.238095 0.482470 0.238095 0.530488 0.242741 0.530488 0.242741 0.482470
1 0.246806 0.426067 0.246806 0.432927 0.291521 0.432927 0.291521 0.426067
1 0.107433 0.425305 0.107433 0.432927 0.143438 0.432927 0.143438 0.425305
1 0.563298 0.322409 0.563298 0.384909 0.567364 0.384909 0.567364 0.322409
1 0.763647 0.275915 0.763647 0.285061 0.806620 0.285061 0.806620 0.275915
1 0.775261 0.134146 0.775261 0.157012 0.824042 0.157012 0.824042 0.134146
1 0.484901 0.134146 0.484901 0.157012 0.531940 0.157012 0.531940 0.134146
2 0.832172 0.784299 0.832172 0.809451 0.868177 0.809451 0.868177 0.784299
2 0.678862 0.784299 0.678862 0.809451 0.714286 0.809451 0.714286 0.784299
2 0.591754 0.784299 0.591754 0.809451 0.644599 0.809451 0.644599 0.784299
2 0.458769 0.784299 0.458769 0.809451 0.522648 0.809451 0.522648 0.784299
2 0.435540 0.784299 0.435540 0.809451 0.454123 0.809451 0.454123 0.784299
2 0.212544 0.784299 0.212544 0.809451 0.229965 0.809451 0.229965 0.784299
2 0.144019 0.784299 0.144019 0.809451 0.209059 0.809451 0.209059 0.784299
2 0.904762 0.583079 0.904762 0.628049 0.920441 0.628049 0.920441 0.583079
2 0.616725 0.134146 0.616725 0.157012 0.680604 0.157012 0.680604 0.134146
2 0.594077 0.134146 0.594077 0.157012 0.613240 0.157012 0.613240 0.134146
2 0.408827 0.134146 0.408827 0.157012 0.470964 0.157012 0.470964 0.134146
2 0.336818 0.134146 0.336818 0.157012 0.402439 0.157012 0.402439 0.134146
2 0.217189 0.134146 0.217189 0.157012 0.232869 0.157012 0.232869 0.134146
2 0.144019 0.134146 0.144019 0.157012 0.211382 0.157012 0.211382 0.134146
