0 0.144788 0.632075 0.144788 0.785005 0.196686 0.785005 0.196686 0.770606 0.157000 0.770109 0.157000 0.632075
0 0.363716 0.624131 0.363716 0.770109 0.356738 0.770606 0.356738 0.785005 0.393371 0.785005 0.393371 0.770606 0.369385 0.770109 0.369385 0.624131
0 0.277802 0.623138 0.277802 0.770109 0.259485 0.770606 0.259485 0.785005 0.317052 0.785005 0.317052 0.770606 0.283908 0.770109 0.283908 0.623138
0 0.363716 0.575472 0.363716 0.584409 0.369385 0.584409 0.369821 0.581927 0.479285 0.582423 0.479285 0.770109 0.458788 0.770606 0.458788 0.785005 0.507196 0.785005 0.507196 0.770606 0.484954 0.770109 0.484954 0.582423 0.552551 0.581927 0.552551 0.575472
0 0.591365 0.563555 0.591365 0.574975 0.588748 0.575472 0.588748 0.581927 0.591365 0.582423 0.591365 0.770109 0.567379 0.770606 0.567379 0.785005 0.681640 0.785005 0.681640 0.770606 0.676843 0.770109 0.676843 0.722443 0.668993 0.722443 0.668556 0.765641 0.597471 0.765144 0.597471 0.602781 0.631923 0.602284 0.631923 0.595829 0.597907 0.595829 0.597471 0.563555
0 0.749237 0.560576 0.749237 0.595333 0.726123 0.595829 0.726123 0.602284 0.749237 0.602781 0.749237 0.666832 0.675534 0.667329 0.675098 0.640516 0.681204 0.640020 0.681204 0.613704 0.675098 0.613208 0.675098 0.602781 0.692106 0.602284 0.692106 0.595829 0.666812 0.595829 0.666812 0.602284 0.668993 0.602781 0.668993 0.680735 0.676843 0.680735 0.677279 0.675770 0.748801 0.675770 0.749237 0.770109 0.747492 0.770606 0.747492 0.785005 0.762756 0.785005 0.762756 0.560576
0 0.589184 0.266137 0.589184 0.282522 0.629307 0.282522 0.629307 0.266137
0 0.546010 0.266137 0.546010 0.282522 0.552987 0.282522 0.552987 0.266137
0 0.466638 0.266137 0.466638 0.282522 0.472307 0.282522 0.472307 0.266137
0 0.386393 0.266137 0.386393 0.282522 0.392063 0.282522 0.392063 0.266137
0 0.306149 0.266137 0.306149 0.282522 0.311382 0.282522 0.311382 0.266137
0 0.223724 0.266137 0.223724 0.282522 0.232010 0.282522 0.232010 0.266137
0 0.144788 0.266137 0.144788 0.599305 0.157000 0.599305 0.157000 0.582423 0.160925 0.581927 0.160925 0.575968 0.157000 0.575472 0.157436 0.495531 0.210641 0.496028 0.210641 0.575472 0.193197 0.575968 0.193197 0.581927 0.277366 0.581927 0.277802 0.584906 0.283908 0.584906 0.283908 0.570506 0.277802 0.570506 0.277366 0.575968 0.215438 0.575472 0.215438 0.496028 0.277366 0.495531 0.277802 0.531281 0.283908 0.531281 0.283908 0.488580 0.157000 0.488083 0.157000 0.283019 0.186655 0.282522 0.186655 0.266137
0 0.926734 0.245283 0.915395 0.245283 0.914959 0.280536 0.805059 0.280536 0.805059 0.291460 0.926734 0.291460
0 0.884431 0.140020 0.884431 0.152929 0.915395 0.153426 0.915395 0.190169 0.926734 0.190169 0.926734 0.140020
0 0.849106 0.140020 0.755342 0.140020 0.755342 0.265641 0.692543 0.266137 0.692543 0.282522 0.749237 0.283019 0.748801 0.474677 0.597907 0.474677 0.597471 0.326216 0.591365 0.326216 0.591365 0.522840 0.597471 0.522840 0.597907 0.481629 0.748801 0.481629 0.749237 0.518868 0.762756 0.518868 0.762756 0.291956 0.769734 0.291460 0.769734 0.280536 0.762756 0.280040 0.762756 0.153426 0.849106 0.152929
1 0.317488 0.770606 0.317488 0.785005 0.356302 0.785005 0.356302 0.770606
1 0.668993 0.681231 0.668993 0.721946 0.676843 0.721946 0.676843 0.681231
1 0.692543 0.595829 0.692543 0.602284 0.725687 0.602284 0.725687 0.595829
1 0.632359 0.595829 0.632359 0.602284 0.666376 0.602284 0.666376 0.595829
1 0.277802 0.585402 0.277802 0.622642 0.283908 0.622642 0.283908 0.585402
1 0.363716 0.584906 0.363716 0.623635 0.369385 0.623635 0.369385 0.584906
1 0.161361 0.575968 0.161361 0.581927 0.192761 0.581927 0.192761 0.575968
1 0.552987 0.575472 0.552987 0.581927 0.588312 0.581927 0.588312 0.575472
1 0.277802 0.531778 0.277802 0.570010 0.283908 0.570010 0.283908 0.531778
1 0.591365 0.523337 0.591365 0.563059 0.597471 0.563059 0.597471 0.523337
1 0.749237 0.519364 0.749237 0.560079 0.762756 0.560079 0.762756 0.519364
1 0.770170 0.280536 0.770170 0.291460 0.804623 0.291460 0.804623 0.280536
1 0.553423 0.266137 0.553423 0.282522 0.588748 0.282522 0.588748 0.266137
1 0.187091 0.266137 0.187091 0.282522 0.223288 0.282522 0.223288 0.266137
1 0.849542 0.140020 0.849542 0.152929 0.883995 0.152929 0.883995 0.140020
2 0.682076 0.770606 0.682076 0.785005 0.747056 0.785005 0.747056 0.770606
2 0.507632 0.770606 0.507632 0.785005 0.566943 0.785005 0.566943 0.770606
2 0.393807 0.770606 0.393807 0.785005 0.458352 0.785005 0.458352 0.770606
2 0.197122 0.770606 0.197122 0.785005 0.259049 0.785005 0.259049 0.770606
2 0.144788 0.599801 0.144788 0.631579 0.157000 0.631579 0.157000 0.599801
2 0.629743 0.266137 0.629743 0.282522 0.692106 0.282522 0.692106 0.266137
2 0.472743 0.266137 0.472743 0.282522 0.545573 0.282522 0.545573 0.266137
2 0.392499 0.266137 0.392499 0.282522 0.466201 0.282522 0.466201 0.266137
2 0.311819 0.266137 0.311819 0.282522 0.385957 0.282522 0.385957 0.266137
2 0.232447 0.266137 0.232447 0.282522 0.305713 0.282522 0.305713 0.266137
2 0.915395 0.190665 0.915395 0.244786 0.926734 0.244786 0.926734 0.190665
