0 0.069802 0.877316 0.069802 0.913738 0.166054 0.913738 0.166054 0.894569 0.095518 0.894569 0.094783 0.877316
0 0.426892 0.805751 0.426892 0.813419 0.430566 0.814058 0.430566 0.893930 0.418810 0.894569 0.418810 0.913738 0.443791 0.913738 0.443791 0.894569 0.439383 0.893930 0.439383 0.814058 0.442322 0.813419 0.442322 0.805751
0 0.348273 0.757827 0.339456 0.757827 0.339456 0.893930 0.274063 0.894569 0.274063 0.913738 0.358560 0.913738 0.358560 0.894569 0.348273 0.893930 0.348273 0.814058 0.368846 0.813419 0.368846 0.805751 0.348273 0.805112
0 0.545922 0.670288 0.537840 0.670927 0.537840 0.805112 0.486407 0.805751 0.486407 0.813419 0.537840 0.814058 0.537840 0.893930 0.487142 0.894569 0.487142 0.913738 0.581190 0.913738 0.581190 0.894569 0.546657 0.893930
0 0.603233 0.663898 0.604702 0.671565 0.601763 0.672204 0.711976 0.661342 0.711976 0.800000 0.755327 0.800639 0.755327 0.893930 0.692138 0.894569 0.692138 0.913738 0.782513 0.913738 0.782513 0.894569 0.760470 0.893930 0.760470 0.794888 0.717120 0.794249 0.717120 0.661342 0.762675 0.660703 0.762675 0.653035 0.709037 0.653035
0 0.348273 0.649840 0.339456 0.649840 0.338722 0.699042 0.095518 0.699042 0.094783 0.651118 0.069802 0.651118 0.069802 0.839617 0.094783 0.839617 0.095518 0.706709 0.338722 0.706709 0.339456 0.708626 0.348273 0.708626
0 0.679647 0.486262 0.670830 0.486262 0.670096 0.591693 0.540779 0.591693 0.540779 0.599361 0.679647 0.599361
0 0.756796 0.341214 0.756796 0.361022 0.781043 0.361022 0.781043 0.341214
0 0.626745 0.341214 0.626745 0.361022 0.695077 0.361022 0.695077 0.341214
0 0.385746 0.341214 0.385746 0.361022 0.412932 0.361661 0.412932 0.591054 0.409993 0.591693 0.409993 0.599361 0.472447 0.599361 0.472447 0.591693 0.421749 0.591054 0.421749 0.361661 0.518001 0.361022 0.518001 0.341214
0 0.153564 0.341214 0.153564 0.361022 0.213079 0.361661 0.213079 0.476038 0.210140 0.476677 0.210140 0.484345 0.213079 0.484984 0.212344 0.599361 0.338722 0.599361 0.339456 0.600639 0.351212 0.599361 0.351212 0.591693 0.221896 0.591054 0.221896 0.361661 0.275533 0.361022 0.275533 0.341214
0 0.071271 0.003195 0.069802 0.610863 0.094783 0.610863 0.094783 0.484984 0.164585 0.484345 0.164585 0.476677 0.094783 0.476038 0.094783 0.361661 0.106539 0.361022 0.106539 0.341214 0.078619 0.340575 0.078619 0.003195
0 0.967671 0.000000 0.960323 0.000000 0.960323 0.340575 0.889052 0.341214 0.889052 0.361022 0.958119 0.361661 0.958119 0.652396 0.822190 0.653035 0.822190 0.660703 0.958119 0.661342 0.958119 0.893930 0.891256 0.894569 0.891256 0.913738 0.972814 0.913738 0.972814 0.341214 0.967671 0.340575
1 0.359295 0.894569 0.359295 0.913738 0.418075 0.913738 0.418075 0.894569
1 0.443057 0.805751 0.443057 0.813419 0.485672 0.813419 0.485672 0.805751
1 0.369581 0.805751 0.369581 0.813419 0.426157 0.813419 0.426157 0.805751
1 0.339456 0.709265 0.339456 0.757188 0.348273 0.757188 0.348273 0.709265
1 0.603233 0.664537 0.546657 0.670288 0.547392 0.677955 0.603968 0.671565
1 0.763409 0.653035 0.763409 0.660703 0.821455 0.660703 0.821455 0.653035
1 0.339456 0.601278 0.339456 0.649201 0.348273 0.649201 0.348273 0.601278
1 0.473181 0.591693 0.473181 0.599361 0.540044 0.599361 0.540044 0.591693
1 0.351947 0.591693 0.351947 0.599361 0.409258 0.599361 0.409258 0.591693
1 0.095518 0.591693 0.095518 0.599361 0.211609 0.599361 0.211609 0.591693
1 0.165320 0.476677 0.165320 0.484345 0.209405 0.484345 0.209405 0.476677
1 0.695812 0.341214 0.695812 0.361022 0.756062 0.361022 0.756062 0.341214
2 0.783248 0.894569 0.783248 0.913738 0.890522 0.913738 0.890522 0.894569
2 0.581925 0.894569 0.581925 0.913738 0.691403 0.913738 0.691403 0.894569
2 0.444526 0.894569 0.444526 0.913738 0.486407 0.913738 0.486407 0.894569
2 0.166789 0.894569 0.166789 0.913738 0.273328 0.913738 0.273328 0.894569
2 0.069802 0.840256 0.069802 0.876677 0.094783 0.876677 0.094783 0.840256
2 0.069802 0.611502 0.069802 0.650479 0.094783 0.650479 0.094783 0.611502
2 0.781778 0.341214 0.781778 0.361022 0.888317 0.361022 0.888317 0.341214
2 0.518736 0.341214 0.518736 0.361022 0.626010 0.361022 0.626010 0.341214
2 0.276267 0.341214 0.276267 0.361022 0.385011 0.361022 0.385011 0.341214
2 0.107274 0.341214 0.107274 0.361022 0.152829 0.361022 0.152829 0.341214
