0 0.888215 0.630396 0.850953 0.630396 0.850087 0.732914 0.682842 0.732914 0.682842 0.742806 0.850087 0.742806 0.850953 0.750000 0.888215 0.750000
0 0.205373 0.466727 0.205373 0.484712 0.361352 0.485612 0.361352 0.960432 0.888215 0.960432 0.888215 0.844424 0.850953 0.844424 0.850087 0.943345 0.480069 0.943345 0.479203 0.861511 0.469671 0.861511 0.469671 0.942446 0.415945 0.943345 0.415078 0.910971 0.382149 0.910072 0.382149 0.743705 0.468804 0.742806 0.469671 0.800360 0.479203 0.800360 0.480069 0.742806 0.609185 0.742806 0.609185 0.732914 0.383016 0.732914 0.382149 0.466727
0 0.753033 0.371403 0.753033 0.350719 0.749567 0.349820 0.749567 0.331835 0.700173 0.330935 0.700173 0.272482 0.673310 0.272482 0.672444 0.340827 0.510399 0.340827 0.510399 0.350719 0.672444 0.350719 0.673310 0.387590 0.749567 0.387590 0.749567 0.372302
0 0.887348 0.011691 0.672444 0.011691 0.671577 0.051259 0.035529 0.051259 0.035529 0.484712 0.121317 0.484712 0.121317 0.466727 0.052860 0.465827 0.052860 0.351619 0.124783 0.350719 0.124783 0.344424 0.052860 0.343525 0.053726 0.245504 0.183709 0.245504 0.184575 0.343525 0.179376 0.344424 0.179376 0.350719 0.253033 0.350719 0.253033 0.344424 0.190641 0.343525 0.190641 0.230216 0.177643 0.230216 0.176776 0.233813 0.060659 0.232914 0.061525 0.077338 0.176776 0.077338 0.177643 0.155576 0.190641 0.155576 0.191508 0.069245 0.359619 0.069245 0.360485 0.343525 0.326690 0.344424 0.326690 0.350719 0.435009 0.350719 0.435009 0.340827 0.430676 0.340827 0.429809 0.344424 0.367418 0.343525 0.367418 0.154676 0.394281 0.153777 0.395147 0.069245 0.672444 0.069245 0.673310 0.104317 0.700173 0.104317 0.701906 0.022482 0.876083 0.022482 0.876950 0.330935 0.828423 0.331835 0.828423 0.349820 0.825823 0.350719 0.825823 0.371403 0.828423 0.372302 0.828423 0.387590 0.850953 0.388489 0.850953 0.401978 0.888215 0.401978
1 0.469671 0.801259 0.469671 0.860612 0.479203 0.860612 0.479203 0.801259
1 0.610052 0.732914 0.610052 0.742806 0.681976 0.742806 0.681976 0.732914
1 0.122184 0.466727 0.122184 0.484712 0.204506 0.484712 0.204506 0.466727
1 0.753899 0.350719 0.753899 0.371403 0.824957 0.371403 0.824957 0.350719
1 0.253899 0.344424 0.253899 0.350719 0.325823 0.350719 0.325823 0.344424
1 0.125650 0.344424 0.125650 0.350719 0.178510 0.350719 0.178510 0.344424
1 0.435875 0.340827 0.435875 0.350719 0.509532 0.350719 0.509532 0.340827
1 0.177643 0.156475 0.177643 0.229317 0.190641 0.229317 0.190641 0.156475
2 0.850953 0.750899 0.850953 0.843525 0.888215 0.843525 0.888215 0.750899
2 0.850953 0.402878 0.850953 0.629496 0.888215 0.629496 0.888215 0.402878
2 0.673310 0.105216 0.673310 0.271583 0.700173 0.271583 0.700173 0.105216
