0 0.458763 0.848972 0.458763 0.856684 0.464948 0.856684 0.464948 0.848972
0 0.158763 0.715938 0.154639 0.715938 0.154639 0.936375 0.143643 0.937018 0.143643 0.954370 0.161168 0.954370 0.161512 0.914524 0.185567 0.914524 0.185567 0.897815 0.158763 0.897172 0.158763 0.820694 0.185567 0.820051 0.185567 0.812339 0.158763 0.811697
0 0.285567 0.669666 0.285567 0.677378 0.319931 0.678021 0.319931 0.936375 0.283162 0.937018 0.283162 0.955013 0.325086 0.955013 0.325086 0.937018 0.324055 0.936375 0.324055 0.678021 0.326804 0.677378 0.326804 0.669666
0 0.258763 0.669666 0.228522 0.669666 0.228522 0.811697 0.226117 0.812339 0.226117 0.820051 0.228522 0.820694 0.228522 0.897172 0.224399 0.897815 0.225086 0.955013 0.233333 0.955013 0.233333 0.937018 0.232646 0.936375 0.232646 0.678021 0.258763 0.677378
0 0.559794 0.572622 0.555670 0.572622 0.555670 0.848329 0.550859 0.848972 0.550859 0.856684 0.559794 0.856684
0 0.240206 0.534062 0.240206 0.598972 0.242612 0.598972 0.242612 0.534062
0 0.555670 0.533419 0.555670 0.550771 0.559794 0.550771 0.559794 0.533419
0 0.156014 0.513496 0.152921 0.513496 0.152577 0.553342 0.044330 0.553342 0.044330 0.559126 0.152577 0.559126 0.152921 0.584190 0.156014 0.584190
0 0.559794 0.494859 0.555670 0.494859 0.555326 0.500000 0.458419 0.500000 0.458419 0.507712 0.555326 0.507712 0.555670 0.512853 0.559794 0.512853
0 0.555670 0.455656 0.555670 0.472365 0.559794 0.472365 0.559794 0.455656
0 0.574227 0.346401 0.574227 0.758355 0.991065 0.758355 0.991065 0.507712 0.918900 0.507712 0.919588 0.549486 0.923711 0.549486 0.924055 0.520566 0.982131 0.521208 0.981787 0.593830 0.924055 0.593830 0.923711 0.590617 0.919588 0.590617 0.919588 0.602828 0.923711 0.602828 0.924055 0.601542 0.982131 0.602185 0.981787 0.743573 0.924055 0.743573 0.923711 0.645244 0.919588 0.645244 0.919244 0.743573 0.841581 0.743573 0.841237 0.652314 0.836770 0.652314 0.836426 0.743573 0.636426 0.743573 0.636082 0.649100 0.631615 0.649100 0.631271 0.743573 0.582474 0.743573 0.582474 0.521851 0.631271 0.521851 0.631615 0.607969 0.636082 0.607969 0.636426 0.521851 0.772509 0.521851 0.772852 0.586118 0.806186 0.586118 0.806186 0.534704 0.804811 0.534704 0.804467 0.583548 0.774227 0.582905 0.774227 0.475578 0.836426 0.474936 0.836770 0.602185 0.841237 0.602185 0.841237 0.521208 0.877663 0.520566 0.877663 0.507712 0.843986 0.507712 0.843643 0.460154 0.768729 0.460154 0.768385 0.507712 0.660137 0.507712 0.659794 0.346401
0 0.300000 0.314267 0.260481 0.314267 0.260481 0.331620 0.265636 0.332262 0.265292 0.473008 0.208935 0.473008 0.208935 0.598972 0.210653 0.598972 0.210997 0.476221 0.265292 0.476221 0.265636 0.583548 0.271821 0.583548 0.271821 0.577763 0.269759 0.577121 0.269759 0.332262 0.300000 0.331620
0 0.152234 0.309769 0.152234 0.332262 0.190034 0.331620 0.190034 0.314267 0.161856 0.314267 0.161512 0.309769
0 0.559794 0.314267 0.421306 0.314267 0.420962 0.267995 0.416838 0.267995 0.416495 0.314267 0.390722 0.314267 0.390722 0.331620 0.412027 0.332262 0.412027 0.577121 0.297251 0.577763 0.297251 0.583548 0.358763 0.583548 0.359107 0.586761 0.362543 0.586761 0.362887 0.583548 0.412027 0.584190 0.411684 0.669666 0.362887 0.669666 0.362543 0.627892 0.359107 0.627892 0.359107 0.669023 0.351890 0.669666 0.351890 0.677378 0.412027 0.678021 0.412027 0.936375 0.373883 0.937018 0.373883 0.955013 0.420962 0.955013 0.420962 0.857326 0.427148 0.856684 0.427148 0.848972 0.420962 0.848329 0.420962 0.508355 0.428866 0.507712 0.428866 0.500000 0.420962 0.499357 0.420962 0.322622 0.555326 0.321979 0.555670 0.434447 0.559794 0.434447
0 0.152234 0.253856 0.152234 0.255784 0.161512 0.255784 0.161512 0.253856
0 0.416838 0.194730 0.416838 0.214010 0.420962 0.214010 0.420962 0.194730
0 0.416838 0.122108 0.416838 0.142031 0.420962 0.142031 0.420962 0.122108
0 0.404467 0.034062 0.404467 0.041774 0.416838 0.042416 0.416838 0.067481 0.420962 0.067481 0.420962 0.034062
0 0.359107 0.034062 0.359107 0.041774 0.375258 0.041774 0.375258 0.034062
0 0.311340 0.034062 0.311340 0.041774 0.328522 0.041774 0.328522 0.034062
0 0.272509 0.034062 0.272509 0.041774 0.282474 0.041774 0.282474 0.034062
0 0.222680 0.034062 0.222680 0.041774 0.244674 0.041774 0.244674 0.034062
0 0.150515 0.051414 0.152234 0.052057 0.152234 0.062982 0.161512 0.062982 0.161856 0.041774 0.193471 0.041774 0.193471 0.034062 0.150515 0.034062
0 0.057045 0.034062 0.057045 0.051414 0.084192 0.052057 0.084192 0.174807 0.082818 0.175450 0.082818 0.183162 0.084192 0.183805 0.084192 0.339974 0.088316 0.339974 0.088316 0.151028 0.151890 0.150386 0.152234 0.197301 0.161512 0.197301 0.161512 0.122751 0.152234 0.122751 0.151890 0.142674 0.098282 0.142674 0.097938 0.052057 0.105498 0.051414 0.105498 0.034062
0 0.003780 0.034062 0.003780 0.954370 0.033677 0.954370 0.033677 0.937018 0.011684 0.936375 0.011684 0.559769 0.013746 0.559126 0.013746 0.553342 0.011684 0.552699 0.011684 0.392031 0.151890 0.391388 0.152234 0.428663 0.156357 0.428663 0.156357 0.379177 0.152234 0.379177 0.151890 0.383676 0.088660 0.383676 0.088316 0.379820 0.084192 0.379820 0.083849 0.383676 0.011684 0.383033 0.011684 0.183805 0.059450 0.183162 0.059450 0.175450 0.011684 0.174807 0.011684 0.052057 0.016151 0.051414 0.016151 0.034062
1 0.197938 0.897815 0.197938 0.914524 0.224055 0.914524 0.224055 0.897815
1 0.465292 0.848972 0.465292 0.856684 0.550515 0.856684 0.550515 0.848972
1 0.427491 0.848972 0.427491 0.856684 0.458419 0.856684 0.458419 0.848972
1 0.197938 0.812339 0.197938 0.820051 0.225773 0.820051 0.225773 0.812339
1 0.327148 0.669666 0.327148 0.677378 0.351546 0.677378 0.351546 0.669666
1 0.259107 0.669666 0.259107 0.677378 0.285223 0.677378 0.285223 0.669666
1 0.631615 0.608612 0.631615 0.648458 0.636082 0.648458 0.636082 0.608612
1 0.919588 0.603470 0.919588 0.644602 0.923711 0.644602 0.923711 0.603470
1 0.836770 0.602828 0.836770 0.651671 0.841237 0.651671 0.841237 0.602828
1 0.359107 0.587404 0.359107 0.627249 0.362543 0.627249 0.362543 0.587404
1 0.272165 0.577763 0.272165 0.583548 0.296907 0.583548 0.296907 0.577763
1 0.014089 0.553342 0.014089 0.559126 0.043986 0.559126 0.043986 0.553342
1 0.919588 0.550129 0.919588 0.589974 0.923711 0.589974 0.923711 0.550129
1 0.429210 0.500000 0.429210 0.507712 0.458076 0.507712 0.458076 0.500000
1 0.084192 0.340617 0.084192 0.379177 0.088316 0.379177 0.088316 0.340617
1 0.152234 0.332905 0.152234 0.378535 0.156357 0.378535 0.156357 0.332905
1 0.152234 0.256427 0.152234 0.309126 0.161512 0.309126 0.161512 0.256427
1 0.416838 0.214653 0.416838 0.267352 0.420962 0.267352 0.420962 0.214653
1 0.059794 0.175450 0.059794 0.183162 0.082474 0.183162 0.082474 0.175450
1 0.152234 0.063625 0.152234 0.122108 0.161512 0.122108 0.161512 0.063625
2 0.325430 0.937018 0.325430 0.955013 0.373540 0.955013 0.373540 0.937018
2 0.233677 0.937018 0.233677 0.955013 0.282818 0.955013 0.282818 0.937018
2 0.034021 0.937018 0.034021 0.954370 0.143299 0.954370 0.143299 0.937018
2 0.185911 0.897815 0.185911 0.914524 0.196907 0.914524 0.196907 0.897815
2 0.185911 0.812339 0.185911 0.820051 0.196907 0.820051 0.196907 0.812339
2 0.555670 0.551414 0.555670 0.571979 0.559794 0.571979 0.559794 0.551414
2 0.555670 0.513496 0.555670 0.532776 0.559794 0.532776 0.559794 0.513496
2 0.878007 0.507712 0.878007 0.520566 0.918557 0.520566 0.918557 0.507712
2 0.555670 0.473008 0.555670 0.494216 0.559794 0.494216 0.559794 0.473008
2 0.555670 0.435090 0.555670 0.455013 0.559794 0.455013 0.559794 0.435090
2 0.300344 0.314267 0.300344 0.331620 0.390378 0.331620 0.390378 0.314267
2 0.190378 0.314267 0.190378 0.331620 0.260137 0.331620 0.260137 0.314267
2 0.152234 0.197943 0.152234 0.253213 0.161512 0.253213 0.161512 0.197943
2 0.416838 0.142674 0.416838 0.194087 0.420962 0.194087 0.420962 0.142674
2 0.416838 0.068123 0.416838 0.121465 0.420962 0.121465 0.420962 0.068123
2 0.375601 0.034062 0.375601 0.041774 0.404124 0.041774 0.404124 0.034062
2 0.328866 0.034062 0.328866 0.041774 0.358763 0.041774 0.358763 0.034062
2 0.282818 0.034062 0.282818 0.041774 0.310997 0.041774 0.310997 0.034062
2 0.245017 0.034062 0.245017 0.041774 0.272165 0.041774 0.272165 0.034062
2 0.193814 0.034062 0.193814 0.041774 0.222337 0.041774 0.222337 0.034062
2 0.105842 0.034062 0.105842 0.051414 0.150172 0.051414 0.150172 0.034062
2 0.016495 0.034062 0.016495 0.051414 0.056701 0.051414 0.056701 0.034062
