0 0.370205 0.887601 0.357877 0.887601 0.357534 0.941028 0.318493 0.941028 0.318493 0.961190 0.370205 0.961190
0 0.052740 0.814516 0.052740 0.961190 0.089726 0.961190 0.089726 0.941028 0.064384 0.940524 0.064384 0.814516
0 0.131507 0.941028 0.131507 0.961190 0.275685 0.961190 0.275685 0.941028 0.193151 0.940524 0.193151 0.794355 0.188699 0.794355 0.188699 0.940524
0 0.052740 0.657762 0.052740 0.789315 0.064384 0.789315 0.064726 0.740423 0.188356 0.740423 0.188699 0.751008 0.193151 0.751008 0.193151 0.733871 0.064726 0.733871 0.064384 0.657762
0 0.052740 0.609879 0.052740 0.612399 0.064384 0.612399 0.064384 0.609879
0 0.880822 0.603327 0.880822 0.611895 0.889041 0.611895 0.889041 0.603327
0 0.052740 0.568044 0.052740 0.570060 0.064384 0.570060 0.064384 0.568044
0 0.849315 0.548387 0.849315 0.611895 0.858904 0.611895 0.858904 0.603327 0.854452 0.602823 0.854452 0.548387
0 0.397603 0.545363 0.369178 0.545363 0.368836 0.541835 0.357877 0.541835 0.357877 0.610887 0.370205 0.610887 0.370205 0.562500 0.397603 0.561996
0 0.678425 0.454637 0.674315 0.454637 0.674315 0.544859 0.654452 0.545363 0.654452 0.561996 0.679452 0.561996 0.679452 0.545363 0.678425 0.544859
0 0.495548 0.454133 0.490068 0.454133 0.490068 0.473790 0.478082 0.474798 0.480479 0.481351 0.473288 0.487399 0.481507 0.480847 0.490068 0.481351 0.490068 0.544859 0.458562 0.544859 0.458562 0.498488 0.456507 0.492440 0.452740 0.494960 0.452740 0.544859 0.446918 0.545363 0.446918 0.561996 0.518151 0.561996 0.518151 0.545363 0.495548 0.544859
0 0.204110 0.336694 0.204110 0.351815 0.230479 0.352319 0.230479 0.469758 0.225000 0.470262 0.225000 0.478831 0.258219 0.479335 0.258219 0.733367 0.232192 0.733871 0.232192 0.740423 0.357534 0.740423 0.357877 0.795867 0.370205 0.795867 0.370205 0.661794 0.357877 0.661794 0.357534 0.666835 0.294863 0.666835 0.294863 0.672883 0.357534 0.672883 0.357534 0.733871 0.262329 0.733367 0.262329 0.673387 0.265411 0.672883 0.265411 0.666835 0.262329 0.666331 0.262329 0.479335 0.309932 0.478831 0.309932 0.470262 0.235959 0.469758 0.235959 0.352319 0.284932 0.351815 0.284932 0.336694
0 0.172260 0.336694 0.172260 0.351815 0.173630 0.351815 0.173630 0.336694
0 0.315411 0.336694 0.315411 0.351815 0.357877 0.352319 0.357877 0.469758 0.338014 0.470262 0.338014 0.478831 0.357534 0.478831 0.357877 0.484375 0.368836 0.484375 0.368836 0.381048 0.384589 0.380544 0.384589 0.374496 0.368836 0.373992 0.368836 0.321069 0.357877 0.321069 0.357534 0.336694
0 0.216781 0.314516 0.216781 0.334173 0.233219 0.334173 0.233219 0.314516
0 0.849315 0.343750 0.849315 0.498992 0.854452 0.498992 0.854795 0.363407 0.989726 0.363911 0.989726 0.602823 0.976370 0.603327 0.976370 0.611895 0.994863 0.611895 0.994863 0.309980 0.989726 0.309980 0.989384 0.354839 0.854795 0.354839 0.854452 0.343750
0 0.088356 0.279234 0.088356 0.336190 0.052740 0.336694 0.052740 0.515121 0.064384 0.515121 0.064726 0.478831 0.196918 0.478831 0.196918 0.470262 0.109589 0.470262 0.109247 0.467742 0.105479 0.467742 0.105137 0.470262 0.064384 0.469758 0.064384 0.352319 0.105479 0.352319 0.105479 0.425403 0.109247 0.425403 0.109247 0.352319 0.139726 0.351815 0.139726 0.336694 0.094521 0.336694 0.094178 0.279234
0 0.750342 0.254032 0.750342 0.268649 0.769521 0.269153 0.769521 0.544859 0.723288 0.545363 0.723288 0.561996 0.785959 0.561996 0.785959 0.549899 0.780822 0.549395 0.780822 0.269153 0.785274 0.268649 0.785274 0.254032
0 0.703767 0.254032 0.703767 0.268649 0.706164 0.268649 0.706164 0.254032
0 0.548630 0.254032 0.548630 0.268649 0.574315 0.269153 0.574315 0.380040 0.569863 0.380544 0.569863 0.390121 0.574315 0.390625 0.574315 0.544859 0.564041 0.545363 0.564041 0.561996 0.622945 0.561996 0.622945 0.545363 0.620205 0.545363 0.619863 0.540827 0.615753 0.540827 0.615411 0.545363 0.580822 0.544859 0.581164 0.500000 0.615411 0.500000 0.615753 0.506048 0.619863 0.506048 0.619863 0.494456 0.580822 0.493952 0.580822 0.385081 0.623288 0.384577 0.623288 0.269153 0.660616 0.268649 0.660616 0.254032 0.616438 0.254032 0.616438 0.268649 0.617808 0.269153 0.617466 0.376512 0.580822 0.376008 0.580822 0.269153 0.582534 0.268649 0.582534 0.254032
0 0.438356 0.254032 0.438356 0.268649 0.454110 0.268649 0.454452 0.272681 0.458562 0.272681 0.458904 0.268649 0.497945 0.269153 0.497945 0.345262 0.458904 0.345766 0.458562 0.314516 0.454452 0.314516 0.454452 0.373992 0.441781 0.374496 0.441781 0.380544 0.489726 0.380544 0.490068 0.414315 0.495548 0.414315 0.495890 0.390121 0.541438 0.390121 0.541438 0.380544 0.495548 0.380040 0.495548 0.354839 0.503082 0.354335 0.503082 0.269153 0.516781 0.268649 0.516781 0.254032
0 0.335274 0.246976 0.335274 0.262097 0.357534 0.262097 0.357877 0.273690 0.368836 0.273690 0.369178 0.268649 0.396233 0.268649 0.396233 0.254032 0.341438 0.254032 0.341096 0.246976
0 0.335274 0.203629 0.335274 0.205645 0.341096 0.205645 0.341096 0.203629
0 0.849315 0.180444 0.849315 0.300907 0.854452 0.300907 0.854795 0.189012 0.989384 0.189012 0.989726 0.246472 0.994863 0.246472 0.994863 0.180444
0 0.331849 0.125504 0.331849 0.134073 0.335274 0.134577 0.335274 0.155746 0.341096 0.155746 0.341096 0.125504
0 0.292123 0.125504 0.292123 0.134073 0.292808 0.134073 0.292808 0.125504
0 0.251712 0.125504 0.251712 0.134073 0.253082 0.134073 0.253082 0.125504
0 0.211301 0.125504 0.211301 0.134073 0.212671 0.134073 0.212671 0.125504
0 0.173288 0.125504 0.173288 0.134073 0.173973 0.134073 0.173973 0.125504
0 0.135274 0.125504 0.135274 0.134073 0.135959 0.134073 0.135959 0.125504
0 0.088356 0.125504 0.088356 0.171371 0.094178 0.171371 0.094521 0.125504
1 0.188699 0.751512 0.188699 0.793851 0.193151 0.793851 0.193151 0.751512
1 0.265753 0.666835 0.265753 0.672883 0.294521 0.672883 0.294521 0.666835
1 0.357877 0.611391 0.357877 0.661290 0.370205 0.661290 0.370205 0.611391
1 0.889384 0.603327 0.889384 0.611895 0.976027 0.611895 0.976027 0.603327
1 0.623288 0.545363 0.623288 0.561996 0.654110 0.561996 0.654110 0.545363
1 0.615753 0.506552 0.615753 0.540323 0.619863 0.540323 0.619863 0.506552
1 0.849315 0.499496 0.849315 0.547883 0.854452 0.547883 0.854452 0.499496
1 0.357877 0.484879 0.357877 0.541331 0.368836 0.541331 0.368836 0.484879
1 0.478082 0.475302 0.456849 0.491431 0.458562 0.497984 0.479795 0.481855
1 0.310274 0.470262 0.310274 0.478831 0.337671 0.478831 0.337671 0.470262
1 0.197260 0.470262 0.197260 0.478831 0.224658 0.478831 0.224658 0.470262
1 0.105479 0.425907 0.105479 0.467238 0.109247 0.467238 0.109247 0.425907
1 0.490068 0.414819 0.490068 0.453629 0.495548 0.453629 0.495548 0.414819
1 0.541781 0.380544 0.541781 0.390121 0.569521 0.390121 0.569521 0.380544
1 0.849315 0.301411 0.849315 0.343246 0.854452 0.343246 0.854452 0.301411
1 0.357877 0.274194 0.357877 0.320565 0.368836 0.320565 0.368836 0.274194
1 0.454452 0.273185 0.454452 0.314012 0.458562 0.314012 0.458562 0.273185
1 0.582877 0.254032 0.582877 0.268649 0.616096 0.268649 0.616096 0.254032
1 0.088356 0.219758 0.088356 0.278730 0.094178 0.278730 0.094178 0.219758
1 0.335274 0.206149 0.335274 0.246472 0.341096 0.246472 0.341096 0.206149
2 0.276027 0.941028 0.276027 0.961190 0.318151 0.961190 0.318151 0.941028
2 0.090068 0.941028 0.090068 0.961190 0.131164 0.961190 0.131164 0.941028
2 0.357877 0.838710 0.357877 0.887097 0.370205 0.887097 0.370205 0.838710
2 0.357877 0.796371 0.357877 0.837702 0.370205 0.837702 0.370205 0.796371
2 0.052740 0.789819 0.052740 0.814012 0.064384 0.814012 0.064384 0.789819
2 0.052740 0.612903 0.052740 0.657258 0.064384 0.657258 0.064384 0.612903
2 0.859247 0.603327 0.859247 0.611895 0.880479 0.611895 0.880479 0.603327
2 0.052740 0.570565 0.052740 0.609375 0.064384 0.609375 0.064384 0.570565
2 0.679795 0.545363 0.679795 0.561996 0.722945 0.561996 0.722945 0.545363
2 0.518493 0.545363 0.518493 0.561996 0.563699 0.561996 0.563699 0.545363
2 0.408904 0.545363 0.408904 0.561996 0.446575 0.561996 0.446575 0.545363
2 0.397945 0.545363 0.397945 0.561996 0.408219 0.561996 0.408219 0.545363
2 0.052740 0.515625 0.052740 0.567540 0.064384 0.567540 0.064384 0.515625
2 0.285274 0.336694 0.285274 0.351815 0.315068 0.351815 0.315068 0.336694
2 0.173973 0.336694 0.173973 0.351815 0.203767 0.351815 0.203767 0.336694
2 0.140068 0.336694 0.140068 0.351815 0.171918 0.351815 0.171918 0.336694
2 0.706507 0.254032 0.706507 0.268649 0.750000 0.268649 0.750000 0.254032
2 0.660959 0.254032 0.660959 0.268649 0.703425 0.268649 0.703425 0.254032
2 0.517123 0.254032 0.517123 0.268649 0.548288 0.268649 0.548288 0.254032
2 0.396575 0.254032 0.396575 0.268649 0.438014 0.268649 0.438014 0.254032
2 0.989726 0.246976 0.989726 0.309476 0.994863 0.309476 0.994863 0.246976
2 0.088356 0.171875 0.088356 0.219254 0.094178 0.219254 0.094178 0.171875
2 0.335274 0.156250 0.335274 0.203125 0.341096 0.203125 0.341096 0.156250
2 0.293151 0.125504 0.293151 0.134073 0.331507 0.134073 0.331507 0.125504
2 0.253425 0.125504 0.253425 0.134073 0.291781 0.134073 0.291781 0.125504
2 0.213014 0.125504 0.213014 0.134073 0.251370 0.134073 0.251370 0.125504
2 0.174315 0.125504 0.174315 0.134073 0.210959 0.134073 0.210959 0.125504
2 0.136301 0.125504 0.136301 0.134073 0.172945 0.134073 0.172945 0.125504
2 0.094863 0.125504 0.094863 0.134073 0.134932 0.134073 0.134932 0.125504
