0 0.183656 0.804897 0.183656 0.912777 0.504634 0.912777 0.504634 0.897475 0.484414 0.897475 0.483572 0.886764 0.475147 0.886764 0.474305 0.897475 0.232519 0.897475 0.231676 0.804897
0 0.183656 0.555471 0.183656 0.697016 0.231676 0.697016 0.232519 0.682479 0.474305 0.682479 0.475147 0.823259 0.483572 0.823259 0.483572 0.683244 0.534120 0.682479 0.534120 0.629686 0.524853 0.629686 0.524010 0.675593 0.232519 0.675593 0.231676 0.555471
0 0.183656 0.313695 0.183656 0.446825 0.231676 0.446825 0.231676 0.313695
0 0.575400 0.309105 0.575400 0.349656 0.615838 0.350421 0.615838 0.514920 0.623420 0.514920 0.624263 0.517980 0.632687 0.517980 0.632687 0.350421 0.642797 0.349656 0.642797 0.328233 0.624263 0.327467 0.624263 0.309105
0 0.548441 0.139250 0.548441 0.169855 0.575400 0.170620 0.575400 0.239480 0.624263 0.239480 0.625105 0.149197 0.855939 0.149197 0.856782 0.327467 0.762426 0.328233 0.762426 0.349656 0.889638 0.350421 0.888795 0.635807 0.662174 0.635807 0.661331 0.589901 0.633530 0.589901 0.632687 0.581484 0.624263 0.581484 0.623420 0.584545 0.615838 0.584545 0.615838 0.701607 0.626790 0.701607 0.627633 0.698546 0.632687 0.698546 0.633530 0.641928 0.889638 0.642693 0.889638 0.769702 0.828981 0.770467 0.828981 0.779648 0.833193 0.780413 0.833193 0.784239 0.883741 0.785004 0.883741 0.890589 0.756529 0.890589 0.756529 0.780413 0.759899 0.779648 0.759899 0.770467 0.627633 0.770467 0.626790 0.764346 0.615838 0.764346 0.615838 0.791125 0.626790 0.791125 0.627633 0.788064 0.632687 0.788064 0.633530 0.775057 0.742207 0.775057 0.743050 0.851568 0.712721 0.852334 0.711879 0.897475 0.633530 0.897475 0.632687 0.850038 0.627633 0.850038 0.626790 0.846978 0.615838 0.846978 0.615838 0.896710 0.582982 0.897475 0.582982 0.912777 0.903960 0.912777 0.903960 0.139250
0 0.183656 0.205815 0.231676 0.205815 0.232519 0.169855 0.393429 0.169855 0.393429 0.139250 0.183656 0.139250
1 0.505476 0.897475 0.505476 0.912777 0.582140 0.912777 0.582140 0.897475
1 0.475147 0.824024 0.475147 0.885998 0.483572 0.885998 0.483572 0.824024
1 0.615838 0.791890 0.615838 0.846213 0.626790 0.846213 0.626790 0.791890
1 0.760741 0.770467 0.760741 0.779648 0.828138 0.779648 0.828138 0.770467
1 0.615838 0.702372 0.615838 0.763581 0.626790 0.763581 0.626790 0.702372
1 0.624263 0.518745 0.624263 0.580719 0.632687 0.580719 0.632687 0.518745
1 0.575400 0.240245 0.575400 0.308340 0.624263 0.308340 0.624263 0.240245
2 0.183656 0.697781 0.183656 0.804132 0.231676 0.804132 0.231676 0.697781
2 0.183656 0.447590 0.183656 0.554705 0.231676 0.554705 0.231676 0.447590
2 0.643639 0.328233 0.643639 0.349656 0.761584 0.349656 0.761584 0.328233
2 0.183656 0.206580 0.183656 0.312930 0.231676 0.312930 0.231676 0.206580
2 0.394271 0.139250 0.394271 0.169855 0.547599 0.169855 0.547599 0.139250
