0 0.962938 0.942857 0.962938 0.953571 0.991914 0.953571 0.991914 0.942857
0 0.394879 0.939286 0.343666 0.938095 0.343666 0.655952 0.337601 0.655952 0.336927 0.939286 0.045148 0.939286 0.044474 0.890476 0.028976 0.890476 0.028976 0.957143 0.394879 0.957143
0 0.468329 0.632143 0.468329 0.938095 0.449461 0.939286 0.449461 0.957143 0.748652 0.957143 0.749326 0.953571 0.910377 0.953571 0.910377 0.942857 0.749326 0.942857 0.748652 0.853571 0.733154 0.853571 0.732480 0.933333 0.475067 0.933333 0.474394 0.632143
0 0.028976 0.675000 0.044474 0.675000 0.045148 0.476190 0.346361 0.476190 0.346361 0.452381 0.340296 0.452381 0.339623 0.459524 0.045148 0.459524 0.044474 0.440476 0.028976 0.440476
0 0.748652 0.427381 0.733154 0.427381 0.732480 0.513095 0.475067 0.513095 0.474394 0.507143 0.468329 0.507143 0.468329 0.535714 0.474394 0.535714 0.475067 0.532143 0.732480 0.532143 0.733154 0.639286 0.748652 0.639286
0 0.733154 0.304762 0.733154 0.308333 0.748652 0.308333 0.748652 0.304762
0 0.028976 0.222619 0.044474 0.222619 0.045148 0.092857 0.299191 0.092857 0.299865 0.169048 0.340296 0.170238 0.340296 0.351190 0.346361 0.351190 0.347035 0.334524 0.396226 0.334524 0.396226 0.323810 0.346361 0.322619 0.346361 0.169048 0.382749 0.167857 0.383423 0.092857 0.510108 0.092857 0.510782 0.322619 0.449461 0.323810 0.449461 0.334524 0.468329 0.335714 0.468329 0.411905 0.474394 0.411905 0.474394 0.335714 0.516173 0.334524 0.516846 0.092857 0.732480 0.092857 0.733154 0.205952 0.748652 0.205952 0.749326 0.086905 0.993261 0.086905 0.993261 0.076190 0.749326 0.076190 0.748652 0.046429 0.028976 0.046429
1 0.911051 0.942857 0.911051 0.953571 0.962264 0.953571 0.962264 0.942857
1 0.395553 0.939286 0.395553 0.957143 0.448787 0.957143 0.448787 0.939286
1 0.468329 0.536905 0.468329 0.630952 0.474394 0.630952 0.474394 0.536905
1 0.468329 0.413095 0.468329 0.505952 0.474394 0.505952 0.474394 0.413095
1 0.340296 0.352381 0.340296 0.451190 0.346361 0.451190 0.346361 0.352381
1 0.396900 0.323810 0.396900 0.334524 0.448787 0.334524 0.448787 0.323810
1 0.733154 0.207143 0.733154 0.303571 0.748652 0.303571 0.748652 0.207143
2 0.028976 0.676190 0.028976 0.889286 0.044474 0.889286 0.044474 0.676190
2 0.733154 0.640476 0.733154 0.852381 0.748652 0.852381 0.748652 0.640476
2 0.733154 0.309524 0.733154 0.426190 0.748652 0.426190 0.748652 0.309524
2 0.028976 0.223810 0.028976 0.439286 0.044474 0.439286 0.044474 0.223810
