0 0.158859 0.838754 0.158859 0.862976 0.170358 0.862976 0.170358 0.838754
0 0.248296 0.838754 0.248296 0.862976 0.273424 0.862976 0.273424 0.826990 0.258518 0.826990 0.258092 0.838754
0 0.043441 0.826990 0.043441 0.862976 0.081772 0.862976 0.081772 0.838754 0.058773 0.838754 0.058348 0.826990
0 0.347104 0.651211 0.347104 0.675433 0.355196 0.676125 0.355196 0.750865 0.384157 0.750865 0.384157 0.726644 0.370102 0.725952 0.370102 0.659516 0.387990 0.658824 0.387990 0.651211
0 0.043441 0.650519 0.043441 0.701038 0.058348 0.701038 0.058348 0.650519
0 0.438671 0.610381 0.438671 0.650519 0.420784 0.651211 0.420784 0.658824 0.438671 0.659516 0.438671 0.725952 0.431431 0.726644 0.431431 0.750865 0.477002 0.750865 0.477002 0.726644 0.443356 0.725952 0.443356 0.618685 0.468058 0.617993 0.468058 0.610381
0 0.536201 0.606228 0.531516 0.606228 0.531090 0.610381 0.500852 0.610381 0.500852 0.617993 0.531516 0.618685 0.531516 0.725952 0.497871 0.726644 0.497871 0.750865 0.536201 0.750865
0 0.258518 0.593772 0.258518 0.768166 0.273424 0.768166 0.273424 0.676125 0.280239 0.675433 0.280239 0.651211 0.263203 0.650519 0.263203 0.593772
0 0.860307 0.564706 0.845400 0.564706 0.845400 0.725952 0.808773 0.726644 0.808773 0.750865 0.860307 0.750865
0 0.043441 0.386159 0.043441 0.522491 0.058348 0.522491 0.058348 0.386159
0 0.823680 0.385467 0.823680 0.393080 0.845400 0.393772 0.845400 0.449827 0.860307 0.449827 0.860307 0.372318 0.845400 0.372318 0.844974 0.385467
0 0.860307 0.262284 0.610733 0.262284 0.610733 0.286505 0.652044 0.287197 0.652044 0.501730 0.600511 0.502422 0.600085 0.539792 0.536627 0.539792 0.536201 0.502422 0.530239 0.502422 0.530239 0.510035 0.531516 0.510727 0.531516 0.553633 0.536201 0.553633 0.536627 0.547405 0.605196 0.547405 0.605622 0.510035 0.652044 0.510727 0.652044 0.725952 0.614140 0.726644 0.614140 0.750865 0.711244 0.750865 0.711244 0.726644 0.666951 0.725952 0.666951 0.393772 0.789608 0.393080 0.789608 0.385467 0.667376 0.385467 0.666951 0.287197 0.844974 0.286505 0.845400 0.321799 0.860307 0.321799
0 0.532794 0.262284 0.478705 0.262284 0.478705 0.286505 0.491908 0.287197 0.491908 0.380623 0.455281 0.381315 0.455281 0.388927 0.491908 0.389619 0.491482 0.502422 0.399915 0.502422 0.399489 0.444291 0.394804 0.444291 0.394804 0.501730 0.364140 0.502422 0.364140 0.510035 0.497019 0.510035 0.496593 0.287197 0.532794 0.286505
0 0.385009 0.262284 0.385009 0.286505 0.394804 0.287197 0.394804 0.391696 0.399489 0.391696 0.399915 0.388927 0.422487 0.388927 0.422487 0.381315 0.399489 0.380623 0.399489 0.287197 0.400767 0.286505 0.400767 0.262284
0 0.363288 0.262284 0.363288 0.286505 0.364140 0.286505 0.364140 0.262284
0 0.258518 0.244291 0.258518 0.286505 0.297274 0.287197 0.297274 0.501730 0.258944 0.502422 0.258944 0.510035 0.331772 0.510035 0.331772 0.502422 0.301959 0.501730 0.301959 0.287197 0.330920 0.286505 0.330920 0.262284 0.273850 0.262284 0.273424 0.244291
0 0.240630 0.181315 0.240630 0.205536 0.273424 0.206228 0.273424 0.181315
0 0.167802 0.181315 0.167802 0.205536 0.190375 0.206228 0.190375 0.427682 0.213799 0.428374 0.213799 0.501730 0.190375 0.502422 0.190375 0.510035 0.225724 0.510035 0.225724 0.502422 0.218484 0.501730 0.218484 0.420069 0.195060 0.419377 0.195060 0.206228 0.205281 0.205536 0.205281 0.181315
0 0.043441 0.262284 0.058348 0.262284 0.058773 0.205536 0.109029 0.205536 0.109029 0.181315 0.043441 0.181315
1 0.711670 0.726644 0.711670 0.750865 0.808348 0.750865 0.808348 0.726644
1 0.388416 0.651211 0.388416 0.658824 0.420358 0.658824 0.420358 0.651211
1 0.296422 0.651211 0.296422 0.675433 0.330920 0.675433 0.330920 0.651211
1 0.468484 0.610381 0.468484 0.617993 0.500426 0.617993 0.500426 0.610381
1 0.531516 0.554325 0.531516 0.605536 0.536201 0.605536 0.536201 0.554325
1 0.043441 0.523183 0.043441 0.649827 0.058348 0.649827 0.058348 0.523183
1 0.497445 0.502422 0.497445 0.510035 0.529813 0.510035 0.529813 0.502422
1 0.332198 0.502422 0.332198 0.510035 0.363714 0.510035 0.363714 0.502422
1 0.226150 0.502422 0.226150 0.510035 0.258518 0.510035 0.258518 0.502422
1 0.394804 0.392388 0.394804 0.443599 0.399489 0.443599 0.399489 0.392388
1 0.790034 0.385467 0.790034 0.393080 0.823254 0.393080 0.823254 0.385467
1 0.422913 0.381315 0.422913 0.388927 0.454855 0.388927 0.454855 0.381315
1 0.845400 0.322491 0.845400 0.371626 0.860307 0.371626 0.860307 0.322491
1 0.331346 0.262284 0.331346 0.286505 0.362862 0.286505 0.362862 0.262284
2 0.170784 0.838754 0.170784 0.862976 0.247871 0.862976 0.247871 0.838754
2 0.082198 0.838754 0.082198 0.862976 0.158433 0.862976 0.158433 0.838754
2 0.258518 0.768858 0.258518 0.826298 0.273424 0.826298 0.273424 0.768858
2 0.536627 0.726644 0.536627 0.750865 0.613714 0.750865 0.613714 0.726644
2 0.477428 0.726644 0.477428 0.750865 0.497445 0.750865 0.497445 0.726644
2 0.384583 0.726644 0.384583 0.750865 0.431005 0.750865 0.431005 0.726644
2 0.043441 0.701730 0.043441 0.826298 0.058348 0.826298 0.058348 0.701730
2 0.331346 0.651211 0.331346 0.675433 0.346678 0.675433 0.346678 0.651211
2 0.280664 0.651211 0.280664 0.675433 0.295997 0.675433 0.295997 0.651211
2 0.845400 0.450519 0.845400 0.564014 0.860307 0.564014 0.860307 0.450519
2 0.043441 0.262976 0.043441 0.385467 0.058348 0.385467 0.058348 0.262976
2 0.533220 0.262284 0.533220 0.286505 0.610307 0.286505 0.610307 0.262284
2 0.401193 0.262284 0.401193 0.286505 0.478279 0.286505 0.478279 0.262284
2 0.364566 0.262284 0.364566 0.286505 0.384583 0.286505 0.384583 0.262284
2 0.258518 0.206920 0.258518 0.243599 0.273424 0.243599 0.273424 0.206920
2 0.205707 0.181315 0.205707 0.205536 0.240204 0.205536 0.240204 0.181315
2 0.109455 0.181315 0.109455 0.205536 0.167376 0.205536 0.167376 0.181315
