0 0.163215 0.715812 0.163215 0.865385 0.763877 0.865385 0.763877 0.844017 0.486330 0.844017 0.485501 0.778846 0.435791 0.778846 0.434963 0.844017 0.202154 0.844017 0.201326 0.715812
0 0.154101 0.445513 0.154101 0.544872 0.201326 0.543803 0.201326 0.538462 0.157415 0.539530 0.157415 0.450855 0.201326 0.449786 0.201326 0.446581
0 0.595692 0.207265 0.595692 0.254274 0.705882 0.255342 0.705882 0.648504 0.555924 0.649573 0.555924 0.658120 0.714996 0.658120 0.714996 0.548077 0.724109 0.547009 0.724109 0.535256 0.714996 0.534188 0.714996 0.255342 0.862469 0.255342 0.862469 0.534188 0.792875 0.535256 0.792875 0.547009 0.862469 0.548077 0.862469 0.842949 0.840099 0.844017 0.840099 0.865385 0.879039 0.865385 0.879039 0.207265
0 0.163215 0.207265 0.163215 0.353632 0.201326 0.353632 0.202154 0.254274 0.473902 0.255342 0.473902 0.658120 0.487987 0.658120 0.487987 0.649573 0.484673 0.648504 0.484673 0.255342 0.495443 0.254274 0.495443 0.207265
1 0.764706 0.844017 0.764706 0.865385 0.839271 0.865385 0.839271 0.844017
1 0.488815 0.649573 0.488815 0.658120 0.555095 0.658120 0.555095 0.649573
1 0.724938 0.535256 0.724938 0.547009 0.792046 0.547009 0.792046 0.535256
1 0.163215 0.450855 0.163215 0.537393 0.201326 0.537393 0.201326 0.450855
2 0.164043 0.544872 0.163215 0.714744 0.201326 0.714744 0.201326 0.544872
2 0.163215 0.354701 0.163215 0.444444 0.201326 0.445513 0.201326 0.354701
2 0.496272 0.207265 0.496272 0.254274 0.594863 0.254274 0.594863 0.207265
