0 0.622967 0.721831 0.622967 0.845657 0.618182 0.846244 0.618182 0.864437 0.719617 0.864437 0.719617 0.846244 0.635407 0.845657 0.635407 0.721831
0 0.463158 0.705986 0.450718 0.705986 0.450718 0.845657 0.362679 0.846244 0.362679 0.864437 0.529187 0.864437 0.529187 0.846244 0.463158 0.845657
0 0.557895 0.223592 0.557895 0.241197 0.638278 0.241197 0.638278 0.223592
0 0.431579 0.223592 0.431579 0.241197 0.466029 0.241197 0.466029 0.223592
0 0.917703 0.024061 0.905263 0.024061 0.905263 0.223005 0.782775 0.223592 0.782775 0.241197 0.898565 0.241784 0.898565 0.444249 0.622967 0.444836 0.622967 0.496479 0.635407 0.496479 0.636364 0.452465 0.898565 0.453052 0.897608 0.558099 0.636364 0.558099 0.635407 0.543427 0.622967 0.543427 0.622967 0.573357 0.635407 0.573357 0.636364 0.564554 0.776077 0.565141 0.776077 0.647300 0.636364 0.647887 0.635407 0.622653 0.622967 0.622653 0.622967 0.666080 0.635407 0.666080 0.636364 0.655516 0.791388 0.655516 0.791388 0.647887 0.786603 0.647300 0.786603 0.565141 0.898565 0.565141 0.898565 0.647300 0.861244 0.647887 0.861244 0.655516 0.898565 0.656103 0.898565 0.845657 0.867943 0.846244 0.867943 0.864437 0.920574 0.864437 0.920574 0.223592 0.917703 0.223005
0 0.099522 0.022887 0.099522 0.137324 0.096651 0.137911 0.097608 0.864437 0.219139 0.864437 0.219139 0.846244 0.119617 0.845657 0.119617 0.599178 0.277512 0.598592 0.278469 0.644366 0.449761 0.644366 0.450718 0.650822 0.463158 0.650822 0.464115 0.644366 0.480383 0.644366 0.480383 0.586854 0.467943 0.586854 0.466986 0.636737 0.291866 0.636737 0.290909 0.585681 0.268900 0.585681 0.267943 0.587441 0.132057 0.587441 0.131100 0.475939 0.267943 0.475352 0.268900 0.535798 0.290909 0.535798 0.291866 0.474765 0.466986 0.474765 0.467943 0.537559 0.480383 0.537559 0.480383 0.467136 0.132057 0.467723 0.115789 0.466549 0.115789 0.241784 0.187560 0.241197 0.187560 0.223592 0.120574 0.223005 0.120574 0.137911 0.111962 0.137324 0.111962 0.022887
1 0.530144 0.846244 0.530144 0.864437 0.617225 0.864437 0.617225 0.846244
1 0.622967 0.666667 0.622967 0.721244 0.635407 0.721244 0.635407 0.666667
1 0.450718 0.651408 0.450718 0.705399 0.463158 0.705399 0.463158 0.651408
1 0.792344 0.647887 0.792344 0.655516 0.860287 0.655516 0.860287 0.647887
1 0.622967 0.573944 0.622967 0.622066 0.635407 0.622066 0.635407 0.573944
1 0.467943 0.538146 0.467943 0.586268 0.480383 0.586268 0.480383 0.538146
1 0.268900 0.536385 0.268900 0.585094 0.290909 0.585094 0.290909 0.536385
1 0.622967 0.497066 0.622967 0.542840 0.635407 0.542840 0.635407 0.497066
1 0.466986 0.223592 0.466986 0.241197 0.556938 0.241197 0.556938 0.223592
2 0.720574 0.846244 0.720574 0.864437 0.866986 0.864437 0.866986 0.846244
2 0.220096 0.846244 0.220096 0.864437 0.361722 0.864437 0.361722 0.846244
2 0.639234 0.223592 0.639234 0.241197 0.781818 0.241197 0.781818 0.223592
2 0.188517 0.223592 0.188517 0.241197 0.430622 0.241197 0.430622 0.223592
