0 0.465972 0.544872 0.465972 0.868590 0.463519 0.869658 0.463519 0.889957 0.476395 0.889957 0.477008 0.733974 0.887186 0.733974 0.887186 0.699786 0.865113 0.699786 0.864500 0.711538 0.631514 0.711538 0.630901 0.544872 0.595953 0.544872 0.595340 0.539530 0.589209 0.539530 0.588596 0.544872 0.564684 0.544872 0.564684 0.557692 0.625383 0.557692 0.625383 0.660256 0.543225 0.660256 0.542612 0.711538 0.473329 0.711538 0.472716 0.558761 0.526058 0.557692 0.526058 0.544872
0 0.019620 0.536325 0.019620 0.559829 0.357449 0.559829 0.358063 0.889957 0.405886 0.889957 0.405886 0.869658 0.368486 0.868590 0.368486 0.553419 0.407725 0.552350 0.407725 0.537393
0 0.865113 0.288462 0.887186 0.290598 0.887186 0.288462
0 0.532802 0.058761 0.532802 0.094017 0.589209 0.095085 0.589209 0.335470 0.551809 0.336538 0.551809 0.346154 0.588596 0.346154 0.589209 0.352564 0.595340 0.352564 0.595953 0.346154 0.632741 0.346154 0.632741 0.336538 0.595340 0.335470 0.595953 0.094017 0.864500 0.094017 0.865113 0.097222 0.887186 0.097222 0.887799 0.079060 0.958921 0.079060 0.958921 0.447650 0.887799 0.447650 0.887186 0.377137 0.871858 0.377137 0.871245 0.382479 0.865113 0.382479 0.864500 0.445513 0.595953 0.445513 0.595340 0.439103 0.589209 0.439103 0.589209 0.460470 0.595340 0.460470 0.595953 0.457265 0.864500 0.457265 0.865113 0.502137 0.887186 0.502137 0.887799 0.456197 0.964439 0.456197 0.964439 0.070513 0.887799 0.070513 0.887186 0.058761
0 0.356223 0.058761 0.356223 0.094017 0.364194 0.095085 0.364194 0.346154 0.412017 0.346154 0.412017 0.336538 0.371551 0.335470 0.371551 0.095085 0.420601 0.094017 0.420601 0.058761
0 0.243409 0.058761 0.187002 0.058761 0.186389 0.076923 0.019620 0.076923 0.019620 0.259615 0.041692 0.259615 0.042305 0.094017 0.243409 0.094017
1 0.406499 0.869658 0.406499 0.889957 0.462906 0.889957 0.462906 0.869658
1 0.526671 0.544872 0.526671 0.557692 0.564071 0.557692 0.564071 0.544872
1 0.589209 0.461538 0.589209 0.538462 0.595340 0.538462 0.595340 0.461538
1 0.589209 0.353632 0.589209 0.438034 0.595340 0.438034 0.595340 0.353632
1 0.871858 0.291667 0.871858 0.376068 0.887186 0.376068 0.887186 0.291667
2 0.865113 0.503205 0.865113 0.698718 0.887186 0.698718 0.887186 0.503205
2 0.019620 0.260684 0.019620 0.535256 0.041692 0.535256 0.041692 0.260684
2 0.865113 0.098291 0.865113 0.287393 0.887186 0.287393 0.887186 0.098291
2 0.421214 0.058761 0.421214 0.094017 0.532189 0.094017 0.532189 0.058761
2 0.244022 0.058761 0.244022 0.094017 0.355610 0.094017 0.355610 0.058761
