0 0.340406 0.735505 0.340406 0.740717 0.344096 0.741368 0.344096 0.785668 0.339483 0.786319 0.339483 0.807818 0.362546 0.807818 0.362546 0.786319 0.350554 0.785668 0.350554 0.735505
0 0.343173 0.194137 0.343173 0.213681 0.354244 0.213681 0.354244 0.194137
0 0.603321 0.008469 0.603321 0.193485 0.529520 0.194137 0.529520 0.213681 0.599631 0.214332 0.599631 0.527036 0.404059 0.527687 0.403137 0.460586 0.397601 0.460586 0.397601 0.527036 0.344096 0.527687 0.344096 0.554397 0.350554 0.554397 0.351476 0.532248 0.598708 0.532248 0.599631 0.640391 0.351476 0.641042 0.350554 0.604560 0.344096 0.604560 0.344096 0.684691 0.350554 0.684691 0.351476 0.645603 0.598708 0.645603 0.599631 0.785668 0.534133 0.786319 0.534133 0.807818 0.601476 0.808469 0.601476 0.869055 0.612546 0.869055 0.612546 0.808469 0.628229 0.807818 0.628229 0.194137 0.611624 0.193485 0.611624 0.008469
0 0.178044 0.008469 0.178044 0.193485 0.173432 0.194137 0.173432 0.807818 0.177122 0.808469 0.177122 0.869055 0.185424 0.869055 0.185424 0.808469 0.251845 0.807818 0.251845 0.786319 0.190959 0.785668 0.190959 0.741368 0.251845 0.740717 0.251845 0.735505 0.190959 0.734853 0.190959 0.214332 0.262915 0.213681 0.262915 0.194137 0.186347 0.193485 0.186347 0.008469
1 0.252768 0.786319 0.252768 0.807818 0.338561 0.807818 0.338561 0.786319
1 0.252768 0.735505 0.252768 0.740717 0.339483 0.740717 0.339483 0.735505
1 0.344096 0.555049 0.344096 0.603909 0.350554 0.603909 0.350554 0.555049
1 0.263838 0.194137 0.263838 0.213681 0.342251 0.213681 0.342251 0.194137
2 0.363469 0.786319 0.363469 0.807818 0.533210 0.807818 0.533210 0.786319
2 0.355166 0.194137 0.355166 0.213681 0.528598 0.213681 0.528598 0.194137
