0 0.906040 0.211754 0.906040 0.233209 0.928691 0.234142 0.928691 0.590485 0.879195 0.591418 0.878356 0.647388 0.737416 0.647388 0.736577 0.427239 0.726510 0.427239 0.726510 0.818097 0.746644 0.818097 0.746644 0.806903 0.736577 0.805970 0.737416 0.658582 0.927852 0.658582 0.928691 0.805970 0.806208 0.806903 0.806208 0.818097 0.927852 0.818097 0.928691 0.945896 0.911913 0.946828 0.911913 0.968284 0.947987 0.968284 0.947987 0.211754
0 0.694631 0.211754 0.694631 0.233209 0.726510 0.234142 0.726510 0.333022 0.736577 0.333022 0.736577 0.234142 0.755872 0.233209 0.755872 0.211754
0 0.317114 0.211754 0.317114 0.233209 0.319631 0.233209 0.319631 0.211754
0 0.117450 0.059701 0.117450 0.210821 0.105705 0.211754 0.105705 0.968284 0.844799 0.968284 0.844799 0.946828 0.414430 0.946828 0.413591 0.942164 0.403523 0.942164 0.402685 0.946828 0.125000 0.945896 0.125000 0.234142 0.130872 0.233209 0.130872 0.211754 0.125000 0.210821 0.125839 0.064366 0.403523 0.065299 0.403523 0.210821 0.387584 0.211754 0.387584 0.233209 0.403523 0.234142 0.403523 0.865672 0.413591 0.865672 0.414430 0.847948 0.440436 0.847948 0.441275 0.793843 0.633389 0.793843 0.633389 0.784515 0.413591 0.783582 0.413591 0.234142 0.432886 0.233209 0.432886 0.211754 0.413591 0.210821 0.413591 0.059701
1 0.845638 0.946828 0.845638 0.968284 0.911074 0.968284 0.911074 0.946828
1 0.403523 0.866604 0.403523 0.941231 0.413591 0.941231 0.413591 0.866604
1 0.747483 0.806903 0.747483 0.818097 0.805369 0.818097 0.805369 0.806903
1 0.726510 0.333955 0.726510 0.426306 0.736577 0.426306 0.736577 0.333955
1 0.320470 0.211754 0.320470 0.233209 0.386745 0.233209 0.386745 0.211754
2 0.756711 0.211754 0.756711 0.233209 0.905201 0.233209 0.905201 0.211754
2 0.433725 0.211754 0.433725 0.233209 0.693792 0.233209 0.693792 0.211754
2 0.131711 0.211754 0.131711 0.233209 0.316275 0.233209 0.316275 0.211754
