0 0.303694 0.942263 0.303694 0.955350 0.363885 0.955350 0.364569 0.969977 0.973324 0.969977 0.973324 0.957660 0.829685 0.957660 0.829001 0.903002 0.806430 0.903002 0.805746 0.957660 0.674419 0.957660 0.673735 0.919938 0.632695 0.919938 0.632011 0.957660 0.527360 0.957660 0.526676 0.699769 0.713406 0.698999 0.713406 0.688992 0.517784 0.688992 0.517784 0.895304 0.455540 0.896074 0.454856 0.941493 0.363885 0.942263 0.337893 0.941493 0.337893 0.896074 0.331053 0.896074 0.331053 0.941493
0 0.294802 0.687452 0.294802 0.695150 0.342681 0.695920 0.342681 0.819092 0.294802 0.819861 0.294802 0.827560 0.349521 0.827560 0.349521 0.687452
0 0.776334 0.688992 0.776334 0.698999 0.806430 0.699769 0.806430 0.746728 0.829001 0.746728 0.829001 0.682063 0.806430 0.682063 0.805746 0.688992
0 0.806430 0.544265 0.806430 0.547344 0.829001 0.547344 0.829001 0.544265
0 0.127907 0.537336 0.127907 0.545804 0.129275 0.545804 0.129275 0.537336
0 0.807114 0.384142 0.806430 0.411855 0.829001 0.411855 0.829001 0.384142
0 0.658687 0.384142 0.658687 0.409546 0.663475 0.409546 0.663475 0.384142
0 0.500000 0.384142 0.500000 0.409546 0.515732 0.409546 0.515732 0.384142
0 0.378249 0.384142 0.378249 0.409546 0.393981 0.409546 0.393981 0.384142
0 0.275650 0.400308 0.275650 0.409546 0.328317 0.409546 0.328317 0.384142 0.300274 0.384142 0.299590 0.400308
0 0.301642 0.178599 0.301642 0.200154 0.300274 0.202463 0.322845 0.202463 0.322845 0.178599
0 0.049932 0.177059 0.049932 0.894534 0.212038 0.896074 0.212722 0.955350 0.241450 0.955350 0.241450 0.942263 0.223666 0.941493 0.223666 0.886836 0.203146 0.886066 0.203146 0.761355 0.196306 0.761355 0.195622 0.859892 0.099179 0.859892 0.098495 0.809854 0.063611 0.809084 0.063611 0.546574 0.071135 0.545804 0.070451 0.418014 0.188098 0.418014 0.188098 0.536567 0.184679 0.537336 0.184679 0.545804 0.196306 0.546574 0.196306 0.698999 0.203146 0.698999 0.203146 0.410316 0.214774 0.409546 0.214774 0.400308 0.203146 0.399538 0.203146 0.345651 0.196306 0.345651 0.195622 0.400308 0.063611 0.399538 0.063611 0.202463 0.188782 0.201694 0.188782 0.178599 0.059508 0.178599 0.058824 0.177059
0 0.963748 0.023095 0.964432 0.034642 0.973324 0.034642 0.973324 0.023095
0 0.049932 0.023095 0.049932 0.033102 0.057456 0.033102 0.057456 0.023095
1 0.242134 0.942263 0.242134 0.955350 0.303010 0.955350 0.303010 0.942263
1 0.196306 0.699769 0.196306 0.760585 0.203146 0.760585 0.203146 0.699769
1 0.714090 0.688992 0.714090 0.698999 0.775650 0.698999 0.775650 0.688992
1 0.129959 0.537336 0.129959 0.545804 0.183995 0.545804 0.183995 0.537336
1 0.215458 0.400308 0.215458 0.409546 0.274966 0.409546 0.274966 0.400308
1 0.394665 0.384142 0.394665 0.409546 0.499316 0.409546 0.499316 0.384142
2 0.806430 0.747498 0.806430 0.902232 0.829001 0.902232 0.829001 0.747498
2 0.806430 0.548114 0.806430 0.681293 0.829001 0.681293 0.829001 0.548114
2 0.071819 0.537336 0.071819 0.545804 0.127223 0.545804 0.127223 0.537336
2 0.806430 0.412625 0.806430 0.543495 0.829001 0.543495 0.829001 0.412625
2 0.664159 0.384142 0.664159 0.409546 0.806430 0.408776 0.806430 0.384142
2 0.516416 0.384142 0.516416 0.409546 0.658003 0.409546 0.658003 0.384142
2 0.329001 0.384142 0.329001 0.409546 0.377565 0.409546 0.377565 0.384142
2 0.300274 0.203233 0.300274 0.383372 0.322845 0.383372 0.322845 0.203233
2 0.189466 0.178599 0.189466 0.201694 0.299590 0.201694 0.300958 0.200154 0.300958 0.178599
2 0.964432 0.035412 0.964432 0.956890 0.973324 0.956890 0.973324 0.035412
2 0.049932 0.176289 0.058824 0.176289 0.059508 0.033102 0.963064 0.033102 0.963064 0.023095 0.058140 0.023095 0.058140 0.033102 0.049932 0.033872
