0 0.296758 0.706597 0.296758 0.781250 0.572943 0.781250 0.572943 0.754340 0.561721 0.753472 0.561721 0.715278 0.554863 0.715278 0.554239 0.725694 0.534913 0.725694 0.534289 0.754340 0.450125 0.753472 0.450748 0.623264 0.554239 0.623264 0.554863 0.657986 0.561721 0.657986 0.561721 0.624132 0.570449 0.623264 0.570449 0.611111 0.384663 0.611111 0.384663 0.623264 0.423940 0.624132 0.423317 0.754340 0.326060 0.754340 0.325436 0.706597
0 0.326060 0.411458 0.326060 0.482639 0.297382 0.482639 0.297382 0.486979 0.325436 0.486979 0.326060 0.522569
0 0.195761 0.293403 0.195761 0.588542 0.296135 0.588542 0.296758 0.632812 0.325436 0.632812 0.326060 0.623264 0.350998 0.623264 0.350998 0.611111 0.345387 0.611111 0.344763 0.607639 0.338529 0.607639 0.337905 0.611111 0.325436 0.610243 0.325436 0.567708 0.337905 0.566840 0.338529 0.572049 0.344763 0.572049 0.344763 0.558160 0.326060 0.558160 0.325436 0.551215 0.296758 0.551215 0.296135 0.583333 0.199501 0.582465 0.200125 0.298611 0.240025 0.298611 0.240648 0.337674 0.326060 0.338542 0.326683 0.292535 0.642768 0.292535 0.643392 0.500000 0.652743 0.500000 0.653367 0.467014 0.688903 0.467882 0.688903 0.585938 0.653367 0.586806 0.652743 0.582465 0.643392 0.582465 0.642768 0.611111 0.616584 0.611111 0.616584 0.623264 0.643392 0.624132 0.643392 0.753472 0.626559 0.754340 0.626559 0.781250 0.657731 0.781250 0.657731 0.605903 0.701995 0.605035 0.701995 0.411458 0.657107 0.410590 0.657107 0.273438 0.240648 0.273438 0.240025 0.293403
1 0.573566 0.754340 0.573566 0.781250 0.625935 0.781250 0.625935 0.754340
1 0.554863 0.658854 0.554863 0.714410 0.561721 0.714410 0.561721 0.658854
1 0.571072 0.611111 0.571072 0.623264 0.615960 0.623264 0.615960 0.611111
1 0.351621 0.611111 0.351621 0.623264 0.384040 0.623264 0.384040 0.611111
1 0.338529 0.572917 0.338529 0.606771 0.344763 0.606771 0.344763 0.572917
1 0.643392 0.500868 0.643392 0.581597 0.652743 0.581597 0.652743 0.500868
1 0.296758 0.487847 0.296758 0.550347 0.325436 0.550347 0.325436 0.487847
2 0.296758 0.633681 0.296758 0.705729 0.325436 0.705729 0.325436 0.633681
2 0.297382 0.339410 0.296758 0.481771 0.325436 0.482639 0.326060 0.339410
