0 0.442382 0.494331 0.442382 0.520408 0.446249 0.521542 0.446249 0.841270 0.839907 0.841270 0.839907 0.770975 0.821346 0.770975 0.820572 0.815193 0.464811 0.815193 0.464037 0.507937 0.520495 0.506803 0.520495 0.494331
0 0.821346 0.371882 0.821346 0.383220 0.839907 0.383220 0.839907 0.371882
0 0.062645 0.352608 0.062645 0.520408 0.389018 0.520408 0.389018 0.494331 0.317092 0.494331 0.316319 0.431973 0.307038 0.431973 0.306265 0.494331 0.081206 0.494331 0.080433 0.352608
0 0.062645 0.090703 0.062645 0.182540 0.080433 0.182540 0.081206 0.117914 0.306265 0.117914 0.307038 0.352608 0.316319 0.352608 0.317092 0.350340 0.367363 0.350340 0.367363 0.336735 0.316319 0.335601 0.316319 0.280045 0.339520 0.278912 0.340294 0.117914 0.455530 0.119048 0.455530 0.335601 0.419954 0.336735 0.419954 0.350340 0.464811 0.350340 0.465584 0.117914 0.820572 0.117914 0.821346 0.170068 0.839907 0.170068 0.840681 0.103175 0.971384 0.103175 0.971384 0.494331 0.840681 0.494331 0.839907 0.461451 0.821346 0.461451 0.820572 0.494331 0.572312 0.494331 0.572312 0.506803 0.820572 0.506803 0.821346 0.596372 0.839907 0.596372 0.840681 0.506803 0.980665 0.506803 0.980665 0.090703
1 0.521268 0.494331 0.521268 0.506803 0.571539 0.506803 0.571539 0.494331
1 0.389791 0.494331 0.389791 0.520408 0.441609 0.520408 0.441609 0.494331
1 0.821346 0.384354 0.821346 0.460317 0.839907 0.460317 0.839907 0.384354
1 0.307038 0.353741 0.307038 0.430839 0.316319 0.430839 0.316319 0.353741
1 0.368136 0.336735 0.368136 0.350340 0.419180 0.350340 0.419180 0.336735
2 0.821346 0.597506 0.821346 0.769841 0.839907 0.769841 0.839907 0.597506
2 0.062645 0.183673 0.062645 0.351474 0.080433 0.351474 0.080433 0.183673
2 0.821346 0.171202 0.821346 0.370748 0.839907 0.370748 0.839907 0.171202
