0 0.534717 0.926184 0.534717 0.956825 0.940144 0.956825 0.940144 0.881616 0.924182 0.881616 0.923384 0.926184 0.561852 0.926184 0.561053 0.824513 0.553871 0.824513 0.553871 0.924791
0 0.482043 0.926184 0.359138 0.926184 0.357542 0.793872 0.350359 0.793872 0.349561 0.877437 0.246608 0.877437 0.245810 0.924791 0.201117 0.924791 0.200319 0.856546 0.182761 0.856546 0.182761 0.956825 0.482043 0.956825
0 0.553073 0.721448 0.560255 0.721448 0.561053 0.637883 0.820431 0.637883 0.820431 0.625348 0.553073 0.625348
0 0.924182 0.513928 0.924182 0.623955 0.888268 0.625348 0.888268 0.637883 0.923384 0.637883 0.924182 0.700557 0.940144 0.700557 0.940144 0.513928
0 0.182761 0.434540 0.182761 0.451253 0.200319 0.451253 0.200319 0.434540
0 0.093376 0.628134 0.181963 0.628134 0.182761 0.742340 0.200319 0.742340 0.201117 0.636490 0.349561 0.636490 0.350359 0.727019 0.357542 0.727019 0.358340 0.636490 0.489226 0.636490 0.489226 0.513928 0.480447 0.513928 0.479649 0.625348 0.201117 0.625348 0.200319 0.520891 0.182761 0.520891 0.181963 0.616992 0.100559 0.616992 0.100559 0.123955 0.181963 0.123955 0.182761 0.168524 0.200319 0.168524 0.201117 0.137883 0.479649 0.137883 0.480447 0.445682 0.489226 0.445682 0.490024 0.137883 0.923384 0.137883 0.924182 0.298050 0.940144 0.298050 0.940144 0.110028 0.182761 0.110028 0.181963 0.112813 0.093376 0.112813
1 0.482841 0.926184 0.482841 0.956825 0.533919 0.956825 0.533919 0.926184
1 0.350359 0.728412 0.350359 0.792479 0.357542 0.792479 0.357542 0.728412
1 0.182761 0.452646 0.182761 0.519499 0.200319 0.519499 0.200319 0.452646
1 0.480447 0.447075 0.480447 0.512535 0.489226 0.512535 0.489226 0.447075
2 0.182761 0.743733 0.182761 0.855153 0.200319 0.855153 0.200319 0.743733
2 0.924182 0.701950 0.924182 0.880223 0.940144 0.880223 0.940144 0.701950
2 0.924182 0.299443 0.924182 0.512535 0.940144 0.512535 0.940144 0.299443
2 0.182761 0.169916 0.182761 0.433148 0.200319 0.433148 0.200319 0.169916
