0 0.386600 0.777308 0.385695 0.778717 0.385695 0.786469 0.386600 0.787174 0.386600 0.859760 0.384789 0.860465 0.384789 0.882311 0.409688 0.883016 0.409688 0.971811 0.416025 0.971811 0.416025 0.883016 0.424174 0.882311 0.424174 0.860465 0.392485 0.859760 0.392485 0.777308
0 0.343142 0.778717 0.335446 0.778717 0.334993 0.777308 0.322318 0.778717 0.322318 0.859760 0.315527 0.860465 0.315527 0.882311 0.341784 0.882311 0.341784 0.860465 0.327750 0.859760 0.327750 0.787174 0.343142 0.786469
0 0.657311 0.631431 0.654595 0.636364 0.656406 0.639887 0.656406 0.861875 0.612494 0.862579 0.612494 0.973925 0.707107 0.973925 0.707107 0.884426 0.714350 0.883721 0.714350 0.862579 0.700770 0.862579 0.700770 0.883721 0.701675 0.884426 0.701222 0.965469 0.617927 0.964764 0.617927 0.884426 0.661385 0.883721 0.661385 0.642001 0.664101 0.638478 0.661838 0.631431 0.659574 0.634249
0 0.296062 0.510923 0.296062 0.518675 0.303305 0.519380 0.303305 0.589852 0.334993 0.590557 0.334993 0.582805 0.307832 0.582100 0.307832 0.519380 0.334993 0.518675 0.334993 0.510923
0 0.763241 0.175476 0.763241 0.197322 0.792666 0.198027 0.792666 0.291050 0.752377 0.291755 0.752377 0.301621 0.792666 0.302326 0.792666 0.420719 0.779538 0.421424 0.779538 0.463002 0.765505 0.463707 0.765505 0.470754 0.792666 0.471459 0.792666 0.582100 0.712992 0.582805 0.712540 0.579986 0.707560 0.579986 0.707107 0.582805 0.693074 0.597604 0.695337 0.603242 0.696243 0.603242 0.707560 0.590557 0.792666 0.591261 0.792666 0.861875 0.770484 0.862579 0.770484 0.883721 0.804889 0.883721 0.804889 0.175476
0 0.733364 0.175476 0.654595 0.175476 0.654595 0.197322 0.707560 0.198027 0.707560 0.510923 0.584880 0.511628 0.584880 0.520085 0.712540 0.520789 0.712540 0.302326 0.713898 0.301621 0.713898 0.291755 0.712540 0.291050 0.712540 0.198027 0.733364 0.197322
0 0.529651 0.175476 0.529651 0.883721 0.556813 0.883721 0.556813 0.862579 0.543685 0.861875 0.543685 0.591261 0.623359 0.590557 0.629244 0.599718 0.626528 0.595490 0.629697 0.589147 0.625622 0.582805 0.543685 0.582100 0.543685 0.451022 0.624717 0.450317 0.624717 0.444679 0.543685 0.443975 0.543685 0.198027 0.570394 0.197322 0.570394 0.175476
0 0.415120 0.174066 0.415120 0.194503 0.429606 0.194503 0.429606 0.174066
0 0.364418 0.174066 0.364418 0.194503 0.377546 0.194503 0.377546 0.174066
0 0.241286 0.174066 0.241286 0.882311 0.296514 0.882311 0.296514 0.860465 0.255319 0.859760 0.255319 0.678647 0.330014 0.677942 0.330466 0.717407 0.334993 0.717407 0.334993 0.636364 0.330466 0.636364 0.330014 0.670190 0.255319 0.669486 0.255319 0.590557 0.270711 0.589852 0.270711 0.582805 0.255319 0.582100 0.255319 0.448908 0.334993 0.448203 0.334993 0.443975 0.255319 0.443270 0.255319 0.195208 0.282028 0.194503 0.282028 0.174066
0 0.513807 0.033122 0.505206 0.033122 0.505206 0.173362 0.480761 0.174066 0.480761 0.194503 0.502490 0.195208 0.502490 0.599718 0.489362 0.600423 0.488909 0.620860 0.423268 0.620860 0.422816 0.577167 0.416931 0.577167 0.416478 0.620860 0.388411 0.620860 0.388411 0.627907 0.416931 0.628612 0.416931 0.704017 0.386600 0.704722 0.386600 0.717407 0.392485 0.717407 0.392938 0.713883 0.422816 0.713883 0.423268 0.627907 0.502490 0.628612 0.502490 0.859760 0.479855 0.860465 0.479855 0.882311 0.514713 0.882311 0.514713 0.174066 0.513807 0.173362
0 0.174287 0.032417 0.089181 0.032417 0.089181 0.534884 0.095066 0.534884 0.095066 0.194503 0.174287 0.193798 0.174287 0.138830 0.168402 0.138830 0.167949 0.184637 0.095066 0.183932 0.095066 0.042283 0.167949 0.041579 0.168402 0.076110 0.174287 0.076110
1 0.661838 0.862579 0.661838 0.883721 0.700317 0.883721 0.700317 0.862579
1 0.342236 0.860465 0.342236 0.882311 0.384337 0.882311 0.384337 0.860465
1 0.343594 0.778717 0.343594 0.786469 0.385242 0.786469 0.385242 0.778717
1 0.386600 0.718111 0.386600 0.776603 0.392485 0.776603 0.392485 0.718111
1 0.330466 0.718111 0.330466 0.776603 0.334993 0.776603 0.334993 0.718111
1 0.693074 0.598309 0.691716 0.598309 0.662291 0.631431 0.664101 0.637773 0.665459 0.637773 0.694885 0.604651
1 0.330466 0.591261 0.330466 0.635659 0.334993 0.635659 0.334993 0.591261
1 0.630149 0.589852 0.626981 0.595490 0.654142 0.636364 0.657311 0.630726
1 0.707560 0.521494 0.707560 0.579281 0.712540 0.579281 0.712540 0.521494
1 0.714350 0.291755 0.714350 0.301621 0.751924 0.301621 0.751924 0.291755
1 0.377999 0.174066 0.377999 0.194503 0.414667 0.194503 0.414667 0.174066
1 0.168402 0.076815 0.168402 0.138125 0.174287 0.138125 0.174287 0.076815
2 0.714803 0.862579 0.714803 0.883721 0.770032 0.883721 0.770032 0.862579
2 0.557266 0.862579 0.557266 0.883721 0.612042 0.883721 0.612042 0.862579
2 0.424627 0.860465 0.424627 0.882311 0.479402 0.882311 0.479402 0.860465
2 0.296967 0.860465 0.296967 0.882311 0.315075 0.882311 0.315075 0.860465
2 0.733816 0.175476 0.733816 0.197322 0.762789 0.197322 0.762789 0.175476
2 0.570847 0.175476 0.570847 0.197322 0.654142 0.197322 0.654142 0.175476
2 0.430059 0.174066 0.430059 0.194503 0.480308 0.194503 0.480308 0.174066
2 0.282481 0.174066 0.282481 0.194503 0.363966 0.194503 0.363966 0.174066
