0 0.357182 0.608166 0.357182 0.659742 0.363144 0.659742 0.363144 0.608166
0 0.813008 0.268625 0.813008 0.304441 0.815176 0.304441 0.815176 0.268625
0 0.730623 0.268625 0.730623 0.304441 0.781030 0.305158 0.781030 0.525072 0.745257 0.525788 0.745257 0.534384 0.780488 0.534384 0.781030 0.542980 0.786992 0.542980 0.786992 0.268625
0 0.701355 0.268625 0.701355 0.304441 0.704607 0.304441 0.704607 0.268625
0 0.646070 0.268625 0.646070 0.525072 0.602168 0.525788 0.602168 0.534384 0.695935 0.534384 0.695935 0.525788 0.652575 0.525072 0.652575 0.268625
0 0.593496 0.268625 0.593496 0.304441 0.596748 0.304441 0.596748 0.268625
0 0.435230 0.268625 0.435230 0.304441 0.437940 0.304441 0.437940 0.268625
0 0.310027 0.268625 0.310027 0.304441 0.350136 0.304441 0.350136 0.268625
0 0.256369 0.268625 0.256369 0.304441 0.257995 0.304441 0.257995 0.268625
0 0.504065 0.246418 0.503523 0.268625 0.465583 0.268625 0.465583 0.304441 0.504065 0.305158 0.504065 0.534384 0.553388 0.534384 0.553388 0.525788 0.516531 0.525072 0.516531 0.305158 0.567480 0.304441 0.567480 0.268625 0.517073 0.268625 0.516531 0.246418
0 0.113821 0.091691 0.113821 0.267908 0.070461 0.268625 0.071003 0.833095 0.230352 0.833095 0.230894 0.808739 0.270461 0.808739 0.270461 0.793696 0.176694 0.793696 0.176152 0.739255 0.169648 0.739255 0.169106 0.793696 0.082385 0.793696 0.082385 0.615330 0.169106 0.615330 0.169648 0.679799 0.176152 0.679799 0.176694 0.615330 0.284011 0.615330 0.284553 0.666189 0.291599 0.666189 0.291599 0.607450 0.081843 0.606734 0.081301 0.305158 0.149051 0.304441 0.149051 0.268625 0.124661 0.267908 0.125203 0.106734 0.503523 0.106734 0.504065 0.128940 0.516531 0.128940 0.517073 0.106734 0.893225 0.106734 0.893767 0.267908 0.866667 0.268625 0.866667 0.304441 0.939837 0.305158 0.939837 0.633238 0.887263 0.633954 0.887263 0.641117 0.939837 0.641834 0.939295 0.756447 0.800000 0.756447 0.799458 0.641834 0.849864 0.641117 0.849864 0.633954 0.787534 0.633954 0.786992 0.610315 0.781030 0.610315 0.780488 0.633954 0.635230 0.633954 0.635230 0.641117 0.695393 0.641117 0.695935 0.676934 0.706775 0.676934 0.707317 0.649713 0.786450 0.649713 0.786450 0.785817 0.707317 0.785817 0.706775 0.737106 0.695935 0.737106 0.695935 0.785100 0.694851 0.793696 0.559350 0.793696 0.558808 0.774355 0.543631 0.773639 0.543631 0.641834 0.583740 0.641117 0.583740 0.633954 0.502981 0.633954 0.502981 0.641117 0.538211 0.641834 0.537669 0.793696 0.358266 0.793696 0.357724 0.745702 0.329539 0.745702 0.329539 0.752865 0.351762 0.753582 0.351762 0.792980 0.323035 0.793696 0.323035 0.808739 0.572358 0.808739 0.572900 0.832378 0.695393 0.832378 0.695935 0.808023 0.755014 0.808023 0.755556 0.833095 0.804878 0.833095 0.805420 0.770774 0.950136 0.770774 0.950136 0.268625 0.905691 0.267908 0.905691 0.091691
1 0.271003 0.793696 0.271003 0.808739 0.322493 0.808739 0.322493 0.793696
1 0.169648 0.680516 0.169648 0.738539 0.176152 0.738539 0.176152 0.680516
1 0.695935 0.677650 0.695935 0.736390 0.706775 0.736390 0.706775 0.677650
1 0.850407 0.633954 0.850407 0.641117 0.886721 0.641117 0.886721 0.633954
1 0.584282 0.633954 0.584282 0.641117 0.634688 0.641117 0.634688 0.633954
1 0.781030 0.543696 0.781030 0.609599 0.786992 0.609599 0.786992 0.543696
1 0.696477 0.525788 0.696477 0.534384 0.744715 0.534384 0.744715 0.525788
1 0.553930 0.525788 0.553930 0.534384 0.601626 0.534384 0.601626 0.525788
1 0.815718 0.268625 0.815718 0.304441 0.866125 0.304441 0.866125 0.268625
1 0.258537 0.268625 0.258537 0.304441 0.309485 0.304441 0.309485 0.268625
2 0.787534 0.268625 0.787534 0.304441 0.812466 0.304441 0.812466 0.268625
2 0.705149 0.268625 0.705149 0.304441 0.730081 0.304441 0.730081 0.268625
2 0.653117 0.268625 0.653117 0.304441 0.700813 0.304441 0.700813 0.268625
2 0.597290 0.268625 0.597290 0.304441 0.645528 0.304441 0.645528 0.268625
2 0.568022 0.268625 0.568022 0.304441 0.592954 0.304441 0.592954 0.268625
2 0.438482 0.268625 0.438482 0.304441 0.465041 0.304441 0.465041 0.268625
2 0.350678 0.268625 0.350678 0.304441 0.434688 0.304441 0.434688 0.268625
2 0.149593 0.268625 0.149593 0.304441 0.255827 0.304441 0.255827 0.268625
