0 0.981496 0.173021 0.909895 0.173021 0.909895 0.202346 0.964602 0.203812 0.964602 0.910557 0.650040 0.912023 0.649236 0.733138 0.640386 0.733138 0.640386 0.910557 0.635559 0.912023 0.635559 0.942815 0.981496 0.942815
0 0.617860 0.173021 0.617860 0.202346 0.642800 0.203812 0.642800 0.592375 0.651649 0.592375 0.651649 0.203812 0.672566 0.202346 0.672566 0.173021
0 0.481899 0.173021 0.472245 0.173021 0.472245 0.505865 0.440064 0.507331 0.440064 0.574780 0.411102 0.576246 0.411102 0.592375 0.530169 0.592375 0.530169 0.576246 0.481094 0.574780
0 0.390990 0.173021 0.288817 0.173021 0.288817 0.202346 0.329847 0.203812 0.329847 0.618768 0.338697 0.618768 0.339501 0.592375 0.355591 0.592375 0.355591 0.576246 0.338697 0.574780 0.338697 0.203812 0.390990 0.202346
0 0.019308 0.173021 0.019308 0.942815 0.566372 0.942815 0.566372 0.912023 0.339501 0.912023 0.338697 0.734604 0.329847 0.734604 0.329043 0.912023 0.034594 0.912023 0.033789 0.203812 0.057120 0.202346 0.057120 0.173021
1 0.567176 0.912023 0.567176 0.942815 0.634755 0.942815 0.634755 0.912023
1 0.329847 0.620235 0.329847 0.733138 0.338697 0.733138 0.338697 0.620235
1 0.356396 0.576246 0.356396 0.592375 0.410298 0.592375 0.410298 0.576246
2 0.673371 0.173021 0.673371 0.202346 0.909091 0.202346 0.909091 0.173021
2 0.482703 0.173021 0.482703 0.202346 0.617056 0.202346 0.617056 0.173021
2 0.391794 0.173021 0.391794 0.202346 0.471440 0.202346 0.471440 0.173021
2 0.057924 0.173021 0.057924 0.202346 0.288013 0.202346 0.288013 0.173021
