0 0.744431 0.744589 0.744431 0.765512 0.751465 0.765512 0.751465 0.744589
0 0.546893 0.744589 0.546893 0.765512 0.685815 0.765512 0.685815 0.744589 0.615475 0.744589 0.614889 0.695527 0.604924 0.695527 0.604338 0.744589
0 0.272567 0.620491 0.272567 0.630592 0.274326 0.631313 0.274326 0.765512 0.283705 0.765512 0.283705 0.744589 0.280188 0.743867 0.280188 0.631313 0.284291 0.630592 0.284291 0.620491
0 0.199297 0.597403 0.199297 0.743867 0.181712 0.744589 0.181712 0.765512 0.226846 0.766234 0.226846 0.854257 0.272567 0.854257 0.272567 0.848485 0.231536 0.847763 0.231536 0.766234 0.235639 0.765512 0.235639 0.744589 0.207503 0.743867 0.207503 0.631313 0.234467 0.630592 0.234467 0.620491 0.208089 0.620491 0.207503 0.597403
0 0.348769 0.552670 0.348769 0.619769 0.340563 0.620491 0.340563 0.630592 0.348769 0.631313 0.348769 0.743867 0.339390 0.744589 0.339390 0.765512 0.385111 0.766234 0.385111 0.847763 0.348769 0.848485 0.348769 0.854257 0.389801 0.854257 0.389801 0.766234 0.433763 0.765512 0.433763 0.744589 0.355217 0.743867 0.355217 0.552670
0 0.872802 0.516595 0.855217 0.516595 0.854631 0.580087 0.748535 0.580087 0.747948 0.572872 0.740328 0.572872 0.740328 0.579365 0.735053 0.580087 0.735053 0.589466 0.855217 0.590188 0.855217 0.743867 0.801290 0.744589 0.801290 0.765512 0.872802 0.765512
0 0.314185 0.433622 0.314185 0.443001 0.348769 0.443723 0.348769 0.486291 0.355217 0.486291 0.355803 0.443001 0.486518 0.443001 0.486518 0.433622
0 0.199297 0.430736 0.199297 0.536797 0.207503 0.536797 0.207503 0.430736
0 0.235053 0.381674 0.235053 0.430736 0.243845 0.430736 0.243845 0.381674
0 0.604924 0.340548 0.604924 0.429293 0.541618 0.430014 0.541618 0.440115 0.604924 0.440837 0.604924 0.640693 0.614889 0.640693 0.615475 0.589466 0.693435 0.589466 0.693435 0.580087 0.614889 0.579365 0.614889 0.440837 0.631301 0.440115 0.631887 0.406926 0.695780 0.406926 0.695780 0.396104 0.614889 0.396104 0.614302 0.340548
0 0.680539 0.133478 0.580305 0.133478 0.580305 0.156566 0.604924 0.157287 0.604924 0.278499 0.614302 0.278499 0.614302 0.157287 0.680539 0.156566
0 0.483587 0.133478 0.483587 0.156566 0.529894 0.156566 0.529894 0.133478
0 0.388042 0.133478 0.388042 0.156566 0.392732 0.156566 0.392732 0.133478
0 0.362837 0.133478 0.362837 0.156566 0.366940 0.156566 0.366940 0.133478
0 0.198710 0.133478 0.198710 0.156566 0.235053 0.157287 0.235053 0.320346 0.243845 0.320346 0.243845 0.157287 0.270809 0.156566 0.270809 0.133478
0 0.032239 0.133478 0.032239 0.765512 0.090270 0.765512 0.090270 0.744589 0.048652 0.743867 0.048652 0.157287 0.107268 0.156566 0.107268 0.133478
0 0.832356 0.020924 0.825322 0.020924 0.825322 0.132756 0.774326 0.133478 0.774326 0.156566 0.855217 0.157287 0.855217 0.395382 0.732708 0.396104 0.732708 0.406926 0.740328 0.407648 0.740328 0.525974 0.747948 0.525974 0.748535 0.406926 0.854631 0.406926 0.855217 0.472583 0.872802 0.472583 0.872802 0.133478 0.832356 0.132756
1 0.752052 0.744589 0.752052 0.765512 0.800703 0.765512 0.800703 0.744589
1 0.284291 0.744589 0.284291 0.765512 0.338804 0.765512 0.338804 0.744589
1 0.604924 0.641414 0.604924 0.694805 0.614889 0.694805 0.614889 0.641414
1 0.284877 0.620491 0.284877 0.630592 0.339977 0.630592 0.339977 0.620491
1 0.235053 0.620491 0.235053 0.630592 0.271981 0.630592 0.271981 0.620491
1 0.694021 0.580087 0.694021 0.589466 0.734467 0.589466 0.734467 0.580087
1 0.199297 0.537518 0.199297 0.596681 0.207503 0.596681 0.207503 0.537518
1 0.740328 0.526696 0.740328 0.572150 0.747948 0.572150 0.747948 0.526696
1 0.696366 0.396104 0.696366 0.406926 0.732122 0.406926 0.732122 0.396104
1 0.235053 0.321068 0.235053 0.380952 0.243845 0.380952 0.243845 0.321068
1 0.604924 0.279221 0.604924 0.339827 0.614302 0.339827 0.614302 0.279221
1 0.530481 0.133478 0.530481 0.156566 0.579719 0.156566 0.579719 0.133478
2 0.686401 0.744589 0.686401 0.765512 0.743845 0.765512 0.743845 0.744589
2 0.434349 0.744589 0.434349 0.765512 0.546307 0.765512 0.546307 0.744589
2 0.236225 0.744589 0.236225 0.765512 0.273740 0.765512 0.273740 0.744589
2 0.090856 0.744589 0.090856 0.765512 0.181125 0.765512 0.181125 0.744589
2 0.855217 0.473304 0.855217 0.515873 0.872802 0.515873 0.872802 0.473304
2 0.754982 0.133478 0.754982 0.156566 0.773740 0.156566 0.773740 0.133478
2 0.681125 0.133478 0.681125 0.156566 0.753810 0.156566 0.753810 0.133478
2 0.393318 0.133478 0.393318 0.156566 0.483001 0.156566 0.483001 0.133478
2 0.367526 0.133478 0.367526 0.156566 0.387456 0.156566 0.387456 0.133478
2 0.271395 0.133478 0.271395 0.156566 0.362251 0.156566 0.362251 0.133478
2 0.107855 0.133478 0.107855 0.156566 0.198124 0.156566 0.198124 0.133478
