0 0.375643 0.485714 0.376072 0.549714 0.374357 0.550286 0.374357 0.558857 0.396226 0.558857 0.396226 0.550286 0.382075 0.549714 0.382504 0.490286 0.378645 0.485143
0 0.340480 0.426857 0.334048 0.426857 0.333619 0.550286 0.158662 0.550286 0.158233 0.511429 0.151801 0.511429 0.151801 0.558857 0.340480 0.558857 0.340480 0.493143 0.341767 0.492571 0.341767 0.485714 0.340480 0.485143
0 0.773156 0.407429 0.773156 0.415429 0.787736 0.416000 0.787736 0.550286 0.785592 0.550857 0.785592 0.558857 0.811321 0.558857 0.811321 0.550857 0.793739 0.550286 0.794168 0.407429
0 0.543739 0.378857 0.537307 0.378857 0.537307 0.470286 0.484991 0.470857 0.484991 0.479429 0.537307 0.480000 0.537307 0.549714 0.478130 0.550286 0.478130 0.558857 0.480703 0.559429 0.480703 0.636571 0.487136 0.636571 0.487136 0.559429 0.537307 0.559429 0.537307 0.717714 0.487564 0.718286 0.487136 0.682286 0.480703 0.682286 0.480703 0.726857 0.543739 0.726857
0 0.572470 0.365714 0.572470 0.415429 0.616638 0.415429 0.616638 0.407429 0.578902 0.407429 0.578473 0.365714
0 0.340480 0.360571 0.334048 0.360571 0.333619 0.363429 0.151801 0.362857 0.151801 0.444000 0.158233 0.444000 0.158662 0.372000 0.333619 0.372000 0.334048 0.377143 0.340480 0.377143
0 0.846055 0.342857 0.846055 0.406857 0.823756 0.407429 0.823756 0.415429 0.846055 0.416000 0.846055 0.550286 0.839623 0.550857 0.839623 0.558857 0.888937 0.558857 0.888937 0.550857 0.852058 0.550286 0.852058 0.342857
0 0.424528 0.339429 0.424528 0.460571 0.396655 0.461143 0.395369 0.463429 0.399657 0.469143 0.424528 0.469714 0.424528 0.549714 0.420669 0.550286 0.420669 0.558857 0.442967 0.558857 0.442967 0.550286 0.430961 0.549714 0.430961 0.480000 0.454974 0.479429 0.454974 0.470857 0.430961 0.470286 0.430961 0.339429
0 0.965266 0.335429 0.959262 0.335429 0.959262 0.550286 0.927101 0.550857 0.927101 0.558857 0.959262 0.559429 0.958834 0.719429 0.743139 0.718857 0.743139 0.559429 0.760720 0.558857 0.760720 0.550857 0.743139 0.550286 0.743139 0.407429 0.688679 0.407429 0.688679 0.415429 0.737136 0.416000 0.736707 0.550857 0.578902 0.550857 0.578473 0.482857 0.572470 0.482857 0.572470 0.558857 0.736707 0.558857 0.737136 0.727429 0.965266 0.727429
0 0.151801 0.313143 0.151801 0.314286 0.158233 0.314286 0.158233 0.313143
0 0.543739 0.339429 0.543739 0.276000 0.537307 0.276000 0.536878 0.281143 0.464837 0.281143 0.464837 0.289714 0.536878 0.289714 0.537307 0.339429
0 0.376072 0.241143 0.376072 0.289714 0.387221 0.289714 0.387221 0.281143 0.382504 0.280571 0.382504 0.241143
0 0.572470 0.179429 0.572470 0.228000 0.578473 0.228000 0.578902 0.187429 0.754288 0.187429 0.754717 0.288000 0.803602 0.288000 0.803602 0.238286 0.797599 0.238286 0.797170 0.280000 0.760720 0.279429 0.761149 0.187429 0.838765 0.187429 0.839194 0.288000 0.845197 0.288000 0.845626 0.187429 0.958834 0.187429 0.959262 0.221714 0.965266 0.221714 0.965266 0.179429
0 0.151801 0.178286 0.151801 0.245143 0.158233 0.245143 0.158662 0.186857 0.333619 0.186857 0.334048 0.309714 0.340480 0.309714 0.340909 0.186857 0.424099 0.186857 0.424528 0.280571 0.421098 0.281143 0.421098 0.289714 0.424099 0.289714 0.424528 0.294286 0.430961 0.294286 0.431389 0.186857 0.536878 0.186857 0.537307 0.248571 0.543739 0.248571 0.543739 0.178286
1 0.480703 0.637143 0.480703 0.681714 0.487136 0.681714 0.487136 0.637143
1 0.889365 0.550857 0.889365 0.558857 0.926672 0.558857 0.926672 0.550857
1 0.443396 0.550286 0.443396 0.558857 0.477702 0.558857 0.477702 0.550286
1 0.340909 0.550286 0.340909 0.558857 0.373928 0.558857 0.373928 0.550286
1 0.342196 0.485714 0.342196 0.492571 0.375214 0.492571 0.375214 0.485714
1 0.455403 0.470857 0.455403 0.479429 0.484563 0.479429 0.484563 0.470857
1 0.394940 0.463429 0.378645 0.484571 0.382933 0.490286 0.399228 0.469143
1 0.794597 0.407429 0.794597 0.415429 0.823328 0.415429 0.823328 0.407429
1 0.743568 0.407429 0.743568 0.415429 0.772727 0.415429 0.772727 0.407429
1 0.617067 0.407429 0.617067 0.415429 0.688250 0.415429 0.688250 0.407429
1 0.334048 0.377714 0.334048 0.426286 0.340480 0.426286 0.340480 0.377714
1 0.151801 0.314857 0.151801 0.362286 0.158233 0.362286 0.158233 0.314857
1 0.334048 0.310286 0.334048 0.360000 0.340480 0.360000 0.340480 0.310286
1 0.424528 0.294857 0.424528 0.338857 0.430961 0.338857 0.430961 0.294857
1 0.431389 0.281143 0.431389 0.289714 0.464408 0.289714 0.464408 0.281143
1 0.387650 0.281143 0.387650 0.289714 0.420669 0.289714 0.420669 0.281143
2 0.811750 0.550857 0.811750 0.558857 0.839194 0.558857 0.839194 0.550857
2 0.761149 0.550857 0.761149 0.558857 0.785163 0.558857 0.785163 0.550857
2 0.396655 0.550286 0.396655 0.558857 0.420240 0.558857 0.420240 0.550286
2 0.151801 0.444571 0.151801 0.510857 0.158233 0.510857 0.158233 0.444571
2 0.572470 0.416000 0.572470 0.482286 0.578473 0.482286 0.578473 0.416000
2 0.537307 0.340000 0.537307 0.378286 0.543739 0.378286 0.543739 0.340000
2 0.959262 0.280000 0.959262 0.334857 0.965266 0.334857 0.965266 0.280000
2 0.537307 0.249143 0.537307 0.275429 0.543739 0.275429 0.543739 0.249143
2 0.151801 0.245714 0.151801 0.312571 0.158233 0.312571 0.158233 0.245714
2 0.572470 0.228571 0.572470 0.365143 0.578473 0.365143 0.578473 0.228571
2 0.959262 0.222286 0.959262 0.278286 0.965266 0.278286 0.965266 0.222286
