0 0.661202 0.883459 0.661202 0.895155 0.668306 0.895155 0.668306 0.883459
0 0.598907 0.883459 0.598907 0.895155 0.603825 0.895155 0.603825 0.883459
0 0.324590 0.883459 0.324590 0.895155 0.349727 0.895572 0.349727 0.959064 0.386885 0.959064 0.386885 0.954470 0.355738 0.954052 0.355738 0.895572 0.396721 0.895155 0.396721 0.883459 0.366120 0.883459 0.365574 0.882623 0.359563 0.882623 0.359016 0.883459
0 0.462295 0.793651 0.459016 0.793651 0.459016 0.847536 0.453005 0.847953 0.453005 0.850459 0.462295 0.850459
0 0.515847 0.759816 0.508743 0.759816 0.508743 0.883041 0.449727 0.883459 0.449727 0.895155 0.489617 0.895572 0.489617 0.954052 0.459563 0.954470 0.459563 0.959064 0.495628 0.959064 0.495628 0.895572 0.539891 0.895155 0.539891 0.883459 0.515847 0.883041
0 0.365574 0.758145 0.359563 0.758145 0.359016 0.835840 0.249180 0.835840 0.248634 0.774436 0.283060 0.774018 0.283060 0.769424 0.249180 0.769424 0.248634 0.757310 0.233333 0.757310 0.233333 0.895155 0.284153 0.895155 0.284153 0.883459 0.248634 0.883041 0.249180 0.840434 0.359016 0.840434 0.359563 0.847118 0.365574 0.847118
0 0.233333 0.723893 0.248634 0.723893 0.249180 0.716374 0.283607 0.716374 0.283607 0.711779 0.233333 0.711362
0 0.233333 0.598580 0.233333 0.680451 0.248634 0.680451 0.248634 0.633250 0.296175 0.632832 0.296175 0.628237 0.249180 0.628237 0.248634 0.598580
0 0.749727 0.562239 0.749727 0.573935 0.806011 0.574353 0.806011 0.711362 0.618579 0.711779 0.618033 0.685464 0.612022 0.685464 0.611475 0.716374 0.806011 0.716792 0.806011 0.883041 0.724044 0.883459 0.724044 0.895155 0.821311 0.895155 0.821311 0.562239
0 0.667213 0.562239 0.589071 0.562239 0.589071 0.573935 0.612022 0.574353 0.612022 0.647034 0.618033 0.647034 0.618033 0.574353 0.667213 0.573935
0 0.524044 0.562239 0.524044 0.573935 0.531694 0.573935 0.531694 0.562239
0 0.455191 0.562239 0.455191 0.573935 0.467213 0.573935 0.467213 0.562239
0 0.412568 0.562239 0.100546 0.562657 0.100546 0.895155 0.156831 0.895155 0.156831 0.892648 0.103825 0.892231 0.103825 0.565581 0.232787 0.564745 0.233333 0.577277 0.248634 0.577277 0.249180 0.573935 0.349727 0.573935 0.350273 0.627820 0.343169 0.628237 0.343169 0.632832 0.350273 0.633250 0.350273 0.711362 0.332240 0.711779 0.332240 0.716374 0.359016 0.716374 0.359563 0.718881 0.365574 0.718881 0.366120 0.716374 0.429508 0.716374 0.429508 0.711779 0.356284 0.711362 0.356284 0.574353 0.412568 0.573935
0 0.234973 0.248956 0.234973 0.263993 0.246448 0.263993 0.246448 0.248956
0 0.804918 0.246449 0.804918 0.259398 0.816393 0.259398 0.816393 0.246449
0 0.576503 0.116124 0.576503 0.124896 0.585792 0.125313 0.585792 0.162072 0.606557 0.162490 0.606557 0.241437 0.612022 0.241437 0.612568 0.162072 0.804372 0.162072 0.804918 0.212615 0.816393 0.212615 0.816393 0.153300 0.597814 0.153300 0.597268 0.116124
0 0.512568 0.116124 0.512568 0.124896 0.530055 0.124896 0.530055 0.116124
0 0.453552 0.116124 0.453552 0.124896 0.469399 0.124896 0.469399 0.116124
0 0.098361 0.126566 0.098361 0.386383 0.238251 0.386383 0.238798 0.357561 0.450273 0.357561 0.450820 0.393901 0.523497 0.393901 0.524044 0.357143 0.816393 0.357143 0.816393 0.294486 0.804918 0.294486 0.804372 0.348371 0.645902 0.348371 0.645355 0.293651 0.612568 0.293651 0.612022 0.273183 0.606557 0.273183 0.606011 0.275689 0.580328 0.275689 0.580328 0.279866 0.606557 0.280284 0.606557 0.347953 0.518033 0.348371 0.517486 0.280284 0.539344 0.279866 0.539344 0.275689 0.512022 0.275689 0.512022 0.384712 0.462842 0.385129 0.462295 0.271094 0.457377 0.271094 0.456831 0.348789 0.246995 0.348789 0.246448 0.296992 0.234973 0.296992 0.234426 0.383876 0.102186 0.383876 0.101639 0.129490 0.234426 0.129073 0.234973 0.216374 0.246448 0.216374 0.246995 0.163325 0.395628 0.163325 0.395628 0.125313 0.404918 0.124896 0.404918 0.116124 0.384153 0.116124 0.383607 0.154553 0.238798 0.154553 0.238251 0.126566
1 0.397268 0.883459 0.397268 0.895155 0.449180 0.895155 0.449180 0.883459
1 0.359563 0.847536 0.359563 0.882206 0.365574 0.882206 0.365574 0.847536
1 0.233333 0.724311 0.233333 0.756892 0.248634 0.756892 0.248634 0.724311
1 0.359563 0.719298 0.359563 0.757728 0.365574 0.757728 0.365574 0.719298
1 0.430055 0.711779 0.430055 0.716374 0.610929 0.716374 0.610929 0.711779
1 0.284153 0.711779 0.284153 0.716374 0.331694 0.716374 0.331694 0.711779
1 0.612022 0.647452 0.612022 0.685046 0.618033 0.685046 0.618033 0.647452
1 0.296721 0.628237 0.296721 0.632832 0.342623 0.632832 0.342623 0.628237
1 0.413115 0.562239 0.413115 0.573935 0.454645 0.573935 0.454645 0.562239
1 0.539891 0.275689 0.539891 0.279866 0.579781 0.279866 0.579781 0.275689
1 0.234973 0.264411 0.234973 0.296575 0.246448 0.296575 0.246448 0.264411
1 0.606557 0.241855 0.606557 0.272765 0.612022 0.272765 0.612022 0.241855
2 0.668852 0.883459 0.668852 0.895155 0.723497 0.895155 0.723497 0.883459
2 0.604372 0.883459 0.604372 0.895155 0.660656 0.895155 0.660656 0.883459
2 0.540437 0.883459 0.540437 0.895155 0.598361 0.895155 0.598361 0.883459
2 0.284699 0.883459 0.284699 0.895155 0.324044 0.895155 0.324044 0.883459
2 0.233333 0.680869 0.233333 0.710944 0.248634 0.710944 0.248634 0.680869
2 0.233333 0.577694 0.233333 0.598162 0.248634 0.598162 0.248634 0.577694
2 0.667760 0.562239 0.667760 0.573935 0.749180 0.573935 0.749180 0.562239
2 0.532240 0.562239 0.532240 0.573935 0.588525 0.573935 0.588525 0.562239
2 0.467760 0.562239 0.467760 0.573935 0.523497 0.573935 0.523497 0.562239
2 0.804918 0.259816 0.804918 0.294069 0.816393 0.294069 0.816393 0.259816
2 0.234973 0.216792 0.234973 0.248538 0.246448 0.248538 0.246448 0.216792
2 0.804918 0.213033 0.804918 0.246032 0.816393 0.246032 0.816393 0.213033
2 0.530601 0.116124 0.530601 0.124896 0.575956 0.124896 0.575956 0.116124
2 0.469945 0.116124 0.469945 0.124896 0.512022 0.124896 0.512022 0.116124
2 0.405464 0.116124 0.405464 0.124896 0.453005 0.124896 0.453005 0.116124
