0 0.589409 0.746604 0.589409 0.749739 0.585970 0.750261 0.585970 0.755486 0.589409 0.756008 0.588033 0.828631 0.640990 0.828631 0.640990 0.810345 0.601100 0.809822 0.601100 0.746604
0 0.462861 0.632706 0.462861 0.740857 0.508253 0.741379 0.508253 0.809822 0.463549 0.810345 0.463549 0.828631 0.473177 0.829154 0.473177 0.900731 0.482118 0.900731 0.482118 0.829154 0.524759 0.828631 0.524759 0.810345 0.516506 0.809822 0.516506 0.756008 0.522696 0.755486 0.522696 0.750261 0.516506 0.749739 0.516506 0.733542 0.474553 0.733020 0.474553 0.632706
0 0.260660 0.489028 0.260660 0.828631 0.338377 0.828631 0.338377 0.810345 0.284732 0.809822 0.284732 0.589342 0.308116 0.588819 0.308116 0.583072 0.284732 0.582550 0.284732 0.513062 0.372765 0.513062 0.372765 0.582550 0.350069 0.583072 0.350069 0.588819 0.462173 0.588819 0.462861 0.592476 0.474553 0.592476 0.474553 0.547022 0.462861 0.547022 0.462173 0.583072 0.381706 0.582550 0.381706 0.513062 0.462173 0.512539 0.462861 0.514629 0.474553 0.514629 0.474553 0.505225 0.285420 0.505225 0.284732 0.489028
0 0.540578 0.423197 0.540578 0.490596 0.548143 0.490596 0.548143 0.423197
0 0.535076 0.290491 0.535076 0.308777 0.579092 0.308777 0.579092 0.290491
0 0.471802 0.290491 0.471802 0.308777 0.478680 0.308777 0.478680 0.290491
0 0.722834 0.179206 0.713893 0.179206 0.713893 0.289969 0.691197 0.290491 0.691197 0.308777 0.709078 0.309300 0.709078 0.571055 0.590096 0.571578 0.589409 0.704807 0.601100 0.704807 0.601100 0.668234 0.603851 0.667712 0.603851 0.659875 0.601100 0.659352 0.601100 0.580982 0.702889 0.580982 0.702889 0.659352 0.644429 0.659875 0.644429 0.667712 0.709078 0.668234 0.709078 0.809822 0.676754 0.810345 0.676754 0.828631 0.727648 0.828631 0.727648 0.290491 0.722834 0.289969
0 0.268913 0.178683 0.268913 0.289969 0.260660 0.290491 0.260660 0.454545 0.284732 0.454545 0.284732 0.309300 0.320495 0.308777 0.320495 0.290491 0.277854 0.289969 0.277854 0.178683
1 0.525447 0.810345 0.525447 0.828631 0.587345 0.828631 0.587345 0.810345
1 0.523384 0.750261 0.523384 0.755486 0.585282 0.755486 0.585282 0.750261
1 0.589409 0.705329 0.589409 0.746082 0.601100 0.746082 0.601100 0.705329
1 0.604539 0.659875 0.604539 0.667712 0.643741 0.667712 0.643741 0.659875
1 0.462861 0.592999 0.462861 0.632184 0.474553 0.632184 0.474553 0.592999
1 0.308803 0.583072 0.308803 0.588819 0.349381 0.588819 0.349381 0.583072
1 0.462861 0.515152 0.462861 0.546499 0.474553 0.546499 0.474553 0.515152
1 0.479367 0.290491 0.479367 0.308777 0.534388 0.308777 0.534388 0.290491
2 0.641678 0.810345 0.641678 0.828631 0.676066 0.828631 0.676066 0.810345
2 0.339065 0.810345 0.339065 0.828631 0.462861 0.828631 0.462861 0.810345
2 0.260660 0.455068 0.260660 0.488506 0.284732 0.488506 0.284732 0.455068
2 0.579780 0.290491 0.579780 0.308777 0.690509 0.308777 0.690509 0.290491
2 0.321183 0.290491 0.321183 0.308777 0.471114 0.308777 0.471114 0.290491
