0 0.544326 0.769608 0.544326 0.777311 0.571809 0.778011 0.571809 0.853641 0.543440 0.854342 0.543440 0.876050 0.607270 0.876751 0.607270 0.959384 0.547872 0.960084 0.547872 0.967787 0.613475 0.967787 0.613475 0.913165 0.619681 0.912465 0.619681 0.876751 0.726064 0.876050 0.726064 0.854342 0.585993 0.854342 0.585106 0.766807 0.575355 0.766807 0.574468 0.769608
0 0.398050 0.724790 0.389184 0.724790 0.389184 0.853641 0.247340 0.854342 0.247340 0.876050 0.303191 0.876751 0.303191 0.911064 0.308511 0.911765 0.308511 0.964286 0.448582 0.964286 0.448582 0.960084 0.313830 0.959384 0.314716 0.876050 0.469858 0.876050 0.469858 0.854342 0.398050 0.853641 0.398050 0.778011 0.470745 0.777311 0.470745 0.769608 0.398936 0.769608
0 0.575355 0.609944 0.575355 0.652661 0.585106 0.652661 0.585993 0.621148 0.709220 0.621849 0.708333 0.698880 0.585993 0.698880 0.585106 0.696078 0.575355 0.696078 0.575355 0.710084 0.585106 0.710084 0.585993 0.706583 0.718972 0.706583 0.719858 0.663165 0.931738 0.663165 0.932624 0.853641 0.845745 0.854342 0.845745 0.876050 0.960993 0.876050 0.960993 0.616246 0.932624 0.616246 0.931738 0.655462 0.719858 0.655462 0.718972 0.613445 0.585993 0.613445 0.585106 0.609944
0 0.469858 0.350840 0.460106 0.350840 0.460106 0.491597 0.406915 0.492297 0.406915 0.500000 0.469858 0.500000
0 0.960993 0.219888 0.932624 0.219888 0.932624 0.469888 0.575355 0.470588 0.575355 0.551821 0.585106 0.551821 0.585993 0.478291 0.931738 0.478291 0.932624 0.521008 0.960993 0.521008
0 0.932624 0.153361 0.932624 0.174370 0.960993 0.174370 0.960993 0.153361
0 0.548759 0.153361 0.548759 0.174370 0.733156 0.174370 0.733156 0.153361
0 0.437057 0.153361 0.437057 0.174370 0.476064 0.174370 0.476064 0.153361
0 0.181738 0.153361 0.181738 0.174370 0.185284 0.174370 0.185284 0.153361
0 0.237589 0.101541 0.237589 0.152661 0.216312 0.153361 0.216312 0.174370 0.237589 0.175070 0.237589 0.290616 0.247340 0.290616 0.247340 0.175070 0.290780 0.174370 0.290780 0.153361 0.249113 0.152661 0.249113 0.101541
0 0.247340 0.044818 0.035461 0.044818 0.035461 0.876050 0.128546 0.876050 0.128546 0.854342 0.052305 0.853641 0.053191 0.621148 0.388298 0.621148 0.389184 0.668768 0.398050 0.668768 0.398050 0.578431 0.425532 0.577731 0.425532 0.570728 0.389184 0.570728 0.388298 0.614146 0.247340 0.613445 0.247340 0.347339 0.237589 0.347339 0.236702 0.350140 0.194149 0.350140 0.194149 0.357843 0.237589 0.358543 0.237589 0.490896 0.190603 0.491597 0.190603 0.499300 0.237589 0.500000 0.237589 0.613445 0.052305 0.613445 0.052305 0.500000 0.133865 0.499300 0.133865 0.491597 0.130319 0.490896 0.130319 0.485994 0.059397 0.485294 0.059397 0.358543 0.105496 0.357843 0.105496 0.350140 0.052305 0.349440 0.052305 0.175070 0.117908 0.174370 0.117908 0.153361 0.049645 0.152661 0.049645 0.054622 0.247340 0.053922
1 0.470745 0.854342 0.470745 0.876050 0.542553 0.876050 0.542553 0.854342
1 0.471631 0.769608 0.471631 0.777311 0.543440 0.777311 0.543440 0.769608
1 0.575355 0.710784 0.575355 0.766106 0.585106 0.766106 0.585106 0.710784
1 0.389184 0.669468 0.389184 0.724090 0.398050 0.724090 0.398050 0.669468
1 0.575355 0.653361 0.575355 0.695378 0.585106 0.695378 0.585106 0.653361
1 0.575355 0.552521 0.575355 0.609244 0.585106 0.609244 0.585106 0.552521
1 0.134752 0.491597 0.134752 0.499300 0.189716 0.499300 0.189716 0.491597
1 0.106383 0.350140 0.106383 0.357843 0.193262 0.357843 0.193262 0.350140
1 0.237589 0.291317 0.237589 0.346639 0.247340 0.346639 0.247340 0.291317
1 0.476950 0.153361 0.476950 0.174370 0.547872 0.174370 0.547872 0.153361
1 0.118794 0.153361 0.118794 0.174370 0.180851 0.174370 0.180851 0.153361
2 0.726950 0.854342 0.726950 0.876050 0.844858 0.876050 0.844858 0.854342
2 0.129433 0.854342 0.129433 0.876050 0.246454 0.876050 0.246454 0.854342
2 0.932624 0.521709 0.932624 0.615546 0.960993 0.615546 0.960993 0.521709
2 0.734043 0.153361 0.734043 0.174370 0.931738 0.174370 0.932624 0.219188 0.960993 0.219188 0.960993 0.175070 0.932624 0.175070 0.931738 0.153361
2 0.291667 0.153361 0.291667 0.174370 0.436170 0.174370 0.436170 0.153361
2 0.186170 0.153361 0.186170 0.174370 0.215426 0.174370 0.215426 0.153361
