0 0.300419 0.635593 0.342804 0.704931 0.358640 0.679507 0.329762 0.630971 0.333023 0.636364 0.317187 0.663328
0 0.761993 0.615562 0.761993 0.621726 0.958081 0.621726 0.958081 0.615562
0 0.132743 0.604006 0.205869 0.729584 0.320447 0.949923 0.553796 0.621726 0.667443 0.621726 0.667443 0.615562 0.552399 0.615562 0.320913 0.940678 0.208663 0.726502 0.215184 0.713405 0.252445 0.651002 0.249185 0.656394 0.237075 0.637134 0.206800 0.688752 0.170005 0.625578 0.171402 0.622496 0.166279 0.614022 0.173265 0.602465 0.164415 0.616333 0.145319 0.583205
0 0.381463 0.597072 0.395435 0.621726 0.405217 0.621726 0.405217 0.581664 0.391244 0.581664
0 0.459245 0.581664 0.459245 0.621726 0.481602 0.621726 0.481602 0.580894
0 0.289241 0.553159 0.281789 0.558552 0.281789 0.560863 0.256637 0.604006 0.268281 0.624037 0.258966 0.639445 0.280391 0.603236 0.295762 0.628659 0.283186 0.607858 0.299022 0.581664 0.294364 0.573960
0 0.711691 0.476117 0.711691 0.501541 0.844434 0.501541 0.844434 0.476117 0.768980 0.476117 0.768514 0.469183 0.758733 0.469183 0.758267 0.476117
0 0.664183 0.476117 0.662320 0.475347 0.662320 0.466872 0.652538 0.466872 0.652073 0.476117 0.571961 0.476117 0.571961 0.501541 0.664183 0.501541
0 0.958081 0.434515 0.942711 0.434515 0.942245 0.476117 0.906381 0.476117 0.906381 0.501541 0.958081 0.501541
0 0.461109 0.418336 0.461109 0.503852 0.481602 0.503852 0.482068 0.501541 0.509082 0.501541 0.509082 0.476117 0.475547 0.475347 0.475547 0.418336
0 0.190498 0.234977 0.047042 0.457627 0.086167 0.524653 0.098742 0.503082 0.070796 0.455316 0.147648 0.336672 0.238938 0.495378 0.194690 0.567797 0.199814 0.576271 0.259898 0.477658 0.263158 0.488444 0.270610 0.483051 0.271076 0.480740 0.267350 0.466102 0.278062 0.448382 0.274802 0.442989 0.263624 0.460709 0.226828 0.395994 0.207266 0.426040 0.151840 0.329738 0.204937 0.247304 0.201211 0.253467
0 0.575687 0.104006 0.575687 0.131741 0.652538 0.132512 0.652538 0.390601 0.662320 0.390601 0.662785 0.332820 0.721472 0.332820 0.721472 0.320493 0.662320 0.319723 0.662785 0.131741 0.758733 0.131741 0.758733 0.395994 0.768514 0.395994 0.768980 0.130971 0.942245 0.130971 0.942711 0.355162 0.958081 0.355162 0.958081 0.103236
0 0.267816 0.115562 0.278062 0.134052 0.275734 0.137904 0.279460 0.131741 0.460643 0.131741 0.461109 0.342835 0.475547 0.342835 0.475547 0.132512 0.530042 0.131741 0.530042 0.104006 0.504425 0.104006 0.503959 0.098613 0.278528 0.098613
1 0.194224 0.568567 0.166744 0.614022 0.171868 0.622496 0.199348 0.577042
1 0.461109 0.504622 0.461109 0.580123 0.481602 0.580123 0.481602 0.504622
1 0.271076 0.483051 0.263158 0.489985 0.281323 0.558552 0.289241 0.551618
1 0.664648 0.476117 0.664648 0.501541 0.711225 0.501541 0.711225 0.476117
1 0.758733 0.396764 0.758733 0.468413 0.768514 0.468413 0.768514 0.396764
1 0.652538 0.391371 0.652538 0.466102 0.662320 0.466102 0.662320 0.391371
1 0.461109 0.343606 0.461109 0.417565 0.475547 0.417565 0.475547 0.343606
1 0.721938 0.320493 0.721938 0.332820 0.757802 0.332820 0.757802 0.320493
2 0.256171 0.604777 0.237541 0.636364 0.249185 0.655624 0.267816 0.624037
2 0.380997 0.597843 0.345133 0.654854 0.359106 0.678737 0.394970 0.621726
2 0.405682 0.581664 0.405682 0.621726 0.458780 0.621726 0.458780 0.581664
2 0.299488 0.581664 0.283652 0.607858 0.317187 0.662558 0.332557 0.636364
2 0.099208 0.503852 0.086167 0.525424 0.132278 0.604006 0.145319 0.582435
2 0.844900 0.476117 0.844900 0.501541 0.905915 0.501541 0.905915 0.476117
2 0.509548 0.476117 0.509548 0.501541 0.571495 0.501541 0.571495 0.476117
2 0.942711 0.355932 0.942711 0.433744 0.958081 0.433744 0.958081 0.355932
2 0.266884 0.115562 0.190964 0.234206 0.201211 0.252696 0.277597 0.134052
2 0.530508 0.104006 0.530508 0.131741 0.575221 0.131741 0.575221 0.104006
