0 0.807354 0.936170 0.807354 0.962605 0.847229 0.962605 0.847229 0.936170
0 0.453133 0.734365 0.453133 0.753063 0.570689 0.753063 0.571207 0.858156 0.660280 0.858156 0.660798 0.962605 0.742103 0.962605 0.742103 0.936170 0.672191 0.935525 0.672708 0.720825 0.678405 0.720181 0.678405 0.704707 0.843604 0.704062 0.843604 0.695680 0.663905 0.695680 0.663905 0.704062 0.664940 0.704707 0.664423 0.845261 0.587260 0.844616 0.587260 0.704707 0.622475 0.704062 0.622475 0.695680 0.576385 0.695680 0.575867 0.734365
0 0.175039 0.546744 0.175039 0.568665 0.194200 0.568665 0.194200 0.546744
0 0.175039 0.488717 0.175039 0.490651 0.194200 0.490651 0.194200 0.488717
0 0.475401 0.380400 0.475401 0.395874 0.467633 0.396518 0.467633 0.469375 0.475401 0.470019 0.475401 0.615732 0.514759 0.615732 0.514759 0.606061 0.483169 0.605416 0.483169 0.380400
0 0.175039 0.328175 0.175039 0.351386 0.194200 0.351386 0.194200 0.328175
0 0.921284 0.292714 0.921284 0.328175 0.961160 0.328175 0.961678 0.336557 0.968928 0.337202 0.968928 0.433269 0.905230 0.433914 0.905230 0.449387 0.908856 0.449387 0.909373 0.438427 0.968410 0.438427 0.968928 0.517730 0.905230 0.517730 0.905230 0.547389 0.908856 0.547389 0.909373 0.522244 0.968410 0.522244 0.968928 0.613153 0.909373 0.613798 0.908856 0.594455 0.905230 0.594455 0.904713 0.613798 0.851890 0.613798 0.851372 0.584784 0.843604 0.584784 0.843604 0.607350 0.832211 0.607995 0.832211 0.629916 0.851372 0.629916 0.851890 0.621534 0.890730 0.621534 0.891248 0.695035 0.882962 0.695680 0.882962 0.704062 0.896945 0.704062 0.897462 0.621534 0.968928 0.622179 0.968928 0.695035 0.926463 0.695680 0.926463 0.704062 0.968928 0.704707 0.968928 0.935525 0.910409 0.936170 0.910409 0.962605 0.981875 0.962605 0.981875 0.292714
0 0.630761 0.285622 0.630761 0.584139 0.617815 0.584784 0.617297 0.606061 0.575867 0.606061 0.575867 0.621534 0.677369 0.621534 0.677369 0.613798 0.640083 0.613153 0.640601 0.521599 0.766442 0.521599 0.766960 0.613153 0.719316 0.613798 0.719316 0.621534 0.790264 0.621534 0.790264 0.614442 0.772139 0.613798 0.772139 0.521599 0.789746 0.520954 0.789746 0.513217 0.640083 0.512573 0.640083 0.322373 0.672191 0.321728 0.672191 0.301096 0.651476 0.301096 0.650958 0.285622
0 0.630761 0.229529 0.630761 0.232753 0.650958 0.232753 0.650958 0.229529
0 0.297773 0.138620 0.297773 0.170213 0.524599 0.170213 0.524599 0.138620
0 0.050751 0.165055 0.050751 0.726628 0.055930 0.727273 0.055930 0.753063 0.407561 0.753063 0.407561 0.734365 0.194718 0.734365 0.194200 0.653127 0.175039 0.653127 0.174521 0.723404 0.055930 0.722760 0.055930 0.172792 0.169342 0.172147 0.169860 0.178594 0.175039 0.179239 0.175039 0.188910 0.194200 0.188910 0.195236 0.170213 0.214397 0.170213 0.214397 0.138620 0.169860 0.138620 0.169342 0.165055
0 0.645262 0.087685 0.645262 0.137975 0.607457 0.138620 0.607457 0.170213 0.630243 0.170213 0.630761 0.190200 0.650958 0.190200 0.650958 0.170858 0.655101 0.170213 0.655101 0.138620 0.650958 0.137975 0.651476 0.092843 0.812532 0.093488 0.812532 0.300451 0.754013 0.301096 0.754013 0.321728 0.832729 0.321728 0.833247 0.339781 0.843604 0.340426 0.843604 0.512573 0.829622 0.513217 0.829622 0.520954 0.843086 0.520954 0.843604 0.538362 0.851372 0.538362 0.851890 0.522244 0.870533 0.522244 0.870533 0.518375 0.851372 0.517730 0.851890 0.328820 0.870016 0.328175 0.870016 0.292714 0.833247 0.292714 0.832729 0.301096 0.817193 0.300451 0.817193 0.087685
1 0.408079 0.734365 0.408079 0.753063 0.452615 0.753063 0.452615 0.734365
1 0.897462 0.695680 0.897462 0.704062 0.925945 0.704062 0.925945 0.695680
1 0.844122 0.695680 0.844122 0.704062 0.882444 0.704062 0.882444 0.695680
1 0.622993 0.695680 0.622993 0.704062 0.663387 0.704062 0.663387 0.695680
1 0.677887 0.613798 0.677887 0.621534 0.718799 0.621534 0.718799 0.613798
1 0.905230 0.548034 0.905230 0.593810 0.908856 0.593810 0.908856 0.548034
1 0.843604 0.539007 0.843604 0.584139 0.851372 0.584139 0.851372 0.539007
1 0.790264 0.513217 0.790264 0.520954 0.829104 0.520954 0.829104 0.513217
1 0.175039 0.491296 0.175039 0.546099 0.194200 0.546099 0.194200 0.491296
1 0.905230 0.450032 0.905230 0.517086 0.908856 0.517086 0.908856 0.450032
1 0.630761 0.233398 0.630761 0.284977 0.650958 0.284977 0.650958 0.233398
2 0.847747 0.936170 0.847747 0.962605 0.909891 0.962605 0.909891 0.936170
2 0.742620 0.936170 0.742620 0.962605 0.806836 0.962605 0.806836 0.936170
2 0.175039 0.569310 0.175039 0.652482 0.194200 0.652482 0.194200 0.569310
2 0.175039 0.352031 0.175039 0.488072 0.194200 0.488072 0.194200 0.352031
2 0.672708 0.301096 0.672708 0.321728 0.753496 0.321728 0.753496 0.301096
2 0.870533 0.292714 0.870533 0.328175 0.920766 0.328175 0.920766 0.292714
2 0.630761 0.190845 0.630761 0.228885 0.650958 0.228885 0.650958 0.190845
2 0.175039 0.189555 0.175039 0.327531 0.194200 0.327531 0.194200 0.189555
2 0.525117 0.138620 0.525117 0.170213 0.606939 0.170213 0.606939 0.138620
2 0.214915 0.138620 0.214915 0.170213 0.297255 0.170213 0.297255 0.138620
