0 0.414474 0.584594 0.413534 0.867950 0.399436 0.869326 0.399436 0.911967 0.437030 0.911967 0.437030 0.803301 0.441729 0.801926 0.441729 0.767538 0.425752 0.766162 0.425752 0.599725 0.441729 0.598349 0.441729 0.584594
0 0.582707 0.423659 0.582707 0.583219 0.527256 0.584594 0.527256 0.598349 0.582707 0.599725 0.582707 0.766162 0.528195 0.767538 0.528195 0.801926 0.565789 0.803301 0.565789 0.913343 0.639098 0.913343 0.639098 0.869326 0.595865 0.867950 0.595865 0.423659
0 0.414474 0.290234 0.414474 0.456671 0.423872 0.456671 0.423872 0.290234
0 0.058271 0.027510 0.059211 0.911967 0.096805 0.911967 0.096805 0.869326 0.082707 0.867950 0.082707 0.055021 0.499060 0.055021 0.500000 0.302613 0.513158 0.302613 0.513158 0.288858 0.509398 0.287483 0.510338 0.055021 0.722744 0.055021 0.723684 0.154058 0.737782 0.154058 0.738722 0.068776 0.870301 0.070151 0.870301 0.280605 0.738722 0.281981 0.737782 0.239340 0.723684 0.239340 0.722744 0.288858 0.579887 0.288858 0.579887 0.302613 0.582707 0.303989 0.582707 0.324622 0.595865 0.324622 0.596805 0.305365 0.879699 0.306740 0.879699 0.867950 0.830827 0.869326 0.830827 0.913343 0.898496 0.913343 0.898496 0.027510
1 0.442669 0.767538 0.442669 0.801926 0.527256 0.801926 0.527256 0.767538
1 0.442669 0.584594 0.442669 0.598349 0.526316 0.598349 0.526316 0.584594
1 0.582707 0.325997 0.582707 0.422283 0.595865 0.422283 0.595865 0.325997
1 0.514098 0.288858 0.514098 0.302613 0.578947 0.302613 0.578947 0.288858
1 0.723684 0.155433 0.723684 0.237964 0.737782 0.237964 0.737782 0.155433
2 0.640038 0.869326 0.640038 0.913343 0.829887 0.913343 0.829887 0.869326
2 0.097744 0.869326 0.097744 0.911967 0.398496 0.911967 0.398496 0.869326
