0 0.325462 0.629332 0.325462 0.828589 0.324282 0.829208 0.324282 0.834777 0.325462 0.835396 0.325462 0.868193 0.337269 0.868193 0.337269 0.855198 0.332940 0.854579 0.333333 0.713490 0.425817 0.713490 0.426210 0.854579 0.423062 0.855198 0.423062 0.868193 0.434475 0.868193 0.434475 0.699876 0.426210 0.699876 0.425817 0.704827 0.333333 0.704827 0.332940 0.629332
0 0.204644 0.622525 0.204644 0.865099 0.271547 0.865099 0.271547 0.835396 0.272727 0.834777 0.272727 0.829208 0.271547 0.828589 0.271547 0.813119 0.263676 0.813119 0.263282 0.849629 0.211728 0.849010 0.212121 0.764233 0.263282 0.764233 0.263676 0.768564 0.271547 0.768564 0.271547 0.622525 0.248721 0.622525 0.248721 0.637376 0.263676 0.637995 0.263282 0.756188 0.211728 0.755569 0.211728 0.637995 0.218418 0.637376 0.218418 0.622525
0 0.145218 0.504332 0.096025 0.503713 0.096025 0.402228 0.084219 0.402228 0.084219 0.503713 0.016529 0.504332 0.016529 0.522896 0.145218 0.522896
0 0.432900 0.379950 0.432900 0.385520 0.430933 0.386139 0.430933 0.397896 0.446675 0.398515 0.446675 0.379950
0 0.226682 0.362005 0.226682 0.452970 0.229437 0.452970 0.229437 0.362005
0 0.190083 0.362005 0.190083 0.503713 0.168831 0.504332 0.168831 0.522896 0.269972 0.522896 0.269972 0.504332 0.268005 0.503713 0.268005 0.425743 0.271153 0.425124 0.271153 0.418317 0.263676 0.418317 0.263282 0.504332 0.194412 0.503713 0.194412 0.362005
0 0.307359 0.357673 0.307359 0.379332 0.311688 0.379332 0.312082 0.366337 0.356553 0.366955 0.356159 0.445545 0.312082 0.445545 0.311688 0.416460 0.307359 0.416460 0.306966 0.418317 0.303424 0.418317 0.303424 0.425124 0.307359 0.425743 0.307359 0.503713 0.303030 0.504332 0.303030 0.522896 0.325462 0.523515 0.325462 0.577351 0.332940 0.577351 0.333333 0.522896 0.425817 0.522896 0.426210 0.589109 0.434475 0.589109 0.434475 0.523515 0.446675 0.522896 0.446675 0.450495 0.432900 0.450495 0.432507 0.504332 0.365604 0.504332 0.365211 0.398515 0.408501 0.397896 0.408501 0.386139 0.361275 0.386139 0.360882 0.357673 0.356553 0.357673 0.356159 0.359530 0.312082 0.359530 0.311688 0.357673
0 0.555293 0.356436 0.555293 0.374381 0.567887 0.374381 0.568280 0.365718 0.608422 0.365718 0.608422 0.358292 0.568280 0.358292 0.567887 0.356436
0 0.781582 0.299505 0.781582 0.311262 0.786305 0.311262 0.786698 0.307550 0.836285 0.307550 0.836285 0.300124
0 0.555293 0.266708 0.555293 0.303837 0.567887 0.303837 0.567887 0.266708
0 0.190476 0.261757 0.190476 0.304455 0.195199 0.304455 0.195592 0.269183 0.263676 0.269183 0.264069 0.303837 0.268792 0.303837 0.268792 0.261757
0 0.084219 0.256807 0.084219 0.293936 0.096025 0.293936 0.096025 0.256807
0 0.906336 0.251238 0.906336 0.307550 0.917355 0.307550 0.917355 0.251238
0 0.084219 0.208540 0.084219 0.210396 0.096025 0.210396 0.096025 0.208540
0 0.487997 0.043317 0.487603 0.521658 0.917355 0.521658 0.917355 0.397896 0.906336 0.397896 0.905943 0.449257 0.833924 0.449257 0.833924 0.454827 0.905943 0.454827 0.905943 0.504332 0.786698 0.504332 0.786305 0.455446 0.813459 0.454827 0.813459 0.449257 0.786305 0.448639 0.786305 0.402847 0.781582 0.402847 0.781582 0.503713 0.743015 0.504332 0.742621 0.366337 0.781189 0.365718 0.781582 0.366955 0.786305 0.366955 0.786305 0.355817 0.781582 0.355817 0.781189 0.357673 0.737505 0.357673 0.737111 0.504332 0.667847 0.503713 0.668241 0.365718 0.700905 0.366337 0.700905 0.456064 0.703266 0.456064 0.703266 0.362005 0.668241 0.362005 0.667847 0.355817 0.663125 0.355817 0.662731 0.358292 0.631248 0.358292 0.631248 0.365718 0.663125 0.366337 0.662731 0.504332 0.568280 0.504332 0.567887 0.409035 0.555293 0.409035 0.554900 0.501856 0.491145 0.501238 0.491932 0.063119 0.554900 0.063119 0.555293 0.156559 0.567887 0.156559 0.568280 0.062500 0.696970 0.062500 0.697363 0.243812 0.663125 0.244431 0.663125 0.309406 0.667847 0.309406 0.668241 0.251856 0.721370 0.251856 0.721370 0.244431 0.703266 0.243812 0.703266 0.178218 0.749705 0.177599 0.749705 0.168936 0.703266 0.168317 0.703660 0.062500 0.781582 0.063119 0.781582 0.168317 0.773711 0.168936 0.773711 0.177599 0.781582 0.178218 0.781582 0.243812 0.744195 0.244431 0.744195 0.251856 0.786305 0.252475 0.786698 0.244431 0.809524 0.244431 0.809524 0.220297 0.786305 0.219678 0.786305 0.106436 0.815427 0.105817 0.815427 0.100248 0.786698 0.100248 0.786305 0.063119 0.905943 0.062500 0.905943 0.100248 0.835891 0.100248 0.835891 0.105817 0.905943 0.105817 0.906336 0.158416 0.917355 0.158416 0.917355 0.043317
0 0.446675 0.037748 0.418733 0.037748 0.418733 0.057550 0.435262 0.058168 0.435262 0.244431 0.337662 0.245050 0.337269 0.221535 0.311688 0.220916 0.311688 0.178218 0.307359 0.178218 0.307359 0.310025 0.311688 0.310025 0.312082 0.252475 0.356159 0.252475 0.356553 0.316832 0.360882 0.316832 0.361275 0.252475 0.432507 0.252475 0.432900 0.308787 0.446675 0.308787
0 0.173947 0.037748 0.173947 0.057550 0.306966 0.057550 0.307359 0.107673 0.311688 0.107673 0.312082 0.037748
0 0.016922 0.037748 0.016922 0.056312 0.083825 0.056312 0.084219 0.095297 0.096025 0.095297 0.096025 0.058168 0.105077 0.057550 0.105077 0.037748
1 0.337662 0.855198 0.337662 0.868193 0.422668 0.868193 0.422668 0.855198
1 0.273121 0.829208 0.273121 0.834777 0.323888 0.834777 0.323888 0.829208
1 0.263676 0.769183 0.263676 0.812500 0.271547 0.812500 0.271547 0.769183
1 0.218811 0.622525 0.218811 0.637376 0.248327 0.637376 0.248327 0.622525
1 0.325462 0.577970 0.325462 0.628713 0.332940 0.628713 0.332940 0.577970
1 0.270366 0.504332 0.270366 0.522896 0.302637 0.522896 0.302637 0.504332
1 0.813853 0.449257 0.813853 0.454827 0.833530 0.454827 0.833530 0.449257
1 0.271547 0.418317 0.271547 0.425124 0.303030 0.425124 0.303030 0.418317
1 0.408894 0.386139 0.408894 0.397896 0.430539 0.397896 0.430539 0.386139
1 0.307359 0.379950 0.307359 0.415842 0.311688 0.415842 0.311688 0.379950
1 0.781582 0.367574 0.781582 0.402228 0.786305 0.402228 0.786305 0.367574
1 0.608815 0.358292 0.608815 0.365718 0.630854 0.365718 0.630854 0.358292
1 0.356553 0.317450 0.356553 0.357054 0.360882 0.357054 0.360882 0.317450
1 0.781582 0.311881 0.781582 0.355198 0.786305 0.355198 0.786305 0.311881
1 0.307359 0.310644 0.307359 0.357054 0.311688 0.357054 0.311688 0.310644
1 0.663125 0.310025 0.663125 0.355198 0.667847 0.355198 0.667847 0.310025
1 0.555293 0.304455 0.555293 0.355817 0.567887 0.355817 0.567887 0.304455
1 0.781582 0.253094 0.781582 0.298886 0.786305 0.298886 0.786305 0.253094
1 0.721763 0.244431 0.721763 0.251856 0.743802 0.251856 0.743802 0.244431
1 0.084219 0.211015 0.084219 0.256188 0.096025 0.256188 0.096025 0.211015
1 0.750098 0.168936 0.750098 0.177599 0.773318 0.177599 0.773318 0.168936
1 0.815821 0.100248 0.815821 0.105817 0.835498 0.105817 0.835498 0.100248
2 0.426210 0.589728 0.426210 0.699257 0.434475 0.699257 0.434475 0.589728
2 0.145612 0.504332 0.145612 0.522896 0.168438 0.522896 0.168438 0.504332
2 0.432900 0.399134 0.432900 0.449876 0.446675 0.449876 0.446675 0.399134
2 0.555293 0.375000 0.555293 0.408416 0.567887 0.408416 0.567887 0.375000
2 0.432900 0.309406 0.432900 0.379332 0.446675 0.379332 0.446675 0.309406
2 0.906336 0.308168 0.906336 0.397277 0.917355 0.397277 0.917355 0.308168
2 0.084219 0.294554 0.084219 0.401609 0.096025 0.401609 0.096025 0.294554
2 0.906336 0.159035 0.906336 0.250619 0.917355 0.250619 0.917355 0.159035
2 0.555293 0.157178 0.555293 0.266089 0.567887 0.266089 0.567887 0.157178
2 0.084219 0.095916 0.084219 0.207921 0.096025 0.207921 0.096025 0.095916
2 0.312475 0.037748 0.312475 0.057550 0.418339 0.057550 0.418339 0.037748
2 0.105470 0.037748 0.105470 0.057550 0.173554 0.057550 0.173554 0.037748
