0 0.591594 0.529592 0.591594 0.622449 0.598731 0.622449 0.598731 0.529592
0 0.309278 0.342857 0.309278 0.344898 0.342585 0.344898 0.342585 0.342857
0 0.139572 0.286224 0.139572 0.403061 0.111023 0.403571 0.111023 0.423469 0.383029 0.423980 0.383029 0.723980 0.620936 0.723980 0.620936 0.714286 0.598731 0.713776 0.598731 0.682143 0.591594 0.682143 0.590801 0.714286 0.398097 0.713776 0.398097 0.413776 0.343378 0.413776 0.342585 0.387245 0.309278 0.387245 0.308485 0.403571 0.145123 0.403061 0.145123 0.290306 0.308485 0.289796 0.309278 0.291327 0.342585 0.291327 0.342585 0.271939 0.309278 0.271939 0.308485 0.286224
0 0.897700 0.177041 0.817605 0.177041 0.817605 0.193878 0.882633 0.194388 0.882633 0.370918 0.662173 0.371429 0.661380 0.369388 0.654243 0.369388 0.654243 0.376020 0.735131 0.376531 0.735131 0.539286 0.742268 0.539286 0.742268 0.463265 0.754163 0.462755 0.754163 0.455102 0.747819 0.454592 0.747819 0.380612 0.877082 0.380612 0.877082 0.454592 0.804124 0.455102 0.804124 0.462755 0.882633 0.463265 0.882633 0.614796 0.785884 0.615306 0.785091 0.584184 0.743061 0.584184 0.742268 0.581122 0.735131 0.581122 0.735131 0.713776 0.695480 0.714286 0.695480 0.723980 0.750198 0.723980 0.750991 0.625000 0.897700 0.625000
0 0.574148 0.177041 0.574148 0.193878 0.654243 0.194388 0.654243 0.326531 0.661380 0.326531 0.661380 0.194388 0.670103 0.193878 0.670103 0.177041
0 0.309278 0.177041 0.309278 0.208673 0.342585 0.208673 0.343378 0.193878 0.474227 0.193878 0.474227 0.177041
1 0.621729 0.714286 0.621729 0.723980 0.694687 0.723980 0.694687 0.714286
1 0.735131 0.539796 0.735131 0.580612 0.742268 0.580612 0.742268 0.539796
1 0.754956 0.455102 0.754956 0.462755 0.803331 0.462755 0.803331 0.455102
1 0.309278 0.345408 0.309278 0.386735 0.342585 0.386735 0.342585 0.345408
1 0.654243 0.327041 0.654243 0.368878 0.661380 0.368878 0.661380 0.327041
2 0.309278 0.291837 0.309278 0.342347 0.342585 0.342347 0.342585 0.291837
2 0.309278 0.209184 0.309278 0.271429 0.342585 0.271429 0.342585 0.209184
2 0.670896 0.177041 0.670896 0.193878 0.816812 0.193878 0.816812 0.177041
2 0.475020 0.177041 0.475020 0.193878 0.573354 0.193878 0.573354 0.177041
