0 0.185379 0.628632 0.186249 0.919915 0.680592 0.919915 0.681462 0.939759 0.902524 0.939759 0.902524 0.886605 0.867711 0.886605 0.866841 0.905032 0.539600 0.904323 0.539600 0.754075 0.531767 0.754075 0.530896 0.756910 0.412533 0.756910 0.411662 0.652729 0.530896 0.652020 0.531767 0.693834 0.539600 0.693834 0.539600 0.643515 0.551784 0.642807 0.551784 0.628632 0.339426 0.628632 0.339426 0.636428 0.344648 0.637137 0.344648 0.642807 0.403829 0.643515 0.403829 0.754075 0.377720 0.754784 0.377720 0.770376 0.385553 0.770376 0.386423 0.765415 0.531767 0.766123 0.530896 0.898653 0.390775 0.898653 0.389904 0.824947 0.386423 0.824947 0.385553 0.821403 0.377720 0.821403 0.376849 0.898653 0.205396 0.898653 0.204526 0.672573 0.234987 0.671864 0.234987 0.643515 0.263708 0.642807 0.263708 0.637137 0.267189 0.636428 0.267189 0.628632
0 0.686684 0.452870 0.686684 0.484763 0.720627 0.484763 0.720627 0.452870
0 0.527415 0.321758 0.527415 0.328845 0.535248 0.328845 0.535248 0.321758
0 0.686684 0.285613 0.686684 0.321049 0.679721 0.321758 0.679721 0.328845 0.686684 0.329554 0.686684 0.391921 0.720627 0.391921 0.721497 0.361446 0.893821 0.362155 0.893821 0.608079 0.721497 0.608788 0.720627 0.598866 0.686684 0.598866 0.686684 0.627923 0.675370 0.628632 0.675370 0.642807 0.685814 0.642807 0.686684 0.644224 0.866841 0.644224 0.867711 0.754075 0.902524 0.754075 0.902524 0.354359 0.721497 0.354359 0.720627 0.285613
0 0.720627 0.034727 0.381201 0.034727 0.381201 0.069454 0.386423 0.070163 0.386423 0.321049 0.229765 0.321758 0.229765 0.328845 0.448216 0.328845 0.448216 0.321758 0.395126 0.321049 0.395997 0.069454 0.685814 0.069454 0.686684 0.172927 0.720627 0.172927
0 0.189730 0.034727 0.189730 0.069454 0.271540 0.069454 0.271540 0.034727
0 0.042646 0.034727 0.042646 0.643515 0.102698 0.643515 0.102698 0.628632 0.060923 0.627923 0.060923 0.519490 0.106179 0.518781 0.106179 0.478384 0.148825 0.477675 0.148825 0.437987 0.140122 0.437987 0.139252 0.470588 0.060923 0.469880 0.060923 0.329554 0.139252 0.328845 0.140122 0.386251 0.148825 0.386251 0.148825 0.329554 0.158399 0.328845 0.158399 0.321758 0.060923 0.321049 0.060923 0.070163 0.113142 0.069454 0.113142 0.034727
1 0.377720 0.771084 0.377720 0.820695 0.385553 0.820695 0.385553 0.771084
1 0.531767 0.694543 0.531767 0.753366 0.539600 0.753366 0.539600 0.694543
1 0.552654 0.628632 0.552654 0.642807 0.674500 0.642807 0.674500 0.628632
1 0.268059 0.628632 0.268059 0.636428 0.338555 0.636428 0.338555 0.628632
1 0.103568 0.628632 0.103568 0.643515 0.184508 0.643515 0.184508 0.628632
1 0.686684 0.392629 0.686684 0.452162 0.720627 0.452162 0.720627 0.392629
1 0.140122 0.386960 0.140122 0.437279 0.148825 0.437279 0.148825 0.386960
1 0.159269 0.321758 0.159269 0.328845 0.228895 0.328845 0.228895 0.321758
2 0.867711 0.754784 0.867711 0.885897 0.902524 0.885897 0.902524 0.754784
2 0.686684 0.485471 0.686684 0.598157 0.720627 0.598157 0.720627 0.485471
2 0.536118 0.321758 0.536118 0.328845 0.678851 0.328845 0.678851 0.321758
2 0.686684 0.173636 0.686684 0.284904 0.720627 0.284904 0.720627 0.173636
2 0.272411 0.034727 0.272411 0.069454 0.380331 0.069454 0.380331 0.034727
2 0.114012 0.034727 0.114012 0.069454 0.188860 0.069454 0.188860 0.034727
