0 0.434555 0.642375 0.433246 0.712551 0.446335 0.713225 0.446335 0.912281 0.459424 0.912281 0.459424 0.713225 0.477749 0.712551 0.477749 0.690958 0.445026 0.690283 0.445026 0.648448 0.475131 0.647773 0.475131 0.642375
0 0.613874 0.639001 0.603403 0.639001 0.602094 0.642375 0.589005 0.642375 0.589005 0.647773 0.603403 0.648448 0.603403 0.690283 0.591623 0.690958 0.591623 0.712551 0.612565 0.712551
0 0.570681 0.258435 0.570681 0.278677 0.653141 0.278677 0.653141 0.258435
0 0.446335 0.258435 0.446335 0.278677 0.463351 0.278677 0.463351 0.258435
0 0.916230 0.059379 0.905759 0.059379 0.905759 0.257760 0.738220 0.258435 0.738220 0.278677 0.899215 0.279352 0.899215 0.460189 0.603403 0.460864 0.603403 0.466937 0.683246 0.467611 0.683246 0.582321 0.603403 0.582996 0.603403 0.591768 0.613874 0.591768 0.615183 0.588394 0.708115 0.588394 0.708115 0.575574 0.700262 0.574899 0.701571 0.471660 0.883508 0.472335 0.883508 0.574899 0.785340 0.575574 0.785340 0.588394 0.899215 0.589069 0.899215 0.686910 0.692408 0.687584 0.692408 0.819838 0.709424 0.819838 0.709424 0.709852 0.903141 0.709177 0.904450 0.902834 0.710733 0.903509 0.709424 0.868421 0.692408 0.868421 0.692408 0.912281 0.924084 0.912281 0.924084 0.258435 0.916230 0.257760
0 0.109948 0.057355 0.109948 0.487854 0.082461 0.488529 0.082461 0.712551 0.236911 0.712551 0.236911 0.690958 0.134817 0.690283 0.134817 0.516194 0.459424 0.515520 0.459424 0.510796 0.134817 0.510121 0.134817 0.279352 0.209424 0.278677 0.209424 0.258435 0.163613 0.257760 0.163613 0.057355
1 0.692408 0.820513 0.692408 0.867746 0.709424 0.867746 0.709424 0.820513
1 0.479058 0.690958 0.479058 0.712551 0.590314 0.712551 0.590314 0.690958
1 0.476440 0.642375 0.476440 0.647773 0.587696 0.647773 0.587696 0.642375
1 0.603403 0.592443 0.603403 0.638327 0.613874 0.638327 0.613874 0.592443
1 0.709424 0.575574 0.709424 0.588394 0.784031 0.588394 0.784031 0.575574
1 0.464660 0.258435 0.464660 0.278677 0.569372 0.278677 0.569372 0.258435
2 0.238220 0.690958 0.238220 0.712551 0.431937 0.712551 0.431937 0.690958
2 0.613874 0.687584 0.613874 0.712551 0.691099 0.712551 0.691099 0.687584
2 0.654450 0.258435 0.654450 0.278677 0.736911 0.278677 0.736911 0.258435
2 0.210733 0.258435 0.210733 0.278677 0.445026 0.278677 0.445026 0.258435
