0 0.253891 0.749304 0.253891 0.762833 0.259728 0.762833 0.259728 0.749304
0 0.160992 0.746518 0.160992 0.762833 0.206226 0.762833 0.206226 0.749304 0.178016 0.749304 0.177529 0.746518
0 0.601167 0.713888 0.601167 0.748906 0.594358 0.749304 0.594358 0.762833 0.611868 0.762833 0.611868 0.749304 0.606031 0.748906 0.606031 0.713888
0 0.498541 0.652606 0.498541 0.670513 0.494650 0.670911 0.494650 0.673299 0.498541 0.673697 0.498541 0.748906 0.475195 0.749304 0.475195 0.762833 0.548638 0.762833 0.548638 0.749304 0.503405 0.748906 0.503405 0.652606
0 0.344844 0.647035 0.344844 0.717469 0.349708 0.717469 0.349708 0.671309 0.399319 0.671309 0.399319 0.748906 0.350195 0.749304 0.349708 0.746518 0.344844 0.746518 0.344358 0.749304 0.305934 0.749304 0.305934 0.762833 0.428016 0.762833 0.428016 0.749304 0.404183 0.748906 0.404183 0.673697 0.453794 0.673299 0.453794 0.670911 0.404669 0.670911 0.404183 0.647433 0.399319 0.647433 0.398833 0.666932 0.350195 0.666932 0.349708 0.647035
0 0.341440 0.572224 0.341440 0.576204 0.344844 0.576602 0.344844 0.618384 0.349708 0.618384 0.350195 0.576204 0.399319 0.576602 0.399319 0.617986 0.404183 0.617986 0.404669 0.576204 0.498054 0.576204 0.498541 0.619578 0.503405 0.619578 0.503405 0.572224
0 0.601167 0.572224 0.601167 0.606446 0.606031 0.606446 0.606518 0.576204 0.670233 0.576602 0.670233 0.673299 0.606518 0.673697 0.606031 0.639873 0.601167 0.639873 0.601167 0.680462 0.606031 0.680462 0.606518 0.677676 0.765078 0.677676 0.765564 0.684043 0.770428 0.684043 0.770914 0.677676 0.834630 0.678074 0.834144 0.749304 0.770914 0.749304 0.770428 0.713490 0.765564 0.713490 0.765078 0.749304 0.640564 0.749304 0.640564 0.762833 0.666342 0.762833 0.666829 0.774373 0.677043 0.774373 0.677529 0.762833 0.841440 0.762833 0.841926 0.835655 0.677529 0.836053 0.677043 0.808993 0.666829 0.808993 0.666829 0.844409 0.852140 0.844409 0.852140 0.636689 0.834630 0.636689 0.834144 0.673697 0.675584 0.673697 0.675097 0.572224 0.651751 0.572224 0.651265 0.563868 0.646401 0.563868 0.645914 0.572224
0 0.301070 0.572224 0.178016 0.572224 0.177529 0.546359 0.160992 0.546359 0.160992 0.732193 0.177529 0.732193 0.177529 0.576602 0.301070 0.576204
0 0.852140 0.579387 0.852140 0.517310 0.834630 0.517310 0.834144 0.524473 0.651751 0.524473 0.651265 0.521687 0.646401 0.521687 0.646401 0.530840 0.651265 0.530840 0.651751 0.528452 0.834144 0.528452 0.834630 0.579387
0 0.206712 0.399125 0.190175 0.399125 0.189689 0.419419 0.160992 0.419419 0.160992 0.508158 0.177529 0.508158 0.177529 0.434142 0.206712 0.433745
0 0.852140 0.309988 0.776265 0.309988 0.776265 0.324314 0.834630 0.324712 0.834630 0.415440 0.651751 0.415838 0.651265 0.400318 0.646401 0.400318 0.646401 0.488659 0.651265 0.488659 0.651751 0.419419 0.834144 0.419419 0.834630 0.457620 0.852140 0.457620
0 0.571498 0.309988 0.571498 0.324314 0.582685 0.324314 0.582685 0.309988
0 0.515564 0.309988 0.515564 0.324314 0.520428 0.324314 0.520428 0.309988
0 0.458171 0.309988 0.458171 0.324314 0.464008 0.324314 0.464008 0.309988
0 0.273833 0.309988 0.273833 0.324314 0.278696 0.324314 0.278696 0.309988
0 0.190175 0.309988 0.190175 0.357740 0.206712 0.357740 0.206712 0.324712 0.221790 0.324314 0.221790 0.309988
0 0.367704 0.197374 0.367704 0.309590 0.330739 0.309988 0.330739 0.324314 0.408074 0.324314 0.408074 0.309988 0.370136 0.309590 0.370136 0.197374
0 0.654669 0.196976 0.652237 0.196976 0.652237 0.309590 0.623054 0.309988 0.623054 0.324314 0.646401 0.324712 0.646401 0.350179 0.651265 0.350179 0.651751 0.324314 0.722763 0.324314 0.722763 0.309988 0.654669 0.309590
1 0.666829 0.774771 0.666829 0.808595 0.677043 0.808595 0.677043 0.774771
1 0.549125 0.749304 0.549125 0.762833 0.593872 0.762833 0.593872 0.749304
1 0.344844 0.717867 0.344844 0.746120 0.349708 0.746120 0.349708 0.717867
1 0.765564 0.684441 0.765564 0.713092 0.770428 0.713092 0.770428 0.684441
1 0.601167 0.680860 0.601167 0.713490 0.606031 0.713490 0.606031 0.680860
1 0.454280 0.670911 0.454280 0.673299 0.494163 0.673299 0.494163 0.670911
1 0.498541 0.619976 0.498541 0.652209 0.503405 0.652209 0.503405 0.619976
1 0.344844 0.618782 0.344844 0.646637 0.349708 0.646637 0.349708 0.618782
1 0.399319 0.618384 0.399319 0.647035 0.404183 0.647035 0.404183 0.618384
1 0.601167 0.606844 0.601167 0.639475 0.606031 0.639475 0.606031 0.606844
1 0.301556 0.572224 0.301556 0.576204 0.340953 0.576204 0.340953 0.572224
1 0.646401 0.531238 0.646401 0.563470 0.651265 0.563470 0.651265 0.531238
1 0.646401 0.489057 0.646401 0.521289 0.651265 0.521289 0.651265 0.489057
1 0.646401 0.350577 0.646401 0.399920 0.651265 0.399920 0.651265 0.350577
1 0.583171 0.309988 0.583171 0.324314 0.622568 0.324314 0.622568 0.309988
2 0.612354 0.749304 0.612354 0.762833 0.640078 0.762833 0.640078 0.749304
2 0.428502 0.749304 0.428502 0.762833 0.474708 0.762833 0.474708 0.749304
2 0.260214 0.749304 0.260214 0.762833 0.305447 0.762833 0.305447 0.749304
2 0.206712 0.749304 0.206712 0.762833 0.253405 0.762833 0.253405 0.749304
2 0.160992 0.732591 0.160992 0.746120 0.177529 0.746120 0.177529 0.732591
2 0.834630 0.579785 0.834630 0.636291 0.852140 0.636291 0.852140 0.579785
2 0.160992 0.508556 0.160992 0.545961 0.177529 0.545961 0.177529 0.508556
2 0.834630 0.458018 0.834630 0.516912 0.852140 0.516912 0.852140 0.458018
2 0.190175 0.358138 0.190175 0.398727 0.206712 0.398727 0.206712 0.358138
2 0.723249 0.309988 0.723249 0.324314 0.775778 0.324314 0.775778 0.309988
2 0.520914 0.309988 0.520914 0.324314 0.571012 0.324314 0.571012 0.309988
2 0.464494 0.309988 0.464494 0.324314 0.515078 0.324314 0.515078 0.309988
2 0.408560 0.309988 0.408560 0.324314 0.457685 0.324314 0.457685 0.309988
2 0.279183 0.309988 0.279183 0.324314 0.330253 0.324314 0.330253 0.309988
2 0.222276 0.309988 0.222276 0.324314 0.273346 0.324314 0.273346 0.309988
