0 0.592072 0.846344 0.592072 0.873606 0.913043 0.873606 0.913043 0.788104 0.889386 0.788104 0.888747 0.846344 0.637468 0.846344 0.636829 0.770756 0.617647 0.770756 0.617008 0.747212 0.606138 0.747212 0.606138 0.845105
0 0.535806 0.846344 0.510870 0.845105 0.510870 0.640644 0.500000 0.640644 0.499361 0.851301 0.430307 0.851301 0.429668 0.821561 0.408568 0.820322 0.408568 0.643123 0.401535 0.643123 0.400895 0.851301 0.105499 0.851301 0.104859 0.796778 0.081841 0.796778 0.081841 0.873606 0.535806 0.873606
0 0.606138 0.659232 0.617008 0.659232 0.617647 0.561338 0.769182 0.561338 0.769182 0.541512 0.617647 0.541512 0.617008 0.529120 0.606138 0.529120
0 0.510870 0.524164 0.505115 0.524164 0.504476 0.541512 0.393862 0.541512 0.393862 0.562577 0.400895 0.562577 0.401535 0.566295 0.408568 0.566295 0.409207 0.562577 0.499361 0.562577 0.500000 0.566295 0.510870 0.566295
0 0.913043 0.451053 0.889386 0.451053 0.888747 0.541512 0.820332 0.541512 0.820332 0.561338 0.888747 0.561338 0.889386 0.609665 0.913043 0.609665
0 0.143223 0.400248 0.143223 0.408922 0.156010 0.408922 0.156010 0.400248
0 0.066496 0.525403 0.081841 0.526642 0.081841 0.617100 0.104859 0.617100 0.105499 0.562577 0.340793 0.562577 0.340793 0.541512 0.156650 0.541512 0.156010 0.494424 0.143223 0.494424 0.142583 0.500620 0.081841 0.500620 0.081202 0.514250 0.072890 0.514250 0.072890 0.130112 0.080563 0.130112 0.081202 0.137546 0.504476 0.136307 0.505115 0.416357 0.510870 0.416357 0.511509 0.390335 0.521100 0.390335 0.521100 0.377943 0.510870 0.376704 0.510870 0.137546 0.605499 0.136307 0.606138 0.376704 0.567775 0.377943 0.567775 0.390335 0.605499 0.390335 0.606138 0.428748 0.617008 0.428748 0.617647 0.136307 0.888747 0.136307 0.889386 0.220570 0.913043 0.220570 0.913043 0.114002 0.081202 0.114002 0.080563 0.118959 0.066496 0.118959
1 0.536445 0.846344 0.536445 0.873606 0.591432 0.873606 0.591432 0.846344
1 0.606138 0.660471 0.606138 0.745973 0.617008 0.745973 0.617008 0.660471
1 0.500000 0.567534 0.500000 0.639405 0.510870 0.639405 0.510870 0.567534
1 0.401535 0.567534 0.401535 0.641884 0.408568 0.641884 0.408568 0.567534
1 0.769821 0.541512 0.769821 0.561338 0.819693 0.561338 0.819693 0.541512
1 0.341432 0.541512 0.341432 0.562577 0.393223 0.562577 0.393223 0.541512
1 0.606138 0.429988 0.606138 0.527881 0.617008 0.527881 0.617008 0.429988
1 0.505115 0.417596 0.505115 0.522924 0.510870 0.522924 0.510870 0.417596
1 0.143223 0.410161 0.143223 0.493185 0.156010 0.493185 0.156010 0.410161
1 0.521739 0.377943 0.521739 0.390335 0.567136 0.390335 0.567136 0.377943
2 0.081841 0.618340 0.081841 0.795539 0.104859 0.795539 0.104859 0.618340
2 0.889386 0.610905 0.889386 0.786865 0.913043 0.786865 0.913043 0.610905
2 0.889386 0.221809 0.889386 0.449814 0.913043 0.449814 0.913043 0.221809
2 0.143223 0.138786 0.143223 0.399009 0.156010 0.399009 0.156010 0.138786
