0 0.623656 0.885388 0.623656 0.896795 0.626523 0.896795 0.626523 0.885388
0 0.874552 0.770777 0.859498 0.770777 0.858781 0.885388 0.707527 0.885388 0.707527 0.896795 0.858781 0.896795 0.859498 0.908745 0.874552 0.908745 0.874552 0.897338 0.887455 0.896795 0.887455 0.885388 0.874552 0.884845
0 0.278136 0.768604 0.278136 0.884845 0.263799 0.885388 0.263799 0.896795 0.277419 0.896795 0.278136 0.907659 0.293190 0.907659 0.293907 0.896795 0.603584 0.896795 0.603584 0.885388 0.293907 0.885388 0.293190 0.768604
0 0.278136 0.749593 0.278136 0.750679 0.293190 0.750679 0.293190 0.749593
0 0.859498 0.707224 0.859498 0.711027 0.874552 0.711027 0.874552 0.707224
0 0.017921 0.578490 0.017921 0.589897 0.031541 0.589897 0.032258 0.600217 0.047312 0.600217 0.048029 0.589897 0.151254 0.589897 0.151254 0.578490 0.048029 0.578490 0.047312 0.546442 0.032258 0.546442 0.032258 0.577947
0 0.032258 0.479087 0.032258 0.485062 0.047312 0.485062 0.047312 0.479087
0 0.225090 0.458446 0.225090 0.543726 0.215054 0.544269 0.215054 0.546985 0.228674 0.547529 0.228674 0.458446
0 0.278136 0.454644 0.278136 0.577947 0.213620 0.578490 0.213620 0.589897 0.278136 0.590440 0.278136 0.688756 0.293190 0.688756 0.293190 0.589897 0.302509 0.589354 0.302509 0.578490 0.293190 0.577947 0.293190 0.454644
0 0.859498 0.431831 0.859498 0.469310 0.874552 0.469310 0.874552 0.431831
0 0.032258 0.387833 0.032258 0.418794 0.047312 0.418794 0.047312 0.404128 0.056631 0.403585 0.056631 0.392178 0.048029 0.392178 0.047312 0.387833
0 0.460932 0.412276 0.460932 0.587724 0.520430 0.587724 0.521147 0.615426 0.629391 0.615426 0.630108 0.587724 0.858781 0.587724 0.859498 0.692015 0.874552 0.692015 0.874552 0.588267 0.891039 0.587724 0.891039 0.575231 0.874552 0.574688 0.874552 0.516567 0.859498 0.516567 0.858781 0.575231 0.720430 0.575231 0.719713 0.563281 0.711111 0.563281 0.710394 0.580120 0.601434 0.580120 0.601434 0.483433 0.710394 0.483433 0.711111 0.526344 0.719713 0.526344 0.719713 0.425312 0.711111 0.425312 0.710394 0.475828 0.589247 0.475828 0.589247 0.483433 0.592115 0.483976 0.591398 0.580120 0.471685 0.580120 0.470968 0.483976 0.546237 0.483433 0.546237 0.475828 0.470968 0.475285 0.470968 0.416621 0.538351 0.387833 0.533333 0.381858
0 0.032258 0.321564 0.032258 0.325367 0.047312 0.325367 0.047312 0.321564
0 0.887455 0.337860 0.874552 0.337317 0.874552 0.293862 0.859498 0.293862 0.858781 0.337860 0.638710 0.337860 0.632975 0.333514 0.622222 0.340576 0.624373 0.343835 0.577778 0.363389 0.582796 0.369908 0.631541 0.349267 0.710394 0.349267 0.711111 0.386746 0.719713 0.386746 0.720430 0.349267 0.858781 0.349267 0.859498 0.388376 0.874552 0.388376 0.874552 0.349810 0.887455 0.349267
0 0.859498 0.230853 0.859498 0.233569 0.874552 0.233569 0.874552 0.230853
0 0.226523 0.215100 0.226523 0.226507 0.230824 0.226507 0.230824 0.215100
0 0.145520 0.215100 0.145520 0.226507 0.149821 0.226507 0.149821 0.215100
0 0.032258 0.203694 0.032258 0.214557 0.017204 0.215100 0.017204 0.226507 0.032258 0.227051 0.032258 0.260185 0.047312 0.260185 0.047312 0.227051 0.063082 0.226507 0.063082 0.215100 0.048029 0.215100 0.047312 0.203694
0 0.375627 0.162955 0.375627 0.174362 0.377778 0.174362 0.377778 0.162955
0 0.887455 0.162955 0.874552 0.162412 0.874552 0.152091 0.859498 0.152091 0.858781 0.162955 0.458781 0.162955 0.458781 0.174362 0.563441 0.174905 0.563441 0.282455 0.517563 0.307442 0.526165 0.316676 0.569892 0.293319 0.584229 0.306355 0.595699 0.299837 0.578495 0.284085 0.579211 0.174362 0.858781 0.174362 0.859498 0.214557 0.874552 0.214557 0.874552 0.174905 0.887455 0.174362
0 0.354122 0.162955 0.293907 0.162955 0.293190 0.152091 0.278136 0.152091 0.277419 0.162955 0.260215 0.162955 0.260215 0.174362 0.278136 0.174905 0.278136 0.214557 0.250179 0.215100 0.250179 0.226507 0.278136 0.227051 0.278136 0.341119 0.260932 0.341662 0.260932 0.353069 0.278136 0.353612 0.278136 0.391635 0.121147 0.392178 0.121147 0.403585 0.277419 0.403585 0.278136 0.406844 0.293190 0.406844 0.293907 0.353069 0.477419 0.353069 0.477419 0.342749 0.483154 0.339489 0.475269 0.330798 0.462366 0.337317 0.461649 0.341662 0.293190 0.341119 0.293190 0.174905 0.354122 0.174362
1 0.151971 0.578490 0.151971 0.589897 0.212903 0.589897 0.212903 0.578490
1 0.711111 0.526888 0.711111 0.562738 0.719713 0.562738 0.719713 0.526888
1 0.546953 0.475828 0.546953 0.483433 0.588530 0.483433 0.588530 0.475828
1 0.278136 0.407387 0.278136 0.454101 0.293190 0.454101 0.293190 0.407387
1 0.057348 0.392178 0.057348 0.403585 0.120430 0.403585 0.120430 0.392178
1 0.859498 0.388919 0.859498 0.431287 0.874552 0.431287 0.874552 0.388919
1 0.711111 0.387290 0.711111 0.424769 0.719713 0.424769 0.719713 0.387290
1 0.577778 0.363933 0.534767 0.380771 0.538351 0.387290 0.581362 0.370451
1 0.516846 0.307985 0.475269 0.330255 0.483871 0.339489 0.525448 0.317219
1 0.596416 0.299837 0.584946 0.306898 0.621505 0.340576 0.632975 0.332971
2 0.627240 0.885388 0.627240 0.896795 0.706810 0.896795 0.706810 0.885388
2 0.604301 0.885388 0.604301 0.896795 0.622939 0.896795 0.622939 0.885388
2 0.278136 0.751222 0.278136 0.768061 0.293190 0.768061 0.293190 0.751222
2 0.859498 0.711570 0.859498 0.770234 0.874552 0.770234 0.874552 0.711570
2 0.859498 0.692558 0.859498 0.706681 0.874552 0.706681 0.874552 0.692558
2 0.278136 0.689299 0.278136 0.749049 0.293190 0.749049 0.293190 0.689299
2 0.032258 0.485606 0.032258 0.545899 0.047312 0.545899 0.047312 0.485606
2 0.859498 0.469853 0.859498 0.516024 0.874552 0.516024 0.874552 0.469853
2 0.032258 0.419337 0.032258 0.478544 0.047312 0.478544 0.047312 0.419337
2 0.032258 0.325910 0.032258 0.387290 0.047312 0.387290 0.047312 0.325910
2 0.032258 0.260728 0.032258 0.321021 0.047312 0.321021 0.047312 0.260728
2 0.859498 0.234112 0.859498 0.293319 0.874552 0.293319 0.874552 0.234112
2 0.859498 0.215100 0.859498 0.230310 0.874552 0.230310 0.874552 0.215100
2 0.231541 0.215100 0.231541 0.226507 0.249462 0.226507 0.249462 0.215100
2 0.150538 0.215100 0.150538 0.226507 0.225806 0.226507 0.225806 0.215100
2 0.063799 0.215100 0.063799 0.226507 0.144803 0.226507 0.144803 0.215100
2 0.378495 0.162955 0.378495 0.174362 0.458065 0.174362 0.458065 0.162955
2 0.354839 0.162955 0.354839 0.174362 0.374910 0.174362 0.374910 0.162955
