0 0.485936 0.874730 0.468477 0.874730 0.468477 0.889849 0.447139 0.890389 0.447139 0.898488 0.485936 0.898488
0 0.615907 0.585313 0.615907 0.718143 0.582929 0.718683 0.582929 0.737041 0.645005 0.737581 0.645005 0.898488 0.652764 0.898488 0.652764 0.737581 0.703201 0.737041 0.703201 0.718683 0.626576 0.718143 0.626576 0.585313
0 0.367604 0.569654 0.356935 0.569654 0.356935 0.632289 0.414161 0.632829 0.414161 0.718143 0.290980 0.718683 0.290980 0.737041 0.317168 0.737581 0.317168 0.898488 0.356935 0.898488 0.356935 0.890389 0.333657 0.889849 0.334627 0.798596 0.467507 0.798596 0.468477 0.830454 0.485936 0.830454 0.485936 0.790497 0.324927 0.789957 0.325897 0.737041 0.494665 0.737041 0.494665 0.718683 0.426770 0.718143 0.426770 0.632829 0.484966 0.632289 0.484966 0.626350 0.368574 0.626350
0 0.932105 0.566955 0.897187 0.566955 0.897187 0.718143 0.821532 0.718683 0.821532 0.737041 0.932105 0.737041
0 0.932105 0.415227 0.897187 0.415227 0.896217 0.449784 0.615907 0.449784 0.615907 0.485961 0.626576 0.485961 0.627546 0.455724 0.769156 0.456263 0.768186 0.531857 0.627546 0.531857 0.626576 0.530238 0.615907 0.530238 0.615907 0.539957 0.626576 0.539957 0.627546 0.537797 0.786615 0.537797 0.786615 0.531857 0.779825 0.531317 0.779825 0.456263 0.896217 0.455724 0.897187 0.531317 0.856450 0.531857 0.856450 0.537797 0.896217 0.537797 0.897187 0.543197 0.932105 0.543197
0 0.848691 0.171706 0.848691 0.190605 0.897187 0.191145 0.897187 0.392549 0.932105 0.392549 0.932105 0.171706
0 0.580019 0.171706 0.580019 0.190605 0.611057 0.190605 0.611057 0.171706
0 0.489816 0.171706 0.489816 0.190605 0.504365 0.190605 0.504365 0.171706
0 0.227934 0.171706 0.227934 0.190605 0.268671 0.191145 0.268671 0.289957 0.279340 0.289957 0.279340 0.191145 0.313288 0.190605 0.313288 0.171706
0 0.055286 0.038337 0.055286 0.171166 0.050436 0.171706 0.050436 0.737041 0.140640 0.737041 0.140640 0.718683 0.071775 0.718143 0.071775 0.488121 0.267701 0.487581 0.268671 0.523218 0.355965 0.523218 0.356935 0.525918 0.367604 0.525918 0.368574 0.523218 0.513094 0.523218 0.513094 0.517279 0.279340 0.516739 0.279340 0.334233 0.268671 0.334233 0.268671 0.388769 0.264791 0.389309 0.264791 0.395248 0.268671 0.395788 0.268671 0.481102 0.083414 0.481102 0.083414 0.395788 0.187197 0.395248 0.187197 0.389309 0.071775 0.388769 0.071775 0.191145 0.148400 0.190605 0.148400 0.171706 0.065955 0.171166 0.065955 0.044816 0.125121 0.044276 0.125121 0.038337
1 0.468477 0.830994 0.468477 0.874190 0.485936 0.874190 0.485936 0.830994
1 0.495635 0.718683 0.495635 0.737041 0.581959 0.737041 0.581959 0.718683
1 0.615907 0.540497 0.615907 0.584773 0.626576 0.584773 0.626576 0.540497
1 0.787585 0.531857 0.787585 0.537797 0.855480 0.537797 0.855480 0.531857
1 0.356935 0.526458 0.356935 0.569114 0.367604 0.569114 0.367604 0.526458
1 0.615907 0.486501 0.615907 0.529698 0.626576 0.529698 0.626576 0.486501
1 0.188167 0.389309 0.188167 0.395248 0.263822 0.395248 0.263822 0.389309
1 0.268671 0.290497 0.268671 0.333693 0.279340 0.333693 0.279340 0.290497
1 0.505335 0.171706 0.505335 0.190605 0.579049 0.190605 0.579049 0.171706
1 0.149370 0.171706 0.149370 0.190605 0.226964 0.190605 0.226964 0.171706
2 0.357905 0.890389 0.357905 0.898488 0.446169 0.898488 0.446169 0.890389
2 0.704171 0.718683 0.704171 0.737041 0.820563 0.737041 0.820563 0.718683
2 0.141610 0.718683 0.141610 0.737041 0.290010 0.737041 0.290010 0.718683
2 0.897187 0.543737 0.897187 0.566415 0.932105 0.566415 0.932105 0.543737
2 0.897187 0.393089 0.897187 0.414687 0.932105 0.414687 0.932105 0.393089
2 0.790495 0.171706 0.790495 0.190605 0.847721 0.190605 0.847721 0.171706
2 0.612027 0.171706 0.612027 0.190605 0.788555 0.190605 0.788555 0.171706
2 0.314258 0.171706 0.314258 0.190605 0.488846 0.190605 0.488846 0.171706
