0 0.225949 0.829435 0.225949 0.879142 0.217722 0.880117 0.217722 0.902534 0.259494 0.902534 0.259494 0.880117 0.232278 0.879142 0.232278 0.829435
0 0.668987 0.705653 0.604430 0.705653 0.604430 0.879142 0.562658 0.880117 0.562658 0.902534 0.618987 0.902534 0.619620 0.839181 0.668987 0.839181 0.668987 0.816764 0.611392 0.815789 0.611392 0.717349 0.668987 0.716374
0 0.707595 0.705653 0.707595 0.716374 0.724684 0.717349 0.724684 0.815789 0.708861 0.816764 0.708861 0.839181 0.718354 0.840156 0.718354 0.909357 0.975949 0.909357 0.975949 0.818713 0.961392 0.818713 0.960759 0.888889 0.733544 0.888889 0.732911 0.694932 0.724684 0.694932 0.724051 0.705653
0 0.961392 0.346004 0.960759 0.425926 0.893038 0.425926 0.893038 0.438596 0.960759 0.438596 0.961392 0.512671 0.975949 0.512671 0.975949 0.346004
0 0.293671 0.228070 0.293671 0.250487 0.302532 0.251462 0.302532 0.300195 0.309494 0.300195 0.309494 0.251462 0.324051 0.250487 0.324051 0.228070
0 0.975949 0.099415 0.771519 0.099415 0.771519 0.121832 0.837975 0.122807 0.837975 0.424951 0.698734 0.425926 0.698734 0.437622 0.724684 0.438596 0.724684 0.598441 0.732911 0.598441 0.733544 0.438596 0.855063 0.438596 0.855063 0.425926 0.845570 0.424951 0.845570 0.122807 0.960759 0.121832 0.961392 0.210526 0.975949 0.210526
0 0.668987 0.099415 0.628481 0.099415 0.628481 0.121832 0.648101 0.122807 0.647468 0.319688 0.562658 0.319688 0.562025 0.253411 0.554430 0.253411 0.554430 0.451267 0.561392 0.451267 0.562025 0.437622 0.587342 0.437622 0.587342 0.425926 0.562025 0.424951 0.562658 0.330409 0.647468 0.330409 0.648101 0.424951 0.625949 0.425926 0.625949 0.437622 0.660759 0.437622 0.660759 0.425926 0.655063 0.424951 0.655063 0.122807 0.668987 0.121832
0 0.539873 0.099415 0.539873 0.121832 0.554430 0.122807 0.554430 0.192008 0.562025 0.192008 0.562025 0.122807 0.577215 0.121832 0.577215 0.099415
0 0.380380 0.099415 0.380380 0.227096 0.364557 0.228070 0.364557 0.250487 0.387975 0.251462 0.387975 0.569201 0.382911 0.570175 0.382911 0.579922 0.553797 0.579922 0.554430 0.638402 0.608861 0.638402 0.608861 0.627680 0.561392 0.626706 0.561392 0.505848 0.554430 0.505848 0.553797 0.569201 0.394937 0.568226 0.394937 0.122807 0.435443 0.121832 0.435443 0.099415
0 0.028481 0.085770 0.028481 0.902534 0.055696 0.902534 0.055696 0.880117 0.043038 0.879142 0.043671 0.425926 0.225316 0.425926 0.225949 0.772904 0.232278 0.772904 0.232278 0.608187 0.305696 0.607212 0.306329 0.735867 0.356329 0.735867 0.356962 0.786550 0.400000 0.786550 0.400633 0.879142 0.298734 0.880117 0.298734 0.902534 0.465190 0.902534 0.465190 0.880117 0.406962 0.879142 0.406962 0.711501 0.400633 0.711501 0.400000 0.776803 0.363924 0.776803 0.363291 0.726121 0.312658 0.725146 0.312658 0.580897 0.343671 0.579922 0.343671 0.570175 0.232278 0.569201 0.232278 0.426901 0.309494 0.425926 0.309494 0.358674 0.302532 0.358674 0.301899 0.415205 0.156962 0.415205 0.156329 0.316764 0.150000 0.316764 0.149367 0.415205 0.043038 0.414230 0.043671 0.250487 0.149367 0.250487 0.150000 0.257310 0.156329 0.257310 0.156962 0.250487 0.244304 0.250487 0.244304 0.228070 0.229747 0.228070 0.229114 0.218324 0.214557 0.218324 0.213924 0.228070 0.043671 0.228070 0.043038 0.109162 0.213924 0.108187 0.214557 0.153996 0.229114 0.153996 0.229114 0.085770
1 0.260127 0.880117 0.260127 0.902534 0.298101 0.902534 0.298101 0.880117
1 0.056329 0.880117 0.056329 0.902534 0.217089 0.902534 0.217089 0.880117
1 0.669620 0.816764 0.669620 0.839181 0.708228 0.839181 0.708228 0.816764
1 0.225949 0.773879 0.225949 0.828460 0.232278 0.828460 0.232278 0.773879
1 0.669620 0.705653 0.669620 0.716374 0.706962 0.716374 0.706962 0.705653
1 0.724684 0.599415 0.724684 0.693957 0.732911 0.693957 0.732911 0.599415
1 0.344304 0.570175 0.344304 0.579922 0.382278 0.579922 0.382278 0.570175
1 0.554430 0.452242 0.554430 0.504873 0.561392 0.504873 0.561392 0.452242
1 0.855696 0.425926 0.855696 0.438596 0.892405 0.438596 0.892405 0.425926
1 0.661392 0.425926 0.661392 0.437622 0.698101 0.437622 0.698101 0.425926
1 0.587975 0.425926 0.587975 0.437622 0.625316 0.437622 0.625316 0.425926
1 0.302532 0.301170 0.302532 0.357700 0.309494 0.357700 0.309494 0.301170
1 0.150000 0.258285 0.150000 0.315789 0.156329 0.315789 0.156329 0.258285
1 0.324684 0.228070 0.324684 0.250487 0.363924 0.250487 0.363924 0.228070
1 0.554430 0.192982 0.554430 0.252437 0.562025 0.252437 0.562025 0.192982
1 0.214557 0.154971 0.214557 0.217349 0.229114 0.217349 0.229114 0.154971
2 0.465823 0.880117 0.465823 0.902534 0.562025 0.902534 0.562025 0.880117
2 0.961392 0.513645 0.961392 0.817739 0.975949 0.817739 0.975949 0.513645
2 0.244937 0.228070 0.244937 0.250487 0.293038 0.250487 0.293038 0.228070
2 0.961392 0.211501 0.961392 0.345029 0.975949 0.345029 0.975949 0.211501
2 0.669620 0.099415 0.669620 0.121832 0.770886 0.121832 0.770886 0.099415
2 0.577848 0.099415 0.577848 0.121832 0.627848 0.121832 0.627848 0.099415
2 0.436076 0.099415 0.436076 0.121832 0.539241 0.121832 0.539241 0.099415
