0 0.701682 0.672938 0.697906 0.672938 0.698249 0.775687 0.677652 0.776411 0.677652 0.798842 0.702025 0.798842
0 0.589427 0.641100 0.584621 0.641100 0.584277 0.642547 0.567113 0.642547 0.567113 0.649059 0.584621 0.649783 0.584277 0.771346 0.553038 0.770622 0.553038 0.681621 0.547202 0.673661 0.545142 0.680897 0.549262 0.685962 0.549605 0.798842 0.597666 0.798842 0.597666 0.771346 0.589427 0.770622
0 0.482664 0.637482 0.482664 0.798842 0.530038 0.798842 0.530038 0.771346 0.493306 0.770622 0.493306 0.651954 0.522829 0.651230 0.528665 0.659190 0.530038 0.651230 0.523859 0.643271 0.493649 0.643271 0.493306 0.637482
0 0.658084 0.634588 0.654308 0.634588 0.654308 0.770622 0.616203 0.771346 0.616203 0.798842 0.658084 0.798842 0.658084 0.680897 0.675935 0.680174 0.675935 0.672938 0.658084 0.672214
0 0.797803 0.479740 0.797803 0.486975 0.859938 0.487699 0.859938 0.775687 0.859252 0.776411 0.859252 0.798842 0.864058 0.798842 0.864058 0.776411 0.863371 0.775687 0.863371 0.487699 0.864744 0.486975 0.864744 0.479740
0 0.744250 0.479740 0.744250 0.680174 0.763817 0.680897 0.763817 0.775687 0.741847 0.776411 0.741847 0.798842 0.794370 0.798842 0.794370 0.776411 0.768623 0.775687 0.768623 0.672214 0.747683 0.671491 0.747683 0.487699 0.771026 0.486975 0.771026 0.479740
0 0.633368 0.364689 0.633368 0.373372 0.654308 0.374096 0.654308 0.471780 0.658084 0.471780 0.658084 0.398698 0.679368 0.397974 0.679368 0.364689
0 0.482664 0.350941 0.482664 0.581042 0.584277 0.580318 0.584621 0.588278 0.589427 0.588278 0.589770 0.580318 0.605218 0.580318 0.605561 0.536903 0.653965 0.536903 0.654308 0.583213 0.658084 0.583213 0.658084 0.528220 0.654308 0.528220 0.653965 0.529667 0.601785 0.529667 0.601442 0.573082 0.493649 0.573082 0.493306 0.374096 0.520082 0.373372 0.520082 0.350941
0 0.590113 0.350941 0.590113 0.373372 0.601785 0.373372 0.601785 0.348770 0.593546 0.348770 0.593203 0.350941
0 0.593546 0.277858 0.593546 0.287988 0.601785 0.287988 0.601785 0.277858
0 0.925850 0.065123 0.925850 0.089001 0.963268 0.089725 0.963268 0.363965 0.882939 0.364689 0.882939 0.372648 0.894267 0.373372 0.894267 0.432706 0.897700 0.432706 0.898043 0.372648 0.963268 0.373372 0.962925 0.479740 0.898043 0.479740 0.897700 0.478292 0.894267 0.478292 0.893237 0.479740 0.893237 0.486975 0.963268 0.487699 0.963268 0.775687 0.934089 0.776411 0.934089 0.798842 0.973910 0.798842 0.973910 0.065123
0 0.796773 0.065123 0.796773 0.089001 0.826982 0.089725 0.826982 0.363965 0.744250 0.364689 0.744250 0.372648 0.854102 0.372648 0.854102 0.364689 0.830072 0.363965 0.830072 0.089725 0.855819 0.089001 0.855819 0.065123
0 0.593546 0.128799 0.601785 0.128799 0.602128 0.089001 0.753862 0.089001 0.753862 0.065123 0.593546 0.065123
1 0.713354 0.776411 0.713354 0.798842 0.741504 0.798842 0.741504 0.776411
1 0.676279 0.672938 0.676279 0.680174 0.697563 0.680174 0.697563 0.672938
1 0.530038 0.652677 0.529008 0.659190 0.544113 0.679450 0.545142 0.679450 0.546516 0.672214 0.531754 0.653401
1 0.584621 0.589001 0.584621 0.640376 0.589427 0.640376 0.589427 0.589001
1 0.654308 0.583936 0.654308 0.633864 0.658084 0.633864 0.658084 0.583936
1 0.482664 0.581766 0.482664 0.636758 0.493306 0.636758 0.493306 0.581766
1 0.865088 0.479740 0.865088 0.486975 0.892894 0.486975 0.892894 0.479740
1 0.771370 0.479740 0.771370 0.486975 0.797460 0.486975 0.797460 0.479740
1 0.654308 0.472504 0.654308 0.527496 0.658084 0.527496 0.658084 0.472504
1 0.894267 0.433430 0.894267 0.477569 0.897700 0.477569 0.897700 0.433430
1 0.854446 0.364689 0.854446 0.372648 0.882595 0.372648 0.882595 0.364689
1 0.593546 0.288712 0.593546 0.348046 0.601785 0.348046 0.601785 0.288712
2 0.864401 0.776411 0.864401 0.798842 0.933745 0.798842 0.933745 0.776411
2 0.794713 0.776411 0.794713 0.798842 0.858908 0.798842 0.858908 0.776411
2 0.702369 0.776411 0.702369 0.798842 0.713011 0.798842 0.713011 0.776411
2 0.658428 0.776411 0.658428 0.798842 0.677309 0.798842 0.677309 0.776411
2 0.598009 0.771346 0.598009 0.798842 0.615860 0.798842 0.615860 0.771346
2 0.530381 0.771346 0.530381 0.798842 0.549262 0.798842 0.548919 0.771346
2 0.520426 0.350941 0.520426 0.373372 0.589770 0.373372 0.589770 0.350941
2 0.593546 0.129522 0.593546 0.277135 0.601785 0.277135 0.601785 0.129522
2 0.856162 0.065123 0.856162 0.089001 0.925506 0.089001 0.925506 0.065123
2 0.754205 0.065123 0.754205 0.089001 0.796430 0.089001 0.796430 0.065123
