0 0.378903 0.845318 0.368776 0.845318 0.367932 0.849498 0.335021 0.849498 0.334177 0.905518 0.117300 0.905518 0.117300 0.917224 0.108017 0.921405 0.096203 0.930602 0.075105 0.956522 0.058228 0.955686 0.058228 0.915552 0.081857 0.914716 0.081857 0.905518 0.077637 0.904682 0.077637 0.855351 0.040506 0.855351 0.040506 0.964883 0.095359 0.964883 0.142616 0.943144 0.393249 0.943144 0.393249 0.905518 0.343460 0.904682 0.343460 0.860368 0.378903 0.859532
0 0.453165 0.943144 0.572996 0.942308 0.573840 0.922241 0.960338 0.922241 0.960338 0.848662 0.929958 0.828595 0.934177 0.822742 0.924895 0.836120 0.924051 0.887124 0.555274 0.887124 0.554430 0.787625 0.535865 0.787625 0.535865 0.904682 0.453165 0.905518
0 0.962025 0.780100 0.992405 0.800167 0.999156 0.790970 0.999156 0.780100
0 0.999156 0.688963 0.994093 0.682274 0.973840 0.696488 0.963713 0.698997 0.962025 0.701505 0.999156 0.701505
0 0.535865 0.545151 0.535865 0.702341 0.555274 0.702341 0.555274 0.596154 0.658228 0.595318 0.658228 0.584448 0.556118 0.584448 0.555274 0.545151
0 0.061603 0.523411 0.040506 0.541806 0.040506 0.626254 0.077637 0.626254 0.077637 0.559365 0.086920 0.551003
0 0.433755 0.523411 0.362869 0.523411 0.351899 0.514214 0.340084 0.528428 0.343460 0.530936 0.341772 0.531773 0.340928 0.772575 0.149367 0.773411 0.132489 0.755017 0.126582 0.761706 0.134177 0.770067 0.135021 0.773411 0.078481 0.773411 0.077637 0.727425 0.096203 0.726589 0.102954 0.734114 0.109705 0.728261 0.101266 0.718227 0.040506 0.719064 0.040506 0.806856 0.077637 0.806856 0.078481 0.781773 0.367932 0.780100 0.368776 0.788462 0.378903 0.788462 0.378903 0.532609 0.433755 0.531773
0 0.961181 0.500000 0.924051 0.500000 0.923207 0.584448 0.745148 0.584448 0.745148 0.595318 0.923207 0.595318 0.924051 0.643813 0.930802 0.653846 0.961181 0.632943
0 0.326582 0.372910 0.291139 0.362040 0.275949 0.392977 0.260759 0.411371 0.242194 0.428930 0.210127 0.447324 0.178903 0.458194 0.166245 0.460702 0.132489 0.459866 0.099578 0.489130 0.102954 0.485786 0.129114 0.513378 0.148523 0.496656 0.162025 0.496656 0.200844 0.488294 0.218565 0.516722 0.240506 0.509197 0.237975 0.500000 0.221097 0.505853 0.210127 0.486622 0.232911 0.477425 0.256540 0.463211 0.284388 0.484950 0.271730 0.489130 0.275105 0.497492 0.294515 0.492475 0.305485 0.478261 0.271730 0.451505 0.288608 0.435619 0.307173 0.413880 0.324895 0.380435
0 0.300422 0.334448 0.335865 0.345318 0.339241 0.319398 0.400844 0.319398 0.400844 0.299331 0.392405 0.299331 0.391561 0.311037 0.339241 0.311037 0.338397 0.294314 0.302110 0.301003
0 0.924051 0.247492 0.924051 0.307692 0.845570 0.308528 0.845570 0.327759 0.923207 0.327759 0.924051 0.375418 0.961181 0.375418 0.961181 0.247492
0 0.280169 0.231605 0.289451 0.248328 0.295359 0.270067 0.297890 0.271739 0.332489 0.265050 0.324051 0.234114 0.319831 0.226589 0.320675 0.224916 0.391561 0.224916 0.392405 0.254181 0.400844 0.254181 0.400844 0.225753 0.407595 0.224916 0.407595 0.214883 0.314768 0.214883 0.311392 0.211538 0.282700 0.231605
0 0.260759 0.000000 0.260759 0.204013 0.265823 0.211538 0.297046 0.190635 0.297046 0.046823 0.373840 0.045987 0.374684 0.037625 0.420253 0.037625 0.421097 0.097826 0.457384 0.098662 0.457384 0.214047 0.451477 0.214883 0.451477 0.224916 0.457384 0.225753 0.457384 0.255017 0.474262 0.269231 0.480169 0.263378 0.476793 0.260033 0.476793 0.038462 0.632911 0.038462 0.632911 0.307692 0.534177 0.308528 0.524895 0.300167 0.518987 0.306856 0.535865 0.321070 0.535865 0.418060 0.554430 0.418060 0.555274 0.327759 0.757806 0.327759 0.757806 0.308528 0.646414 0.307692 0.646414 0.254181 0.641350 0.253344 0.642194 0.045987 0.697046 0.045987 0.697890 0.036789 0.871730 0.036789 0.872574 0.045987 0.923207 0.045987 0.924051 0.122910 0.961181 0.122910 0.961181 0.000000
1 0.394093 0.905518 0.394093 0.943144 0.452321 0.943144 0.452321 0.905518
1 0.082700 0.905518 0.082700 0.914716 0.116456 0.914716 0.116456 0.905518
1 0.368776 0.789298 0.368776 0.844482 0.378903 0.844482 0.378903 0.789298
1 0.535865 0.745819 0.535865 0.786789 0.554430 0.786789 0.555274 0.745819
1 0.110549 0.728261 0.102954 0.734950 0.125738 0.760870 0.132489 0.754181
1 0.535865 0.703177 0.535865 0.744147 0.555274 0.744147 0.555274 0.703177
1 0.659072 0.584448 0.659072 0.595318 0.744304 0.595318 0.744304 0.584448
1 0.270886 0.489967 0.238819 0.500000 0.241350 0.509197 0.274262 0.498328
1 0.102954 0.486622 0.061603 0.522575 0.087764 0.551003 0.128270 0.514214
1 0.306329 0.479097 0.294515 0.493311 0.339241 0.528428 0.351055 0.514214
1 0.802532 0.308528 0.802532 0.327759 0.844726 0.327759 0.844726 0.308528
1 0.758650 0.308528 0.758650 0.327759 0.800844 0.327759 0.800844 0.308528
1 0.481013 0.263378 0.475105 0.270067 0.518143 0.306020 0.524051 0.299331
1 0.392405 0.255017 0.392405 0.298495 0.400844 0.298495 0.400844 0.255017
1 0.408439 0.214883 0.408439 0.224916 0.450633 0.224916 0.450633 0.214883
2 0.040506 0.807692 0.040506 0.854515 0.077637 0.854515 0.077637 0.807692
2 0.962025 0.780936 0.930802 0.828595 0.961181 0.848662 0.992405 0.801003
2 0.962025 0.702341 0.962025 0.779264 0.999156 0.779264 0.999156 0.702341
2 0.961181 0.633779 0.930802 0.654682 0.961181 0.698997 0.973840 0.695652 0.994093 0.681438
2 0.040506 0.627090 0.040506 0.718227 0.076793 0.718227 0.077637 0.627090
2 0.924051 0.376254 0.924051 0.499164 0.961181 0.499164 0.961181 0.376254
2 0.299578 0.335284 0.291983 0.361204 0.327426 0.372074 0.335021 0.346154
2 0.333333 0.265886 0.296203 0.272575 0.302110 0.300167 0.338397 0.293478
2 0.297890 0.191472 0.292827 0.193144 0.266667 0.211538 0.281013 0.231605 0.311392 0.210702
2 0.924051 0.123746 0.924051 0.246656 0.961181 0.246656 0.961181 0.123746
