0 0.025240 0.749595 0.025240 0.928687 0.098558 0.928687 0.098558 0.901945 0.070913 0.901135 0.070913 0.749595
0 0.537260 0.608590 0.441106 0.608590 0.441106 0.617504 0.524038 0.618314 0.524038 0.861426 0.519231 0.862237 0.519231 0.901135 0.159856 0.901945 0.159856 0.928687 0.431490 0.928687 0.432692 0.918152 0.580529 0.918152 0.580529 0.901945 0.537260 0.901135
0 0.025240 0.581037 0.025240 0.627229 0.070913 0.627229 0.072115 0.617504 0.340144 0.617504 0.340144 0.608590 0.072115 0.608590 0.070913 0.581037
0 0.025240 0.189627 0.025240 0.457050 0.070913 0.457050 0.070913 0.214749 0.115385 0.213938 0.115385 0.189627
0 0.326923 0.100486 0.326923 0.188817 0.180288 0.189627 0.180288 0.213938 0.379808 0.214749 0.379808 0.381686 0.304087 0.382496 0.304087 0.415721 0.393029 0.415721 0.393029 0.214749 0.430288 0.213938 0.430288 0.189627 0.349760 0.188817 0.349760 0.100486
0 0.814904 0.012966 0.816106 0.188817 0.748798 0.189627 0.748798 0.213938 0.814904 0.214749 0.814904 0.597245 0.692308 0.598055 0.692308 0.649109 0.701923 0.649109 0.703125 0.604538 0.853365 0.604538 0.854567 0.631280 0.960337 0.632091 0.960337 0.895462 0.781250 0.896272 0.780048 0.779579 0.877404 0.778768 0.877404 0.775527 0.881010 0.774716 0.881010 0.768233 0.717548 0.768233 0.716346 0.735818 0.701923 0.735008 0.701923 0.716370 0.692308 0.716370 0.692308 0.774716 0.763221 0.775527 0.763221 0.901135 0.682692 0.901945 0.682692 0.918152 0.992788 0.918152 0.992788 0.582658 0.838942 0.581848 0.838942 0.012966
0 0.331731 0.012966 0.331731 0.026742 0.349760 0.026742 0.352163 0.025122 0.352163 0.012966
1 0.581731 0.901945 0.581731 0.918152 0.681490 0.918152 0.681490 0.901945
1 0.882212 0.768233 0.882212 0.774716 0.959135 0.774716 0.959135 0.768233
1 0.692308 0.649919 0.692308 0.715559 0.701923 0.715559 0.701923 0.649919
1 0.341346 0.608590 0.341346 0.617504 0.439904 0.617504 0.439904 0.608590
1 0.431490 0.189627 0.431490 0.213938 0.528846 0.213938 0.528846 0.189627
2 0.099760 0.901945 0.099760 0.928687 0.158654 0.928687 0.158654 0.901945
2 0.025240 0.628039 0.025240 0.748784 0.070913 0.748784 0.070913 0.628039
2 0.025240 0.457861 0.025240 0.580227 0.070913 0.580227 0.070913 0.457861
2 0.532452 0.189627 0.532452 0.213938 0.747596 0.213938 0.747596 0.189627
2 0.116587 0.189627 0.116587 0.213938 0.179087 0.213938 0.179087 0.189627
2 0.331731 0.027553 0.331731 0.099676 0.349760 0.099676 0.349760 0.027553
2 0.353365 0.012966 0.353365 0.025122 0.813702 0.025122 0.813702 0.012966
