0 0.491186 0.432411 0.471955 0.432411 0.471955 0.483794 0.368590 0.483794 0.367788 0.447431 0.391026 0.435573 0.420673 0.435573 0.420673 0.432411 0.395833 0.432411 0.383013 0.424901 0.377404 0.427273 0.386218 0.433202 0.361378 0.446245 0.361378 0.518972 0.315705 0.519368 0.315705 0.531225 0.385417 0.531225 0.386218 0.495652 0.490385 0.495652 0.490385 0.483794 0.480769 0.483399 0.480769 0.435968 0.491186 0.435573
0 0.580128 0.380632 0.580128 0.432016 0.566506 0.432411 0.566506 0.435573 0.581731 0.435968 0.581731 0.483399 0.565705 0.483794 0.565705 0.495652 0.671474 0.495652 0.671474 0.483794 0.588141 0.483399 0.588141 0.380632
0 0.580128 0.341897 0.580128 0.348221 0.588141 0.348221 0.588141 0.346245 0.591346 0.345850 0.591346 0.341897
0 0.292468 0.210277 0.292468 0.222134 0.339744 0.222530 0.338942 0.371146 0.346955 0.371146 0.347756 0.345850 0.470353 0.345850 0.470353 0.341897 0.346955 0.341502 0.347756 0.209091 0.323718 0.209091 0.322917 0.210277
0 0.545673 0.160474 0.545673 0.172332 0.661058 0.172727 0.661058 0.341502 0.659455 0.341897 0.659455 0.345850 0.672276 0.345850 0.672276 0.341897 0.669071 0.341502 0.669071 0.172727 0.689904 0.172332 0.689904 0.160474
0 0.443910 0.160474 0.443910 0.172332 0.447917 0.172332 0.447917 0.160474
0 0.323718 0.160474 0.323718 0.177075 0.347756 0.177075 0.348558 0.160474
0 0.912660 0.013439 0.912660 0.160079 0.833333 0.160474 0.833333 0.172332 0.907853 0.172727 0.907853 0.341502 0.738782 0.341897 0.738782 0.345850 0.907853 0.346245 0.907853 0.483399 0.818910 0.483794 0.818910 0.495652 0.904647 0.496047 0.904647 0.575889 0.913462 0.576285 0.913462 0.791700 0.921474 0.791700 0.921474 0.576285 0.924679 0.575889 0.924679 0.013439
0 0.116186 0.013439 0.104167 0.013439 0.104167 0.209881 0.096154 0.210277 0.096955 0.909486 0.109776 0.909486 0.109776 0.710277 0.357372 0.709881 0.357372 0.702767 0.344551 0.702767 0.343750 0.703557 0.109776 0.703162 0.110577 0.636759 0.343750 0.636759 0.344551 0.669565 0.357372 0.669565 0.357372 0.630435 0.109776 0.630040 0.109776 0.531621 0.242788 0.531225 0.241987 0.477075 0.236378 0.474308 0.229167 0.477470 0.231571 0.479051 0.230769 0.519368 0.115385 0.518972 0.115385 0.457708 0.190705 0.457312 0.193910 0.458498 0.200321 0.455336 0.194712 0.452174 0.115385 0.451779 0.115385 0.408696 0.342949 0.408300 0.348558 0.411462 0.346955 0.409881 0.352564 0.407905 0.346955 0.404348 0.346955 0.402767 0.338942 0.402767 0.338141 0.404348 0.115385 0.403953 0.114583 0.222530 0.144231 0.222134 0.144231 0.210277 0.116186 0.209881
1 0.344551 0.669960 0.344551 0.702372 0.357372 0.702372 0.357372 0.669960
1 0.491186 0.483794 0.491186 0.495652 0.564904 0.495652 0.564904 0.483794
1 0.201122 0.455336 0.193910 0.458893 0.228365 0.477470 0.236378 0.473913
1 0.491987 0.432411 0.491987 0.435573 0.565705 0.435573 0.565705 0.432411
1 0.421474 0.432411 0.421474 0.435573 0.471154 0.435573 0.471154 0.432411
1 0.353365 0.407905 0.347756 0.410672 0.376603 0.427273 0.382212 0.424506
1 0.338942 0.371542 0.338942 0.402372 0.346955 0.402372 0.346955 0.371542
1 0.580128 0.348617 0.580128 0.380237 0.588141 0.380237 0.588141 0.348617
1 0.673077 0.341897 0.673077 0.345850 0.737981 0.345850 0.737981 0.341897
1 0.323718 0.177470 0.323718 0.208696 0.347756 0.208696 0.347756 0.177470
2 0.243590 0.519368 0.243590 0.531225 0.314904 0.531225 0.314904 0.519368
2 0.672276 0.483794 0.672276 0.495652 0.818109 0.495652 0.818109 0.483794
2 0.592147 0.341897 0.592147 0.345850 0.658654 0.345850 0.658654 0.341897
2 0.145032 0.210277 0.145032 0.222134 0.291667 0.222134 0.291667 0.210277
2 0.690705 0.160474 0.690705 0.172332 0.832532 0.172332 0.832532 0.160474
2 0.448718 0.160474 0.448718 0.172332 0.544872 0.172332 0.544872 0.160474
2 0.349359 0.160474 0.349359 0.172332 0.443109 0.172332 0.443109 0.160474
