0 0.436735 0.903004 0.401020 0.902146 0.401020 0.849785 0.387755 0.849785 0.386735 0.903004 0.124490 0.903004 0.123469 0.857511 0.098980 0.857511 0.098980 0.923605 0.436735 0.923605
0 0.401020 0.608584 0.387755 0.608584 0.386735 0.663519 0.124490 0.663519 0.123469 0.613734 0.098980 0.613734 0.098980 0.752790 0.123469 0.752790 0.124490 0.674678 0.386735 0.674678 0.387755 0.792275 0.401020 0.792275
0 0.970408 0.277253 0.858163 0.277253 0.857143 0.251502 0.832653 0.251502 0.832653 0.327039 0.857143 0.327039 0.858163 0.286695 0.959184 0.287554 0.958163 0.427468 0.858163 0.427468 0.857143 0.390558 0.832653 0.390558 0.831633 0.417167 0.535714 0.417167 0.534694 0.368240 0.520408 0.368240 0.520408 0.416309 0.505102 0.417167 0.505102 0.428326 0.520408 0.429185 0.520408 0.902146 0.509184 0.903004 0.509184 0.923605 0.544898 0.923605 0.544898 0.438627 0.970408 0.437768
0 0.098980 0.239485 0.098980 0.511588 0.123469 0.511588 0.124490 0.428326 0.386735 0.428326 0.387755 0.551073 0.401020 0.551073 0.401020 0.417167 0.123469 0.416309 0.123469 0.239485
0 0.098980 0.026609 0.098980 0.133906 0.123469 0.133906 0.124490 0.047210 0.404082 0.047210 0.405102 0.206009 0.433673 0.206009 0.433673 0.194850 0.417347 0.193991 0.417347 0.048069 0.519388 0.048069 0.520408 0.193991 0.502041 0.194850 0.502041 0.206009 0.520408 0.206867 0.520408 0.248069 0.534694 0.248069 0.535714 0.048069 0.831633 0.048069 0.832653 0.095279 0.857143 0.095279 0.857143 0.027468
1 0.437755 0.903004 0.437755 0.923605 0.508163 0.923605 0.508163 0.903004
1 0.387755 0.793133 0.387755 0.848927 0.401020 0.848927 0.401020 0.793133
1 0.387755 0.551931 0.387755 0.607725 0.401020 0.607725 0.401020 0.551931
1 0.832653 0.327897 0.832653 0.389700 0.857143 0.389700 0.857143 0.327897
1 0.520408 0.248927 0.520408 0.367382 0.534694 0.367382 0.534694 0.248927
1 0.434694 0.194850 0.434694 0.206009 0.501020 0.206009 0.501020 0.194850
2 0.098980 0.753648 0.098980 0.856652 0.123469 0.856652 0.123469 0.753648
2 0.098980 0.512446 0.098980 0.612876 0.123469 0.612876 0.123469 0.512446
2 0.098980 0.134764 0.098980 0.238627 0.123469 0.238627 0.123469 0.134764
2 0.832653 0.096137 0.832653 0.250644 0.857143 0.250644 0.857143 0.096137
