0 0.488215 0.731429 0.456229 0.731429 0.456229 0.785306 0.400673 0.786122 0.400673 0.817143 0.493266 0.817143 0.493266 0.786122 0.474747 0.785306 0.474747 0.739592 0.488215 0.738776
0 0.343434 0.401633 0.343434 0.408980 0.444444 0.409796 0.444444 0.604898 0.459596 0.604898 0.459596 0.401633
0 0.420875 0.071020 0.420875 0.098776 0.471380 0.098776 0.471380 0.071020
0 0.954545 0.005714 0.946128 0.005714 0.944444 0.071020 0.609428 0.071020 0.609428 0.098776 0.930976 0.099592 0.930976 0.280000 0.634680 0.280816 0.634680 0.461224 0.653199 0.461224 0.653199 0.411429 0.664983 0.410612 0.664983 0.401633 0.653199 0.400816 0.653199 0.290612 0.930976 0.290612 0.930976 0.400816 0.772727 0.401633 0.772727 0.410612 0.914141 0.411429 0.914141 0.595102 0.654882 0.595918 0.653199 0.520000 0.634680 0.520000 0.634680 0.604898 0.930976 0.605714 0.930976 0.730612 0.813131 0.731429 0.813131 0.738776 0.929293 0.738776 0.929293 0.786122 0.717172 0.786122 0.715488 0.739592 0.718855 0.738776 0.718855 0.731429 0.644781 0.731429 0.644781 0.738776 0.702020 0.739592 0.702020 0.785306 0.648148 0.786122 0.648148 0.817143 0.671717 0.817959 0.671717 0.891429 0.690236 0.891429 0.691919 0.793469 0.941077 0.794286 0.941077 0.969796 0.691919 0.970612 0.690236 0.951837 0.671717 0.951837 0.671717 0.979592 0.954545 0.979592 0.954545 0.794286 0.966330 0.793469 0.966330 0.071020 0.954545 0.070204
0 0.050505 0.005714 0.050505 0.070204 0.038721 0.071020 0.038721 0.817143 0.138047 0.817143 0.138047 0.786122 0.074074 0.785306 0.074074 0.409796 0.176768 0.408980 0.176768 0.401633 0.074074 0.400816 0.074074 0.099592 0.112795 0.098776 0.112795 0.071020 0.058923 0.070204 0.058923 0.005714
1 0.671717 0.892245 0.671717 0.951020 0.690236 0.951020 0.690236 0.892245
1 0.494949 0.786122 0.494949 0.817143 0.646465 0.817143 0.646465 0.786122
1 0.720539 0.731429 0.720539 0.738776 0.811448 0.738776 0.811448 0.731429
1 0.489899 0.731429 0.489899 0.738776 0.643098 0.738776 0.643098 0.731429
1 0.634680 0.462041 0.634680 0.519184 0.653199 0.519184 0.653199 0.462041
1 0.666667 0.401633 0.666667 0.410612 0.771044 0.410612 0.771044 0.401633
1 0.473064 0.071020 0.473064 0.098776 0.607744 0.098776 0.607744 0.071020
2 0.139731 0.786122 0.139731 0.817143 0.398990 0.817143 0.398990 0.786122
2 0.114478 0.071020 0.114478 0.098776 0.419192 0.098776 0.419192 0.071020
