0 0.104790 0.705102 0.104790 0.771429 0.462874 0.771429 0.462874 0.756122 0.338922 0.756122 0.338323 0.707143 0.333533 0.707143 0.332934 0.756122 0.120958 0.756122 0.120359 0.705102
0 0.516168 0.668367 0.516168 0.755102 0.513772 0.756122 0.513772 0.771429 0.516168 0.772449 0.516168 0.911224 0.808383 0.911224 0.808383 0.894898 0.525749 0.895918 0.525150 0.668367
0 0.333533 0.642857 0.333533 0.645918 0.338323 0.645918 0.338323 0.642857
0 0.364072 0.579592 0.364072 0.582653 0.370659 0.582653 0.370659 0.579592
0 0.370659 0.472449 0.364671 0.472449 0.364072 0.477551 0.104790 0.477551 0.104790 0.491837 0.363473 0.492857 0.364072 0.496939 0.370659 0.496939
0 0.104790 0.172449 0.104790 0.261224 0.120359 0.261224 0.120958 0.203061 0.364072 0.203061 0.364671 0.389796 0.370659 0.389796 0.371257 0.366327 0.429940 0.366327 0.429940 0.356122 0.370659 0.355102 0.370659 0.273469 0.397006 0.272449 0.397605 0.203061 0.516766 0.204082 0.516766 0.355102 0.471257 0.356122 0.471257 0.366327 0.526347 0.366327 0.526946 0.203061 0.794611 0.203061 0.795210 0.205102 0.804192 0.205102 0.804790 0.203061 0.909581 0.203061 0.909581 0.567347 0.804790 0.567347 0.804192 0.561224 0.795210 0.561224 0.794611 0.567347 0.516168 0.567347 0.516168 0.585714 0.525150 0.585714 0.525749 0.582653 0.794611 0.582653 0.795210 0.644898 0.808383 0.644898 0.808982 0.582653 0.914371 0.582653 0.914371 0.187755 0.810180 0.187755 0.809581 0.172449
1 0.463473 0.756122 0.463473 0.771429 0.513174 0.771429 0.513174 0.756122
1 0.333533 0.646939 0.333533 0.706122 0.338323 0.706122 0.338323 0.646939
1 0.516168 0.586735 0.516168 0.667347 0.525150 0.667347 0.525150 0.586735
1 0.364072 0.497959 0.364072 0.578571 0.370659 0.578571 0.370659 0.497959
1 0.795210 0.485714 0.795210 0.560204 0.804192 0.560204 0.804192 0.485714
1 0.364671 0.390816 0.364671 0.471429 0.370659 0.471429 0.370659 0.390816
1 0.430539 0.356122 0.430539 0.366327 0.470659 0.366327 0.470659 0.356122
2 0.795210 0.645918 0.795210 0.893878 0.808383 0.893878 0.808383 0.645918
2 0.104790 0.492857 0.104790 0.704082 0.120359 0.704082 0.120359 0.493878
2 0.104790 0.262245 0.104790 0.476531 0.120359 0.476531 0.120359 0.262245
2 0.795210 0.206122 0.795210 0.483673 0.804192 0.483673 0.804192 0.206122
