0 0.517874 0.696410 0.509179 0.696410 0.508213 0.702564 0.455072 0.702564 0.454106 0.876923 0.520773 0.876923 0.520773 0.848205 0.462802 0.847179 0.462802 0.711795 0.522705 0.709744 0.522705 0.702564 0.517874 0.701538
0 0.611594 0.624615 0.611594 0.701538 0.604831 0.702564 0.604831 0.709744 0.610628 0.710769 0.610628 0.847179 0.605797 0.848205 0.605797 0.876923 0.621256 0.876923 0.621256 0.848205 0.619324 0.847179 0.619324 0.624615
0 0.517874 0.469744 0.509179 0.469744 0.508213 0.474872 0.454106 0.474872 0.454106 0.607179 0.508213 0.607179 0.509179 0.610256 0.517874 0.610256 0.517874 0.597949 0.462802 0.596923 0.462802 0.485128 0.517874 0.484103
0 0.753623 0.207179 0.753623 0.219487 0.774879 0.219487 0.774879 0.207179
0 0.605797 0.063590 0.605797 0.092308 0.676329 0.093333 0.676329 0.221538 0.688889 0.219487 0.688889 0.207179 0.686957 0.206154 0.686957 0.063590
0 0.458937 0.063590 0.458937 0.092308 0.509179 0.093333 0.509179 0.381538 0.517874 0.381538 0.517874 0.371282 0.519807 0.370256 0.519807 0.362051 0.517874 0.361026 0.517874 0.093333 0.520773 0.092308 0.520773 0.063590
0 0.337198 0.063590 0.337198 0.092308 0.341063 0.092308 0.341063 0.063590
0 0.937198 0.000000 0.931401 0.000000 0.930435 0.063590 0.803865 0.063590 0.803865 0.097436 0.915942 0.098462 0.915942 0.206154 0.905314 0.207179 0.905314 0.219487 0.919807 0.220513 0.919807 0.390769 0.828986 0.391795 0.828019 0.358974 0.685024 0.358974 0.684058 0.299487 0.676329 0.299487 0.675362 0.362051 0.603865 0.362051 0.603865 0.370256 0.676329 0.371282 0.676329 0.458462 0.684058 0.458462 0.685024 0.401026 0.926570 0.402051 0.925604 0.527179 0.685024 0.527179 0.684058 0.525128 0.676329 0.525128 0.675362 0.527179 0.610628 0.527179 0.610628 0.535385 0.926570 0.536410 0.926570 0.847179 0.767150 0.848205 0.767150 0.876923 0.957488 0.876923 0.957488 0.063590 0.937198 0.062564
0 0.098551 0.000000 0.098551 0.062564 0.079227 0.063590 0.079227 0.876923 0.307246 0.876923 0.307246 0.848205 0.112077 0.847179 0.112077 0.093333 0.219324 0.092308 0.219324 0.063590 0.105314 0.063590 0.104348 0.000000
1 0.521739 0.848205 0.521739 0.876923 0.604831 0.876923 0.604831 0.848205
1 0.523671 0.702564 0.523671 0.709744 0.603865 0.709744 0.603865 0.702564
1 0.509179 0.611282 0.509179 0.695385 0.517874 0.695385 0.517874 0.611282
1 0.676329 0.459487 0.676329 0.524103 0.684058 0.524103 0.684058 0.459487
1 0.509179 0.382564 0.509179 0.468718 0.517874 0.468718 0.517874 0.382564
1 0.520773 0.362051 0.520773 0.370256 0.602899 0.370256 0.602899 0.362051
1 0.676329 0.222564 0.676329 0.298462 0.684058 0.298462 0.684058 0.222564
1 0.689855 0.207179 0.689855 0.219487 0.752657 0.219487 0.752657 0.207179
1 0.521739 0.063590 0.521739 0.092308 0.604831 0.092308 0.604831 0.063590
2 0.622222 0.848205 0.622222 0.876923 0.766184 0.876923 0.766184 0.848205
2 0.308213 0.848205 0.308213 0.876923 0.453140 0.876923 0.453140 0.848205
2 0.775845 0.207179 0.775845 0.219487 0.904348 0.219487 0.904348 0.207179
2 0.687923 0.063590 0.687923 0.097436 0.802899 0.097436 0.802899 0.063590
2 0.342029 0.063590 0.342029 0.092308 0.457971 0.092308 0.457971 0.063590
2 0.220290 0.063590 0.220290 0.092308 0.336232 0.092308 0.336232 0.063590
