0 0.627032 0.608511 0.617622 0.608511 0.617622 0.759878 0.558597 0.760486 0.558597 0.783587 0.629598 0.783587 0.629598 0.760486 0.627032 0.759878
0 0.405475 0.597568 0.405475 0.759878 0.350727 0.760486 0.350727 0.783587 0.471343 0.783587 0.471343 0.760486 0.416595 0.759878 0.416595 0.597568
0 0.779299 0.596353 0.768178 0.596353 0.768178 0.759878 0.709153 0.760486 0.709153 0.783587 0.751069 0.784195 0.751069 0.873556 0.758768 0.873556 0.758768 0.784195 0.828914 0.783587 0.828914 0.760486 0.779299 0.759878 0.779299 0.674164 0.786997 0.673556 0.786997 0.658967 0.779299 0.658359
0 0.881095 0.157447 0.881095 0.180547 0.934132 0.181155 0.934132 0.453495 0.782720 0.454103 0.776732 0.445593 0.767322 0.448632 0.770744 0.453495 0.764756 0.454103 0.764756 0.539818 0.768178 0.540426 0.768178 0.546505 0.779299 0.546505 0.780154 0.460790 0.934132 0.461398 0.934132 0.605471 0.923011 0.606079 0.923011 0.658359 0.857143 0.658967 0.857143 0.673556 0.923011 0.674164 0.923011 0.759878 0.883661 0.760486 0.883661 0.783587 0.957228 0.783587 0.957228 0.157447
0 0.624465 0.157447 0.624465 0.180547 0.628743 0.180547 0.628743 0.157447
0 0.535500 0.157447 0.535500 0.180547 0.543199 0.180547 0.543199 0.157447
0 0.355004 0.157447 0.355004 0.180547 0.405475 0.181155 0.405475 0.378116 0.416595 0.378116 0.416595 0.181155 0.464500 0.180547 0.464500 0.157447
0 0.136014 0.157447 0.136014 0.454103 0.168520 0.454103 0.169376 0.439514 0.288281 0.440122 0.287425 0.533131 0.169376 0.533131 0.168520 0.502736 0.136014 0.502736 0.136014 0.783587 0.179641 0.784195 0.179641 0.922796 0.589393 0.922796 0.589393 0.866261 0.576561 0.866261 0.575706 0.916109 0.192472 0.915502 0.192472 0.784195 0.245509 0.783587 0.245509 0.760486 0.168520 0.759878 0.168520 0.540426 0.404619 0.539818 0.405475 0.547720 0.416595 0.547720 0.416595 0.426140 0.405475 0.426140 0.404619 0.432827 0.364414 0.432827 0.364414 0.439514 0.405475 0.440122 0.404619 0.533131 0.297690 0.532523 0.297690 0.440122 0.302823 0.439514 0.302823 0.432827 0.168520 0.432219 0.168520 0.181155 0.250642 0.180547 0.250642 0.157447
0 0.426005 0.045593 0.426005 0.051672 0.743370 0.052280 0.743370 0.156839 0.710009 0.157447 0.710009 0.180547 0.737382 0.181155 0.737382 0.400608 0.739093 0.403040 0.747648 0.400608 0.746792 0.181155 0.793841 0.180547 0.793841 0.157447 0.752780 0.156839 0.752780 0.045593
1 0.630453 0.760486 0.630453 0.783587 0.708298 0.783587 0.708298 0.760486
1 0.787853 0.658967 0.787853 0.673556 0.856287 0.673556 0.856287 0.658967
1 0.405475 0.548328 0.405475 0.596960 0.416595 0.596960 0.416595 0.548328
1 0.768178 0.547112 0.768178 0.595745 0.779299 0.595745 0.779299 0.547112
1 0.136014 0.454711 0.136014 0.502128 0.168520 0.502128 0.168520 0.454711
1 0.303678 0.432827 0.303678 0.439514 0.363559 0.439514 0.363559 0.432827
1 0.748503 0.400608 0.739949 0.404255 0.768178 0.448024 0.775877 0.444377
1 0.405475 0.378723 0.405475 0.425532 0.416595 0.425532 0.416595 0.378723
1 0.465355 0.157447 0.465355 0.180547 0.534645 0.180547 0.534645 0.157447
2 0.829769 0.760486 0.829769 0.783587 0.882806 0.783587 0.882806 0.760486
2 0.472198 0.760486 0.472198 0.783587 0.557742 0.783587 0.557742 0.760486
2 0.246364 0.760486 0.246364 0.783587 0.349872 0.783587 0.349872 0.760486
2 0.794696 0.157447 0.794696 0.180547 0.880240 0.180547 0.880240 0.157447
2 0.629598 0.157447 0.629598 0.180547 0.709153 0.180547 0.709153 0.157447
2 0.544055 0.157447 0.544055 0.180547 0.623610 0.180547 0.623610 0.157447
2 0.251497 0.157447 0.251497 0.180547 0.354149 0.180547 0.354149 0.157447
